code.string(),date.date(2006-01-02),open.double(),high.double(),low.double(),close.double(),change.double(),volume.double(),money.double(),traded_market_value.double(),market_value.double(),turnover.double(),adjust_price.double(),report_type.string(),report_date.date(2006-01-02),PE_TTM.double(),PS_TTM.double(),PC_TTM.double(),PB.double(),adjust_price_f.double()
sz002863,2019-06-10,5.740000,5.900000,5.690000,5.870000,0.024433,1318090.000000,7685197.000000,1090545030.130000,2210348500.000000,0.007095,10.059407,2018-09-30,2018-10-30,21.900783,,15.292445,2.350477,5.870000
sz002863,2019-06-06,5.850000,5.890000,5.690000,5.730000,-0.022184,1343582.000000,7748097.000000,1064535438.270000,2157631500.000000,0.007232,9.819489,2018-09-30,2018-10-30,21.378447,,14.927719,2.294418,5.730000
sz002863,2019-06-05,5.970000,5.970000,5.850000,5.860000,-0.008460,1301307.000000,7687631.120000,1088687202.140000,2206583000.000000,0.007004,10.042270,2018-09-30,2018-10-30,21.863473,,15.266393,2.346473,5.860000
sz002863,2019-06-04,5.990000,6.060000,5.850000,5.910000,-0.023140,1604607.000000,9511343.890000,1097976342.090000,2225410500.000000,0.008637,10.127955,2018-09-30,2018-10-30,22.050022,,15.396652,2.366494,5.910000
sz002863,2019-06-03,6.160000,6.180000,6.010000,6.050000,-0.016260,1368521.000000,8318508.010000,1123985933.950000,2278127500.000000,0.007366,10.367872,2018-09-30,2018-10-30,22.572357,,15.761378,2.422553,6.050000
sz002863,2019-05-31,6.150000,6.200000,6.120000,6.150000,0.001629,1230425.000000,7576660.820000,1142564213.850000,2315782500.000000,0.006623,10.539242,2018-09-30,2018-10-30,22.945454,,16.021897,2.462595,6.150000
sz002863,2019-05-30,6.160000,6.180000,6.050000,6.140000,-0.003247,1576480.000000,9645561.380000,1140706385.860000,2312017000.000000,0.008486,10.522105,2018-09-30,2018-10-30,22.908144,,15.995845,2.458591,6.140000
sz002863,2019-05-29,6.100000,6.210000,6.080000,6.160000,0.006536,1635590.000000,10097781.900000,1144422041.840000,2319548000.000000,0.008804,10.556379,2018-09-30,2018-10-30,22.982764,,16.047949,2.466600,6.160000
sz002863,2019-05-28,6.110000,6.220000,6.100000,6.120000,-0.004878,1753770.000000,10826294.100000,1136990729.880000,2304486000.000000,0.009440,10.487831,2018-09-30,2018-10-30,22.833525,,15.943742,2.450583,6.120000
sz002863,2019-05-27,5.970000,6.150000,5.900000,6.150000,0.026711,1767020.000000,10681984.600000,1142564213.850000,2315782500.000000,0.009511,10.539242,2018-09-30,2018-10-30,22.945454,,16.021897,2.462595,6.150000
sz002863,2019-05-24,5.970000,6.070000,5.940000,5.990000,0.000000,1712105.000000,10285949.200000,1112838966.010000,2255534500.000000,0.009216,10.265051,2018-09-30,2018-10-30,22.348499,,15.605067,2.398528,5.990000
sz002863,2019-05-23,6.150000,6.150000,5.950000,5.990000,-0.024430,1819305.000000,10973936.650000,1112838966.010000,2255534500.000000,0.009793,10.265051,2018-09-30,2018-10-30,22.348499,,15.605067,2.398528,5.990000
sz002863,2019-05-22,6.200000,6.300000,6.120000,6.160000,-0.008052,2035602.000000,12637231.940000,1144422041.840000,2319548000.000000,0.010957,10.522105,2018-09-30,2018-10-30,22.908144,,15.995845,2.458591,6.140000
sz002863,2019-05-21,6.040000,6.260000,5.980000,6.210000,0.026446,2445122.000000,15108793.220000,1153711181.790000,2338375500.000000,0.013161,10.607512,2018-09-30,2018-10-30,23.094087,,16.125682,2.478547,6.189838
sz002863,2019-05-20,6.010000,6.070000,5.810000,6.050000,0.006656,2195940.000000,13091025.500000,1123985933.950000,2278127500.000000,0.011820,10.334211,2018-09-30,2018-10-30,22.499070,,15.710205,2.414688,6.030357
sz002863,2019-05-17,6.280000,6.320000,5.990000,6.010000,-0.042994,3310800.000000,20262528.660000,1116554621.990000,2263065500.000000,0.017821,10.265885,2018-09-30,2018-10-30,22.350316,,15.606336,2.398723,5.990487
sz002863,2019-05-16,6.270000,6.340000,6.250000,6.280000,-0.011024,2693442.000000,16933721.320000,1166715977.720000,2364734000.000000,0.014498,10.727081,2018-09-30,2018-10-30,23.354407,,16.307453,2.506486,6.259610
sz002863,2019-05-15,6.460000,6.470000,6.260000,6.350000,-0.003140,4083272.000000,25852406.580000,1179720773.650000,2391092500.000000,0.021979,10.846651,2018-09-30,2018-10-30,23.614727,,16.489224,2.534424,6.329383
sz002863,2019-05-14,6.200000,6.670000,6.150000,6.370000,0.017572,5068856.000000,32412911.820000,1183436429.630000,2398623500.000000,0.027284,10.880813,2018-09-30,2018-10-30,23.689104,,16.541158,2.542407,6.349318
sz002863,2019-05-13,6.110000,6.440000,6.060000,6.260000,0.011309,3406080.000000,21380516.000000,1163000321.740000,2357203000.000000,0.018334,10.692919,2018-09-30,2018-10-30,23.280030,,16.255518,2.498503,6.239675
sz002863,2019-05-10,6.020000,6.250000,5.930000,6.190000,0.035117,3192194.000000,19627372.740000,1149995525.810000,2330844500.000000,0.017182,10.573349,2018-09-30,2018-10-30,23.019710,,16.073747,2.470565,6.169903
sz002863,2019-05-09,6.010000,6.070000,5.960000,5.980000,-0.004992,1812250.000000,10892246.880000,1110981138.020000,2251769000.000000,0.009755,10.214641,2018-09-30,2018-10-30,22.238750,,15.528434,2.386749,5.960584
sz002863,2019-05-08,5.820000,6.080000,5.820000,6.010000,0.011785,2879950.000000,17291946.300000,1116554621.990000,2263065500.000000,0.015502,10.265885,2018-09-30,2018-10-30,22.350316,,15.606336,2.398723,5.990487
sz002863,2019-05-07,5.860000,6.010000,5.800000,5.940000,0.017123,2476842.000000,14666953.700000,1103549826.060000,2236707000.000000,0.013332,10.146316,2018-09-30,2018-10-30,22.089996,,15.424565,2.370784,5.920714
sz002863,2019-05-06,6.150000,6.270000,5.750000,5.840000,-0.074485,3530472.000000,21241641.160000,1084971546.160000,2199052000.000000,0.019003,9.975502,2018-09-30,2018-10-30,21.718111,,15.164892,2.330872,5.821039
sz002863,2019-04-30,6.230000,6.420000,6.200000,6.310000,0.016103,2322603.000000,14713001.360000,1172289461.690000,2376030500.000000,0.012502,10.778325,2018-09-30,2018-10-30,23.465972,,16.385354,2.518459,6.289513
sz002863,2019-04-29,6.670000,6.670000,6.120000,6.210000,-0.064759,4569253.000000,29028241.230000,1153711181.790000,2338375500.000000,0.024595,10.607512,2018-09-30,2018-10-30,23.094087,,16.125682,2.478547,6.189838
sz002863,2019-04-26,6.630000,6.730000,6.580000,6.640000,-0.007474,2803658.000000,18667618.080000,1233597785.360000,2500292000.000000,0.015091,11.342010,2018-09-30,2018-10-30,24.693194,,17.242275,2.650170,6.618442
sz002863,2019-04-25,7.130000,7.130000,6.650000,6.690000,-0.063025,6193778.000000,42765919.020000,1242886925.310000,2519119500.000000,0.033339,11.427416,2018-09-30,2018-10-30,24.879137,,17.372111,2.670126,6.668279
sz002863,2019-04-24,6.990000,7.190000,6.990000,7.140000,0.008475,3995622.000000,28336666.200000,1326489184.860000,2688567000.000000,0.021507,12.196077,2018-09-30,2018-10-30,26.552622,,18.540639,2.849731,7.116818
sz002863,2019-04-23,7.350000,7.350000,7.080000,7.080000,-0.028807,4915836.000000,35102682.540000,1315342216.920000,2665974000.000000,0.026460,12.093589,2018-09-30,2018-10-30,26.329491,,18.384835,2.825783,7.057013
sz002863,2019-04-22,7.630000,7.680000,7.270000,7.290000,-0.038259,6064732.000000,45040108.310000,1354356604.710000,2745049500.000000,0.032644,12.452297,2018-09-30,2018-10-30,27.110450,,18.930148,2.909599,7.266331
sz002863,2019-04-19,7.500000,7.640000,7.400000,7.580000,0.000000,6487630.000000,48775741.140000,1408233616.420000,2854249000.000000,0.034921,12.947656,2018-09-30,2018-10-30,28.188918,,19.683199,3.025344,7.555390
sz002863,2019-04-18,7.430000,7.800000,7.380000,7.580000,0.024324,14426115.000000,109773509.370000,1408233616.420000,2854249000.000000,0.077650,12.947656,2018-09-30,2018-10-30,28.188918,,19.683199,3.025344,7.555390
sz002863,2019-04-17,7.210000,7.450000,7.120000,7.400000,0.027778,7334710.000000,53757779.270000,1374792712.600000,2786470000.000000,0.039480,12.640191,2018-09-30,2018-10-30,27.519524,,19.215788,2.953502,7.375974
sz002863,2019-04-16,7.300000,7.300000,6.500000,7.200000,-0.002770,6252580.000000,44274186.760000,1337636152.800000,2711160000.000000,0.033655,12.298565,2018-09-30,2018-10-30,26.775753,,18.696442,2.873678,7.176623
sz002863,2019-04-15,7.490000,7.510000,7.220000,7.220000,-0.025641,5839450.000000,43107299.990000,1341351808.780000,2718691000.000000,0.031432,12.332727,2018-09-30,2018-10-30,26.850130,,18.748377,2.881660,7.196558
sz002863,2019-04-12,7.480000,7.630000,7.370000,7.410000,0.005427,8387396.000000,62655854.260000,1376650540.590000,2790235500.000000,0.045146,12.657273,2018-09-30,2018-10-30,27.556713,,19.241755,2.957494,7.385942
sz002863,2019-04-11,7.310000,7.470000,7.290000,7.370000,0.001359,6404232.000000,47335996.230000,1369219228.630000,2775173500.000000,0.034472,12.588947,2018-09-30,2018-10-30,27.407958,,19.137886,2.941529,7.346071
sz002863,2019-04-10,7.370000,7.410000,7.260000,7.360000,-0.009421,5850833.000000,42932096.670000,1367361400.640000,2771408000.000000,0.031493,12.571866,2018-09-30,2018-10-30,27.370770,,19.111919,2.937537,7.336104
sz002863,2019-04-09,7.500000,7.500000,7.300000,7.430000,-0.010652,6835419.000000,50514661.380000,1380366196.570000,2797766500.000000,0.036793,12.691435,2018-09-30,2018-10-30,27.631090,,19.293690,2.965476,7.405877
sz002863,2019-04-08,7.740000,7.740000,7.360000,7.510000,-0.029716,13871535.000000,104124669.680000,1395228820.490000,2827890500.000000,0.074665,12.828086,2018-09-30,2018-10-30,27.928598,,19.501428,2.997406,7.485617
sz002863,2019-04-04,7.370000,7.960000,7.320000,7.740000,0.048780,19520696.000000,149756378.470000,1437958864.260000,2914497000.000000,0.105073,13.220957,2018-09-30,2018-10-30,28.783935,,20.098676,3.089204,7.714870
sz002863,2019-04-03,7.190000,7.410000,7.160000,7.380000,0.022161,8246170.000000,60235449.400000,1371077056.620000,2778939000.000000,0.044386,12.606029,2018-09-30,2018-10-30,27.445147,,19.163854,2.945520,7.356039
sz002863,2019-04-02,7.330000,7.370000,7.190000,7.220000,-0.005510,6727664.000000,48851490.960000,1341351808.780000,2718691000.000000,0.036213,12.332727,2018-09-30,2018-10-30,26.850130,,18.748377,2.881660,7.196558
sz002863,2019-04-01,7.020000,7.260000,7.020000,7.260000,0.037143,7693931.000000,55207677.690000,1348783120.740000,2733753000.000000,0.041414,12.401053,2018-09-30,2018-10-30,26.998884,,18.852246,2.897625,7.236429
sz002863,2019-03-29,6.850000,7.000000,6.760000,7.000000,0.023392,3523781.000000,24375307.540000,1300479593.000000,2635850000.000000,0.018967,11.956938,2018-09-30,2018-10-30,26.031982,,18.177097,2.793854,6.977273
sz002863,2019-03-28,7.020000,7.060000,6.830000,6.840000,-0.029787,3599060.000000,25026833.400000,1270754345.160000,2575602000.000000,0.019372,11.683636,2018-09-30,2018-10-30,25.436965,,17.761620,2.729994,6.817792
sz002863,2019-03-27,6.870000,7.050000,6.700000,7.050000,0.029197,3905330.000000,26869152.210000,1309768732.950000,2654677500.000000,0.021021,12.042344,2018-09-30,2018-10-30,26.217925,,18.306933,2.813810,7.027110
sz002863,2019-03-26,7.130000,7.160000,6.810000,6.850000,-0.037921,5613939.000000,39356952.530000,1272612173.150000,2579367500.000000,0.030218,11.700718,2018-09-30,2018-10-30,25.474154,,17.787588,2.733985,6.827760
sz002863,2019-03-25,7.190000,7.220000,7.100000,7.120000,-0.015214,4119210.000000,29537726.290000,1322773528.880000,2681036000.000000,0.022172,12.161914,2018-09-30,2018-10-30,26.478245,,18.488704,2.841748,7.096883
sz002863,2019-03-22,7.240000,7.240000,7.040000,7.230000,0.000000,5589705.000000,39984370.180000,1343209636.770000,2722456500.000000,0.030087,12.349809,2018-09-30,2018-10-30,26.887319,,18.774344,2.885652,7.206526
sz002863,2019-03-21,7.180000,7.280000,7.140000,7.230000,0.005563,6329327.000000,45700414.730000,1343209636.770000,2722456500.000000,0.034068,12.349809,2018-09-30,2018-10-30,26.887319,,18.774344,2.885652,7.206526
sz002863,2019-03-20,7.270000,7.300000,7.020000,7.190000,-0.008276,6394263.000000,45809614.090000,1335778324.810000,2707394500.000000,0.034418,12.281483,2018-09-30,2018-10-30,26.738565,,18.670475,2.869687,7.166656
sz002863,2019-03-19,7.390000,7.480000,7.180000,7.250000,-0.010914,6580559.000000,47991401.750000,1346925292.750000,2729987500.000000,0.035421,12.383971,2018-09-30,2018-10-30,26.961696,,18.826279,2.893634,7.226461
sz002863,2019-03-18,7.160000,7.340000,7.100000,7.330000,0.022315,7506669.000000,54338542.690000,1361787916.670000,2760111500.000000,0.040406,12.520622,2018-09-30,2018-10-30,27.259204,,19.034017,2.925564,7.306201
sz002863,2019-03-15,7.160000,7.180000,7.030000,7.170000,0.008439,6941570.000000,49419004.040000,1332062668.830000,2699863500.000000,0.037364,12.247321,2018-09-30,2018-10-30,26.664187,,18.618541,2.861704,7.146721
sz002863,2019-03-14,7.130000,7.450000,7.080000,7.110000,0.000000,9229167.000000,66710466.060000,1320915700.890000,2677270500.000000,0.049677,12.144833,2018-09-30,2018-10-30,26.441056,,18.462737,2.837757,7.086916
sz002863,2019-03-13,7.250000,7.380000,7.000000,7.110000,-0.024691,9333261.000000,67478031.690000,1320915700.890000,2677270500.000000,0.050237,12.144833,2018-09-30,2018-10-30,26.441056,,18.462737,2.837757,7.086916
sz002863,2019-03-12,7.230000,7.290000,7.120000,7.290000,0.019580,9268595.000000,66833442.890000,1354356604.710000,2745049500.000000,0.049889,12.452297,2018-09-30,2018-10-30,27.110450,,18.930148,2.909599,7.266331
sz002863,2019-03-11,6.870000,7.160000,6.830000,7.150000,0.040757,5977960.000000,42003270.680000,1328347012.850000,2692332500.000000,0.032177,12.213158,2018-09-30,2018-10-30,26.589810,,18.566606,2.853722,7.126786
sz002863,2019-03-08,7.160000,7.260000,6.740000,6.870000,-0.062756,8989636.000000,63436641.380000,1276327829.130000,2586898500.000000,0.048388,11.734880,2018-09-30,2018-10-30,25.548531,,17.839522,2.741968,6.847695
sz002863,2019-03-07,7.270000,7.460000,7.130000,7.330000,0.005487,10927061.000000,79584786.410000,1361787916.670000,2760111500.000000,0.058816,12.520622,2018-09-30,2018-10-30,27.259204,,19.034017,2.925564,7.306201
sz002863,2019-03-06,7.150000,7.290000,7.020000,7.290000,0.011096,11187039.000000,80238378.090000,1354356604.710000,2745049500.000000,0.060216,12.452297,2018-09-30,2018-10-30,27.110450,,18.930148,2.909599,7.266331
sz002863,2019-03-05,6.900000,7.290000,6.830000,7.210000,0.038905,10725509.000000,75793348.750000,1339493980.790000,2714925500.000000,0.057731,12.315646,2018-09-30,2018-10-30,26.812942,,18.722410,2.877669,7.186591
sz002863,2019-03-04,6.840000,6.970000,6.780000,6.940000,0.019090,8341069.000000,57602728.480000,1289332625.060000,2613257000.000000,0.044897,11.854450,2018-09-30,2018-10-30,25.808851,,18.021293,2.769906,6.917468
sz002863,2019-03-01,6.910000,6.920000,6.750000,6.810000,-0.014472,4743783.000000,32253642.450000,1265180861.190000,2564305500.000000,0.025534,11.632392,2018-09-30,2018-10-30,25.325400,,17.683719,2.718020,6.787890
sz002863,2019-02-28,6.810000,6.980000,6.740000,6.910000,0.010234,8187528.000000,56230842.540000,1283759141.090000,2601960500.000000,0.044070,11.803206,2018-09-30,2018-10-30,25.697285,,17.943391,2.757933,6.887565
sz002863,2019-02-27,6.870000,6.900000,6.710000,6.840000,-0.001460,6036013.000000,41200082.610000,1270754345.160000,2575602000.000000,0.032490,11.683636,2018-09-30,2018-10-30,25.436965,,17.761620,2.729994,6.817792
sz002863,2019-02-26,6.990000,7.000000,6.740000,6.850000,-0.007246,10014341.000000,68908329.980000,1272612173.150000,2579367500.000000,0.053903,11.700718,2018-09-30,2018-10-30,25.474154,,17.787588,2.733985,6.827760
sz002863,2019-02-25,6.650000,6.940000,6.650000,6.900000,0.037594,10260720.000000,69678077.600000,1281901313.100000,2598195000.000000,0.055230,11.786124,2018-09-30,2018-10-30,25.660097,,17.917424,2.753941,6.877597
sz002863,2019-02-22,6.600000,6.650000,6.500000,6.650000,0.018377,4465569.000000,29357263.460000,1235455613.350000,2504057500.000000,0.024037,11.359091,2018-09-30,2018-10-30,24.730383,,17.268242,2.654161,6.628409
sz002863,2019-02-21,6.540000,6.660000,6.410000,6.530000,0.001534,5573923.000000,36606541.630000,1213161677.470000,2458871500.000000,0.030002,11.154115,2018-09-30,2018-10-30,24.284120,,16.956635,2.606266,6.508799
sz002863,2019-02-20,6.500000,6.580000,6.430000,6.520000,0.009288,3379280.000000,21981391.100000,1211303849.480000,2455106000.000000,0.018189,11.137033,2018-09-30,2018-10-30,24.246932,,16.930667,2.602275,6.498831
sz002863,2019-02-19,6.560000,6.590000,6.380000,6.460000,-0.006154,4123361.000000,26722017.720000,1200156881.540000,2432513000.000000,0.022195,11.034545,2018-09-30,2018-10-30,24.023801,,16.774864,2.578328,6.439026
sz002863,2019-02-18,6.340000,6.520000,6.330000,6.500000,0.038339,4419760.000000,28539835.200000,1207588193.500000,2447575000.000000,0.023790,11.102871,2018-09-30,2018-10-30,24.172555,,16.878733,2.594293,6.478896
sz002863,2019-02-15,6.370000,6.410000,6.260000,6.260000,-0.026439,3498395.000000,22156579.360000,1163000321.740000,2357203000.000000,0.018831,10.692919,2018-09-30,2018-10-30,23.280030,,16.255518,2.498503,6.239675
sz002863,2019-02-14,6.340000,6.480000,6.320000,6.430000,0.017405,3497612.000000,22418310.060000,1194583397.570000,2421216500.000000,0.018826,10.983301,2018-09-30,2018-10-30,23.912235,,16.696962,2.566354,6.409123
sz002863,2019-02-13,6.280000,6.340000,6.210000,6.320000,0.016077,3131926.000000,19730874.380000,1174147289.680000,2379796000.000000,0.016858,10.795407,2018-09-30,2018-10-30,23.503161,,16.411322,2.522451,6.299481
sz002863,2019-02-12,6.250000,6.280000,6.160000,6.220000,0.008104,2440630.000000,15168930.600000,1155569009.780000,2342141000.000000,0.013137,10.624593,2018-09-30,2018-10-30,23.131276,,16.151649,2.482538,6.199805
sz002863,2019-02-11,5.950000,6.190000,5.950000,6.170000,0.036975,2664810.000000,16333576.000000,1146279869.830000,2323313500.000000,0.014344,10.539187,2018-09-30,2018-10-30,22.945333,,16.021813,2.462582,6.149968
sz002863,2019-02-01,5.670000,5.950000,5.620000,5.950000,0.049383,3004490.000000,17582311.800000,1105407654.050000,2240472500.000000,0.016172,10.163397,2018-09-30,2018-10-30,22.127185,,15.450532,2.374775,5.930682
sz002863,2019-01-31,6.100000,6.170000,5.500000,5.670000,-0.070492,4179710.000000,24193692.600000,1053388470.330000,2135038500.000000,0.022498,9.685120,2018-09-30,2018-10-30,21.085906,,14.723448,2.263021,5.651591
sz002863,2019-01-30,6.210000,6.260000,6.090000,6.100000,-0.008130,1730040.000000,10702049.500000,1133275073.900000,2296955000.000000,0.009312,10.419617,2018-09-30,2018-10-30,22.685013,,15.840042,2.434644,6.080195
sz002863,2019-01-29,6.480000,6.480000,6.080000,6.150000,-0.045031,3353652.000000,20831686.000000,1142564213.850000,2315782500.000000,0.018051,10.505024,2018-09-30,2018-10-30,22.870956,,15.969878,2.454600,6.130032
sz002863,2019-01-28,6.510000,6.650000,6.430000,6.440000,-0.009231,2477820.000000,16202506.600000,1196441225.560000,2424982000.000000,0.013337,11.000383,2018-09-30,2018-10-30,23.949424,,16.722929,2.570345,6.419091
sz002863,2019-01-25,6.520000,6.590000,6.490000,6.500000,-0.003067,1897880.000000,12436637.700000,1207588193.500000,2447575000.000000,0.010216,11.102871,2018-09-30,2018-10-30,24.172555,,16.878733,2.594293,6.478896
sz002863,2019-01-24,6.580000,6.600000,6.480000,6.520000,-0.010622,2245653.000000,14690550.890000,1211303849.480000,2455106000.000000,0.012088,11.137033,2018-09-30,2018-10-30,24.246932,,16.930667,2.602275,6.498831
sz002863,2019-01-23,6.510000,6.590000,6.500000,6.590000,0.013846,1617210.000000,10608061.200000,1224308645.410000,2481464500.000000,0.008705,11.256603,2018-09-30,2018-10-30,24.507252,,17.112438,2.630214,6.568604
sz002863,2019-01-22,6.630000,6.630000,6.500000,6.500000,-0.016641,1755650.000000,11506871.800000,1207588193.500000,2447575000.000000,0.009450,11.102871,2018-09-30,2018-10-30,24.172555,,16.878733,2.594293,6.478896
sz002863,2019-01-21,6.590000,6.650000,6.570000,6.610000,0.001515,1894892.000000,12531631.240000,1228024301.390000,2488995500.000000,0.010200,11.290766,2018-09-30,2018-10-30,24.581629,,17.164373,2.638196,6.588539
sz002863,2019-01-18,6.560000,6.610000,6.520000,6.600000,0.006098,1963480.000000,12900480.500000,1226166473.400000,2485230000.000000,0.010569,11.273684,2018-09-30,2018-10-30,24.544440,,17.138406,2.634205,6.578571
sz002863,2019-01-17,6.660000,6.680000,6.520000,6.560000,-0.013534,2040930.000000,13421931.700000,1218735161.440000,2470168000.000000,0.010986,11.205359,2018-09-30,2018-10-30,24.395686,,17.034536,2.618240,6.538701
sz002863,2019-01-16,6.750000,6.750000,6.630000,6.650000,-0.007463,3074872.000000,20553160.420000,1235455613.350000,2504057500.000000,0.016551,11.359091,2018-09-30,2018-10-30,24.730383,,17.268242,2.654161,6.628409
sz002863,2019-01-15,6.570000,6.780000,6.520000,6.700000,0.018237,3877495.000000,25907394.890000,1244744753.300000,2522885000.000000,0.020871,11.444498,2018-09-30,2018-10-30,24.916326,,17.398078,2.674117,6.678247
sz002863,2019-01-14,6.640000,6.660000,6.560000,6.580000,-0.009036,2621042.000000,17306954.520000,1222450817.420000,2477699000.000000,0.014108,11.239522,2018-09-30,2018-10-30,24.470063,,17.086471,2.626222,6.558636
sz002863,2019-01-11,6.540000,6.660000,6.500000,6.640000,0.012195,3423432.000000,22588967.700000,1233597785.360000,2500292000.000000,0.018427,11.342010,2018-09-30,2018-10-30,24.693194,,17.242275,2.650170,6.618442
sz002863,2019-01-10,6.700000,6.700000,6.510000,6.560000,-0.028148,5039463.000000,33163691.920000,1218735161.440000,2470168000.000000,0.027126,11.205359,2018-09-30,2018-10-30,24.395686,,17.034536,2.618240,6.538701
sz002863,2019-01-09,6.690000,7.100000,6.600000,6.750000,0.024279,8582021.000000,58683182.400000,1254033893.250000,2541712500.000000,0.046194,11.529904,2018-09-30,2018-10-30,25.102269,,17.527915,2.694073,6.728084
sz002863,2019-01-08,6.620000,6.650000,6.540000,6.590000,-0.006033,2763773.000000,18221644.710000,1224308645.410000,2481464500.000000,0.014876,11.256603,2018-09-30,2018-10-30,24.507252,,17.112438,2.630214,6.568604
sz002863,2019-01-07,6.590000,6.690000,6.500000,6.630000,0.007599,4556891.000000,30162378.750000,1231739957.370000,2496526500.000000,0.024528,11.324928,2018-09-30,2018-10-30,24.656006,,17.216307,2.646178,6.608474
sz002863,2019-01-04,6.360000,6.640000,6.260000,6.580000,0.029734,4603710.000000,29839003.800000,1222450817.420000,2477699000.000000,0.024780,11.239522,2018-09-30,2018-10-30,24.470063,,17.086471,2.626222,6.558636
sz002863,2019-01-03,6.370000,6.440000,6.310000,6.390000,0.003140,2089480.000000,13329801.000000,1187152085.610000,2406154500.000000,0.011247,10.914976,2018-09-30,2018-10-30,23.763481,,16.593093,2.550389,6.369253
sz002863,2019-01-02,6.380000,6.490000,6.360000,6.370000,0.000000,1392120.000000,8909693.400000,1183436429.630000,2398623500.000000,0.007493,10.880813,2018-09-30,2018-10-30,23.689104,,16.541158,2.542407,6.349318
sz002863,2018-12-28,6.380000,6.460000,6.350000,6.370000,-0.001567,1956740.000000,12515337.200000,1183436429.630000,2398623500.000000,0.010532,10.880813,2018-09-30,2018-10-30,23.689104,,16.541158,2.542407,6.349318
sz002863,2018-12-27,6.600000,6.640000,6.380000,6.380000,-0.016949,2639336.000000,17173802.960000,1185294257.620000,2402389000.000000,0.014207,10.897895,2018-09-30,2018-10-30,23.726292,,16.567125,2.546398,6.359286
sz002863,2018-12-26,6.510000,6.560000,6.450000,6.490000,-0.004601,2186380.000000,14225969.900000,1205730365.510000,2443809500.000000,0.011768,11.085789,2018-09-30,2018-10-30,24.135366,,16.852766,2.590301,6.468929
sz002863,2018-12-25,6.610000,6.610000,6.340000,6.520000,-0.021021,2984912.000000,19239051.500000,1211303849.480000,2455106000.000000,0.016067,11.137033,2018-09-30,2018-10-30,24.246932,,16.930667,2.602275,6.498831
sz002863,2018-12-24,6.590000,6.680000,6.560000,6.660000,0.010622,2385630.000000,15833534.500000,1237313441.340000,2507823000.000000,0.012841,11.376172,2018-09-30,2018-10-30,24.767572,,17.294209,2.658152,6.638377
sz002863,2018-12-21,6.600000,6.640000,6.470000,6.590000,-0.007530,2619160.000000,17162708.300000,1224308645.410000,2481464500.000000,0.014098,11.256603,2018-09-30,2018-10-30,24.507252,,17.112438,2.630214,6.568604
sz002863,2018-12-20,6.650000,6.680000,6.570000,6.640000,-0.001504,2477690.000000,16418446.500000,1233597785.360000,2500292000.000000,0.013336,11.342010,2018-09-30,2018-10-30,24.693194,,17.242275,2.650170,6.618442
sz002863,2018-12-19,6.610000,6.740000,6.610000,6.650000,-0.005979,2159610.000000,14390860.100000,1235455613.350000,2504057500.000000,0.011624,11.359091,2018-09-30,2018-10-30,24.730383,,17.268242,2.654161,6.628409
sz002863,2018-12-18,6.740000,6.820000,6.570000,6.690000,-0.016176,3438390.000000,22980790.670000,1242886925.310000,2519119500.000000,0.018508,11.427416,2018-09-30,2018-10-30,24.879137,,17.372111,2.670126,6.668279
sz002863,2018-12-17,6.680000,6.860000,6.680000,6.800000,0.011905,3135293.000000,21261721.680000,1263323033.200000,2560540000.000000,0.016876,11.615311,2018-09-30,2018-10-30,25.288211,,17.657751,2.714029,6.777922
sz002863,2018-12-14,7.090000,7.100000,6.700000,6.720000,-0.054852,6802361.000000,46837056.600000,1248460409.280000,2530416000.000000,0.036615,11.478660,2018-09-30,2018-10-30,24.990703,,17.450013,2.682099,6.698182
sz002863,2018-12-13,7.090000,7.190000,7.010000,7.110000,-0.008368,7510503.000000,53285369.090000,1320915700.890000,2677270500.000000,0.040426,12.144833,2018-09-30,2018-10-30,26.441056,,18.462737,2.837757,7.086916
sz002863,2018-12-12,6.890000,7.480000,6.880000,7.170000,0.046715,10864423.000000,77845011.860000,1332062668.830000,2699863500.000000,0.058479,12.247321,2018-09-30,2018-10-30,26.664187,,18.618541,2.861704,7.146721
sz002863,2018-12-11,6.900000,6.960000,6.750000,6.850000,-0.004360,3304980.000000,22729424.600000,1272612173.150000,2579367500.000000,0.017789,11.700718,2018-09-30,2018-10-30,25.474154,,17.787588,2.733985,6.827760
sz002863,2018-12-10,6.880000,6.980000,6.810000,6.880000,-0.007215,3887080.000000,26822125.500000,1278185657.120000,2590664000.000000,0.020923,11.751962,2018-09-30,2018-10-30,25.585720,,17.865489,2.745959,6.857662
sz002863,2018-12-07,6.980000,7.120000,6.880000,6.930000,-0.002878,4597491.000000,32040370.520000,1287474797.070000,2609491500.000000,0.024747,11.837368,2018-09-30,2018-10-30,25.771662,,17.995326,2.765915,6.907500
sz002863,2018-12-06,7.040000,7.260000,6.910000,6.950000,-0.029330,8028116.000000,56774618.930000,1291190453.050000,2617022500.000000,0.043212,11.871531,2018-09-30,2018-10-30,25.846039,,18.047260,2.773897,6.927435
sz002863,2018-12-05,6.850000,7.430000,6.850000,7.160000,-0.006935,12659434.000000,90224140.210000,1330204840.840000,2696098000.000000,0.068141,12.230239,2018-09-30,2018-10-30,26.626999,,18.592573,2.857713,7.136753
sz002863,2018-12-04,7.600000,7.800000,7.190000,7.210000,0.014065,18020549.000000,133735341.240000,1339493980.790000,2714925500.000000,0.096998,12.315646,2018-09-30,2018-10-30,26.812942,,18.722410,2.877669,7.186591
sz002863,2018-12-03,6.620000,7.110000,6.550000,7.110000,0.100619,5497412.000000,37682073.100000,1320915700.890000,2677270500.000000,0.029591,12.144833,2018-09-30,2018-10-30,26.441056,,18.462737,2.837757,7.086916
sz002863,2018-11-30,6.370000,6.510000,6.280000,6.460000,0.001550,2439990.000000,15670863.100000,1200156881.540000,2432513000.000000,0.013134,11.034545,2018-09-30,2018-10-30,24.023801,,16.774864,2.578328,6.439026
sz002863,2018-11-29,6.620000,6.700000,6.410000,6.450000,-0.024206,3191690.000000,21041698.500000,1198299053.550000,2428747500.000000,0.017180,11.017464,2018-09-30,2018-10-30,23.986612,,16.748896,2.574336,6.429058
sz002863,2018-11-28,6.550000,6.610000,6.210000,6.610000,0.009160,4278930.000000,27555953.100000,1228024301.390000,2488995500.000000,0.023032,11.290766,2018-09-30,2018-10-30,24.581629,,17.164373,2.638196,6.588539
sz002863,2018-11-27,6.610000,6.670000,6.480000,6.550000,-0.003044,2547982.000000,16782659.000000,1216877333.450000,2466402500.000000,0.013715,11.188278,2018-09-30,2018-10-30,24.358498,,17.008569,2.614249,6.528734
sz002863,2018-11-26,6.620000,6.710000,6.530000,6.570000,-0.009050,3091100.000000,20520000.000000,1221000000.000000,2474000000.000000,0.016633,11.222440,2018-09-30,2018-10-30,24.432875,,17.060504,2.622231,6.548669
sz002863,2018-11-23,7.250000,7.250000,6.620000,6.630000,-0.085517,7557500.000000,52220000.000000,1232000000.000000,2497000000.000000,0.040671,11.324928,2018-09-30,2018-10-30,24.656006,,17.216307,2.646178,6.608474
sz002863,2018-11-22,7.300000,7.330000,7.200000,7.250000,-0.006849,3578200.000000,25990000.000000,1347000000.000000,2730000000.000000,0.019259,12.383971,2018-09-30,2018-10-30,26.961696,,18.826279,2.893634,7.226461
sz002863,2018-11-21,7.220000,7.370000,7.220000,7.300000,-0.004093,5240800.000000,38240000.000000,1356000000.000000,2749000000.000000,0.028214,12.469378,2018-09-30,2018-10-30,27.147639,,18.956115,2.913590,7.276299
sz002863,2018-11-20,7.220000,7.340000,7.150000,7.330000,0.005487,5746900.000000,41600000.000000,1362000000.000000,2760000000.000000,0.030929,12.520622,2018-09-30,2018-10-30,27.259204,,19.034017,2.925564,7.306201
sz002863,2018-11-19,7.440000,7.440000,7.180000,7.290000,-0.021477,7041170.000000,51100725.000000,1354356604.710000,2745049500.000000,0.037900,12.452297,2018-09-30,2018-10-30,27.110450,,18.930148,2.909599,7.266331
sz002863,2018-11-16,7.560000,7.590000,7.440000,7.450000,-0.011936,7864300.000000,58970000.000000,1384000000.000000,2805000000.000000,0.042333,12.725598,2018-09-30,2018-10-30,27.705467,,19.345625,2.973458,7.425812
sz002863,2018-11-15,7.430000,7.550000,7.390000,7.540000,0.009371,7841800.000000,58700000.000000,1401000000.000000,2839000000.000000,0.042204,12.879330,2018-09-30,2018-10-30,28.040164,,19.579330,3.009379,7.515519
sz002863,2018-11-14,7.320000,7.590000,7.310000,7.470000,0.013569,10511300.000000,78310000.000000,1388000000.000000,2813000000.000000,0.056570,12.759761,2018-09-30,2018-10-30,27.779844,,19.397559,2.981441,7.445747
sz002863,2018-11-13,7.200000,7.450000,7.150000,7.370000,0.004087,7957400.000000,58260000.000000,1369000000.000000,2775000000.000000,0.042839,12.588947,2018-09-30,2018-10-30,27.407958,,19.137886,2.941529,7.346071
sz002863,2018-11-12,7.150000,7.400000,7.100000,7.340000,0.023710,6604500.000000,48060000.000000,1364000000.000000,2764000000.000000,0.035540,12.537703,2018-09-30,2018-10-30,27.296393,,19.059984,2.929555,7.316169
sz002863,2018-11-09,7.200000,7.330000,7.160000,7.170000,-0.015110,4462300.000000,32270000.000000,1332000000.000000,2700000000.000000,0.024020,12.247321,2018-09-30,2018-10-30,26.664187,,18.618541,2.861704,7.146721
sz002863,2018-11-08,7.240000,7.280000,7.120000,7.280000,0.013928,7147253.000000,51414663.000000,1352498776.720000,2741284000.000000,0.038471,12.435215,2018-09-30,2018-10-30,27.073261,,18.904181,2.905608,7.256364
sz002863,2018-11-07,7.500000,7.570000,7.110000,7.180000,-0.042667,10821500.000000,79420000.000000,1334000000.000000,2704000000.000000,0.058245,12.264402,2018-09-30,2018-10-30,26.701376,,18.644508,2.865695,7.156688
sz002863,2018-11-06,7.610000,7.610000,7.380000,7.500000,-0.023438,6822500.000000,51170000.000000,1393000000.000000,2824000000.000000,0.036733,12.811005,2018-09-30,2018-10-30,27.891409,,19.475461,2.993414,7.475649
sz002863,2018-11-05,7.590000,7.700000,7.520000,7.680000,0.007874,9989680.000000,76074475.800000,1426811896.320000,2891904000.000000,0.053771,13.118469,2018-09-30,2018-10-30,28.560803,,19.942872,3.065256,7.655065
sz002863,2018-11-02,7.590000,7.730000,7.500000,7.620000,0.005277,11617400.000000,88430000.000000,1416000000.000000,2869000000.000000,0.062517,13.015981,2018-09-30,2018-10-30,28.337672,,19.787068,3.041309,7.595260
sz002863,2018-11-01,7.600000,7.610000,7.430000,7.580000,-0.002632,11735839.000000,88381016.860000,1408233616.420000,2854249000.000000,0.063170,12.947656,2018-09-30,2018-10-30,28.188918,,19.683199,3.025344,7.555390
sz002863,2018-10-31,7.670000,7.770000,7.500000,7.600000,-0.021879,15663989.000000,119227431.710000,1411949272.400000,2861780000.000000,0.084313,12.981818,2018-09-30,2018-10-30,28.263295,,19.735134,3.033327,7.575325
sz002863,2018-10-30,7.280000,8.000000,7.250000,7.770000,0.062927,22758600.000000,173900000.000000,1444000000.000000,2926000000.000000,0.122461,13.272201,2018-09-30,2018-10-30,28.895500,,20.176578,3.101177,7.744773
sz002863,2018-10-29,7.220000,7.360000,7.110000,7.310000,0.006887,5960100.000000,43260000.000000,1358000000.000000,2753000000.000000,0.032083,12.486459,2018-06-30,2018-08-22,30.974576,,200.273973,2.983065,7.286266
sz002863,2018-10-26,7.530000,7.590000,7.220000,7.260000,-0.038411,10455300.000000,77270000.000000,1349000000.000000,2734000000.000000,0.056268,12.401053,2018-06-30,2018-08-22,30.762712,,198.904110,2.962661,7.236429
sz002863,2018-10-25,7.060000,7.680000,6.930000,7.550000,0.027211,15013000.000000,109560000.000000,1403000000.000000,2843000000.000000,0.080790,12.896411,2018-06-30,2018-08-22,31.991525,,206.849315,3.081004,7.525487
sz002863,2018-10-24,7.530000,7.620000,7.230000,7.350000,-0.032895,13113100.000000,96550000.000000,1366000000.000000,2768000000.000000,0.070557,12.554785,2018-06-30,2018-08-22,31.144068,,201.369863,2.999388,7.326136
sz002863,2018-10-23,7.750000,7.870000,7.540000,7.600000,-0.041614,19775217.000000,151743708.860000,1411949272.400000,2861780000.000000,0.106443,12.981818,2018-06-30,2018-08-22,32.203390,,208.219178,3.101408,7.575325
sz002863,2018-10-22,7.530000,8.250000,7.400000,7.930000,0.031209,32748500.000000,255890000.000000,1473000000.000000,2986000000.000000,0.176304,13.545502,2018-06-30,2018-08-22,33.601695,,217.260274,3.236074,7.904253
sz002863,2018-10-19,7.000000,7.860000,6.900000,7.690000,0.029451,32777800.000000,241580000.000000,1429000000.000000,2896000000.000000,0.176390,13.135550,2018-06-30,2018-08-22,32.584746,,210.684932,3.138135,7.665032
sz002863,2018-10-18,6.770000,7.720000,6.620000,7.470000,0.064103,32833154.000000,240176277.250000,1387797508.530000,2812828500.000000,0.176729,12.759761,2018-06-30,2018-08-22,31.652542,,204.657534,3.048357,7.445747
sz002863,2018-10-17,6.810000,7.200000,6.800000,7.020000,0.032353,16327300.000000,114230000.000000,1304000000.000000,2643000000.000000,0.087897,11.991100,2018-06-30,2018-08-22,29.745763,,192.328767,2.864721,6.997208
sz002863,2018-10-16,7.020000,7.290000,6.780000,6.800000,-0.076087,20137400.000000,141180000.000000,1263000000.000000,2561000000.000000,0.108420,11.615311,2018-06-30,2018-08-22,28.813559,,186.301370,2.774944,6.777922
sz002863,2018-10-15,7.100000,7.770000,6.850000,7.360000,0.013774,28516300.000000,203910000.000000,1367000000.000000,2771000000.000000,0.153533,12.571866,2018-06-30,2018-08-22,31.186441,,201.643836,3.003469,7.336104
sz002863,2018-10-12,7.260000,7.980000,6.710000,7.260000,-0.012245,36380200.000000,268240000.000000,1349000000.000000,2734000000.000000,0.195790,12.401053,2018-06-30,2018-08-22,30.762712,,198.904110,2.962661,7.236429
sz002863,2018-10-11,6.790000,7.350000,6.750000,7.350000,0.100299,29811200.000000,212080000.000000,1366000000.000000,2768000000.000000,0.160404,12.554785,2018-06-30,2018-08-22,31.144068,,201.369863,2.999388,7.326136
sz002863,2018-10-10,6.070000,6.680000,6.010000,6.680000,0.100494,4314291.000000,28345178.080000,1241029097.320000,2515354000.000000,0.023222,11.410335,2018-06-30,2018-08-22,28.305085,,183.013699,2.725974,6.658312
sz002863,2018-10-09,6.010000,6.100000,5.990000,6.070000,0.009983,1433289.000000,8651500.380000,1127701589.930000,2285658500.000000,0.007715,10.368373,2018-06-30,2018-08-22,25.720339,,166.301370,2.477046,6.050292
sz002863,2018-10-08,6.190000,6.190000,6.000000,6.010000,-0.033762,1986481.000000,12033241.570000,1116554621.990000,2263065500.000000,0.010692,10.265885,2018-06-30,2018-08-22,25.466102,,164.657534,2.452561,5.990487
sz002863,2018-09-28,6.160000,6.290000,6.160000,6.220000,0.008104,1370100.000000,8550000.000000,1156000000.000000,2342000000.000000,0.007372,10.624593,2018-06-30,2018-08-22,26.355932,,170.410959,2.538257,6.199805
sz002863,2018-09-27,6.370000,6.400000,6.130000,6.170000,-0.037441,2726300.000000,17020000.000000,1146000000.000000,2323000000.000000,0.014678,10.539187,2018-06-30,2018-08-22,26.144068,,169.041096,2.517853,6.149968
sz002863,2018-09-26,6.500000,6.520000,6.370000,6.410000,-0.004658,2465300.000000,15830000.000000,1191000000.000000,2414000000.000000,0.013268,10.949139,2018-06-30,2018-08-22,27.161017,,175.616438,2.615793,6.389188
sz002863,2018-09-25,6.350000,6.460000,6.300000,6.440000,0.007825,2087800.000000,13370000.000000,1196000000.000000,2425000000.000000,0.011242,11.000383,2018-06-30,2018-08-22,27.288136,,176.438356,2.628035,6.419091
sz002863,2018-09-21,6.360000,6.430000,6.280000,6.390000,0.012678,2604340.000000,16568263.100000,1187152085.610000,2406154500.000000,0.014018,10.914976,2018-06-30,2018-08-22,27.076271,,175.068493,2.607631,6.369253
sz002863,2018-09-20,6.360000,6.410000,6.290000,6.310000,-0.001582,2218850.000000,14085406.800000,1172289461.690000,2376030500.000000,0.011943,10.778325,2018-06-30,2018-08-22,26.737288,,172.876712,2.574985,6.289513
sz002863,2018-09-19,6.160000,6.370000,6.160000,6.320000,0.019355,3215230.000000,20236530.900000,1174147289.680000,2379796000.000000,0.017306,10.795407,2018-06-30,2018-08-22,26.779661,,173.150685,2.579065,6.299481
sz002863,2018-09-18,6.090000,6.220000,6.080000,6.200000,0.018062,2026630.000000,12473779.700000,1151853353.800000,2334610000.000000,0.010909,10.590431,2018-06-30,2018-08-22,26.271186,,169.863014,2.530096,6.179870
sz002863,2018-09-17,6.340000,6.360000,6.080000,6.090000,-0.046948,2850769.000000,17604494.470000,1131417245.910000,2293189500.000000,0.015345,10.402536,2018-06-30,2018-08-22,25.805085,,166.849315,2.485207,6.070227
sz002863,2018-09-14,6.420000,6.550000,6.370000,6.390000,-0.009302,1969099.000000,12704017.000000,1187152085.610000,2406154500.000000,0.010599,10.914976,2018-06-30,2018-08-22,27.076271,,175.068493,2.607631,6.369253
sz002863,2018-09-13,6.470000,6.530000,6.340000,6.450000,-0.006163,2303539.000000,14767875.200000,1198299053.550000,2428747500.000000,0.012399,11.017464,2018-06-30,2018-08-22,27.330508,,176.712329,2.632116,6.429058
sz002863,2018-09-12,6.310000,6.510000,6.300000,6.490000,0.030159,2360049.000000,15130181.530000,1205730365.510000,2443809500.000000,0.012703,11.085789,2018-06-30,2018-08-22,27.500000,,177.808219,2.648439,6.468929
sz002863,2018-09-11,6.320000,6.380000,6.280000,6.300000,0.004785,1509180.000000,9555002.800000,1170431633.700000,2372265000.000000,0.008123,10.761244,2018-06-30,2018-08-22,26.694915,,172.602740,2.570904,6.279545
sz002863,2018-09-10,6.530000,6.530000,6.260000,6.270000,-0.027907,1831240.000000,11613991.300000,1164858149.730000,2360968500.000000,0.009857,10.710000,2018-06-30,2018-08-22,26.567797,,171.780822,2.558661,6.249643
sz002863,2018-09-07,6.440000,6.580000,6.410000,6.450000,0.001553,1911830.000000,12418045.200000,1198299053.550000,2428747500.000000,0.010291,11.017464,2018-06-30,2018-08-22,27.330508,,176.712329,2.632116,6.429058
sz002863,2018-09-06,6.530000,6.540000,6.420000,6.440000,-0.013783,2140100.000000,13857985.600000,1196441225.560000,2424982000.000000,0.011519,11.000383,2018-06-30,2018-08-22,27.288136,,176.438356,2.628035,6.419091
sz002863,2018-09-05,6.440000,6.660000,6.440000,6.530000,0.004615,2971820.000000,19516603.400000,1213161677.470000,2458871500.000000,0.015996,11.154115,2018-06-30,2018-08-22,27.669492,,178.904110,2.664762,6.508799
sz002863,2018-09-04,6.360000,6.550000,6.350000,6.500000,0.012461,3224580.000000,20949748.900000,1207588193.500000,2447575000.000000,0.017357,11.102871,2018-06-30,2018-08-22,27.542373,,178.082192,2.652520,6.478896
sz002863,2018-09-03,6.390000,6.460000,6.250000,6.420000,0.004695,2580730.000000,16467588.300000,1192725569.580000,2417451000.000000,0.013891,10.966220,2018-06-30,2018-08-22,27.203390,,175.890411,2.619873,6.399156
sz002863,2018-08-31,6.750000,6.790000,6.200000,6.390000,-0.050520,3434610.000000,22123417.400000,1187152085.610000,2406154500.000000,0.018487,10.914976,2018-06-30,2018-08-22,27.076271,,175.068493,2.607631,6.369253
sz002863,2018-08-30,6.860000,6.920000,6.710000,6.730000,-0.024638,2220230.000000,15121372.900000,1250318237.270000,2534181500.000000,0.011951,11.495742,2018-06-30,2018-08-22,28.516949,,184.383562,2.746378,6.708149
sz002863,2018-08-29,7.020000,7.020000,6.830000,6.900000,-0.012876,2105000.000000,14509269.600000,1281901313.100000,2598195000.000000,0.011330,11.786124,2018-06-30,2018-08-22,29.237288,,189.041096,2.815752,6.877597
sz002863,2018-08-28,7.050000,7.070000,6.920000,6.990000,-0.008511,3048369.000000,21301319.970000,1298621765.010000,2632084500.000000,0.016408,11.939856,2018-06-30,2018-08-22,29.618644,,191.506849,2.852479,6.967305
sz002863,2018-08-27,6.930000,7.060000,6.850000,7.050000,0.026201,3316468.000000,23128600.210000,1309768732.950000,2654677500.000000,0.017851,12.042344,2018-06-30,2018-08-22,29.872881,,193.150685,2.876964,7.027110
sz002863,2018-08-24,6.900000,6.960000,6.850000,6.870000,0.000000,2037000.000000,14034383.000000,1276327829.130000,2586898500.000000,0.010964,11.734880,2018-06-30,2018-08-22,29.110169,,188.219178,2.803509,6.847695
sz002863,2018-08-23,6.850000,6.920000,6.830000,6.870000,0.005857,2080849.000000,14283987.950000,1276327829.130000,2586898500.000000,0.011200,11.734880,2018-06-30,2018-08-22,29.110169,,188.219178,2.803509,6.847695
sz002863,2018-08-22,6.930000,6.980000,6.810000,6.830000,-0.020086,1797080.000000,12379004.800000,1268896517.170000,2571836500.000000,0.009673,11.666555,2018-06-30,2018-08-22,28.940678,,187.123288,2.787186,6.807825
sz002863,2018-08-21,7.000000,7.040000,6.870000,6.970000,0.002878,1694260.000000,11801077.200000,1294906109.030000,2624553500.000000,0.009120,11.905694,2018-03-31,2018-04-24,43.435585,,-8.286257,2.859196,6.947370
sz002863,2018-08-20,6.900000,6.980000,6.760000,6.950000,0.007246,2403235.000000,16556236.670000,1291190453.050000,2617022500.000000,0.012936,11.871531,2018-03-31,2018-04-24,43.310949,,-8.262480,2.850992,6.927435
sz002863,2018-08-17,7.040000,7.130000,6.890000,6.900000,-0.014286,2360592.000000,16511514.300000,1281901313.100000,2598195000.000000,0.012706,11.786124,2018-03-31,2018-04-24,42.999359,,-8.203038,2.830481,6.877597
sz002863,2018-08-16,7.020000,7.120000,6.960000,7.000000,-0.015471,2581000.000000,18180000.000000,1300000000.000000,2636000000.000000,0.013898,11.956938,2018-03-31,2018-04-24,43.622538,,-8.321922,2.871503,6.977273
sz002863,2018-08-15,7.300000,7.430000,7.060000,7.110000,-0.033967,3481980.000000,25218023.500000,1320915700.890000,2677270500.000000,0.018742,12.144833,2018-03-31,2018-04-24,44.308036,,-8.452695,2.916626,7.086916
sz002863,2018-08-14,7.160000,7.670000,7.160000,7.360000,0.019391,5779960.000000,42795362.000000,1367361400.640000,2771408000.000000,0.031111,12.571866,2018-03-31,2018-04-24,45.865983,,-8.749907,3.019180,7.336104
sz002863,2018-08-13,7.050000,7.220000,6.970000,7.220000,0.006974,2741730.000000,19443521.600000,1341351808.780000,2718691000.000000,0.014758,12.332727,2018-03-31,2018-04-24,44.993533,,-8.583468,2.961750,7.196558
sz002863,2018-08-10,7.120000,7.220000,7.080000,7.170000,0.002797,2651132.000000,18969513.410000,1332062668.830000,2699863500.000000,0.014270,12.247321,2018-03-31,2018-04-24,44.681943,,-8.524026,2.941239,7.146721
sz002863,2018-08-09,7.000000,7.160000,6.810000,7.150000,0.021429,3700830.000000,26285871.900000,1328347012.850000,2692332500.000000,0.019920,12.213158,2018-03-31,2018-04-24,44.557307,,-8.500249,2.933035,7.126786
sz002863,2018-08-08,7.280000,7.280000,6.910000,7.000000,-0.031812,3503708.000000,24872498.560000,1300479593.000000,2635850000.000000,0.018859,11.956938,2018-03-31,2018-04-24,43.622538,,-8.321922,2.871503,6.977273
sz002863,2018-08-07,7.000000,7.250000,6.980000,7.230000,0.032857,2589238.000000,18455922.600000,1343209636.770000,2722456500.000000,0.013937,12.349809,2018-03-31,2018-04-24,45.055850,,-8.595357,2.965852,7.206526
sz002863,2018-08-06,6.980000,7.140000,6.890000,7.000000,-0.008499,2521070.000000,17717328.010000,1300479593.000000,2635850000.000000,0.013570,11.956938,2018-03-31,2018-04-24,43.622538,,-8.321922,2.871503,6.977273
sz002863,2018-08-03,7.160000,7.220000,7.030000,7.060000,-0.013966,2441410.000000,17451545.200000,1311626560.940000,2658443000.000000,0.013141,12.059426,2018-03-31,2018-04-24,43.996446,,-8.393253,2.896116,7.037078
sz002863,2018-08-02,7.370000,7.430000,6.980000,7.160000,-0.038926,4386859.000000,31330652.530000,1330204840.840000,2696098000.000000,0.023613,12.230239,2018-03-31,2018-04-24,44.619625,,-8.512138,2.937137,7.136753
sz002863,2018-08-01,7.740000,7.870000,7.440000,7.450000,-0.041184,3274300.000000,24962720.000000,1384081852.550000,2805297500.000000,0.017624,12.725598,2018-03-31,2018-04-24,46.426845,,-8.856903,3.056099,7.425812
sz002863,2018-07-31,7.800000,7.860000,7.700000,7.770000,0.002581,2177590.000000,16910399.900000,1443532348.230000,2925793500.000000,0.011721,13.272201,2018-03-31,2018-04-24,48.421018,,-9.237334,3.187368,7.744773
sz002863,2018-07-30,7.900000,7.970000,7.710000,7.750000,-0.026382,3117690.000000,24366621.000000,1439816692.250000,2918262500.000000,0.016781,13.238038,2018-03-31,2018-04-24,48.296382,,-9.213557,3.179164,7.724838
sz002863,2018-07-27,8.220000,8.220000,7.890000,7.960000,-0.028083,3988989.000000,31878861.630000,1478831080.040000,2997338000.000000,0.021471,13.596746,2018-03-31,2018-04-24,49.605058,,-9.463214,3.265309,7.934156
sz002863,2018-07-26,8.150000,8.290000,8.090000,8.190000,0.004908,3576570.000000,29247405.600000,1521561123.810000,3083944500.000000,0.019251,13.989617,2018-03-31,2018-04-24,51.038370,,-9.736649,3.359658,8.163409
sz002863,2018-07-25,8.330000,8.350000,8.130000,8.150000,-0.009721,4296680.000000,35298542.600000,1514129811.850000,3068882500.000000,0.023127,13.921292,2018-03-31,2018-04-24,50.789098,,-9.689095,3.343250,8.123539
sz002863,2018-07-24,8.120000,8.250000,8.120000,8.230000,0.016049,5254240.000000,43104472.400000,1528992435.770000,3099006500.000000,0.028282,14.057943,2018-03-31,2018-04-24,51.287642,,-9.784203,3.376067,8.203279
sz002863,2018-07-23,8.140000,8.240000,8.000000,8.100000,0.007463,4431310.000000,35941121.400000,1504840671.900000,3050055000.000000,0.023852,13.835885,2018-03-31,2018-04-24,50.477509,,-9.629653,3.322739,8.073701
sz002863,2018-07-20,7.810000,8.040000,7.800000,8.040000,0.033419,4623200.000000,36807427.300000,1493693703.960000,3027462000.000000,0.024885,13.733397,2018-03-31,2018-04-24,50.103601,,-9.558322,3.298126,8.013896
sz002863,2018-07-19,8.140000,8.230000,7.750000,7.780000,-0.050061,6097072.000000,48461439.480000,1445390176.220000,2929559000.000000,0.032818,13.289282,2018-03-31,2018-04-24,48.483336,,-9.249222,3.191470,7.754740
sz002863,2018-07-18,8.260000,8.380000,8.170000,8.190000,-0.013253,3955589.000000,32745792.320000,1521561123.810000,3083944500.000000,0.021291,13.989617,2018-03-31,2018-04-24,51.038370,,-9.736649,3.359658,8.163409
sz002863,2018-07-17,8.370000,8.370000,8.120000,8.300000,-0.008363,4799330.000000,39525565.300000,1541997231.700000,3125365000.000000,0.025833,14.177512,2018-03-31,2018-04-24,51.723867,,-9.867422,3.404782,8.273052
sz002863,2018-07-16,8.560000,8.570000,8.260000,8.370000,-0.014134,5433230.000000,45313597.500000,1555002027.630000,3151723500.000000,0.029245,14.297081,2018-03-31,2018-04-24,52.160092,,-9.950641,3.433497,8.342825
sz002863,2018-07-13,8.230000,8.570000,8.210000,8.490000,0.027845,9603789.000000,80763444.570000,1577295963.510000,3196909500.000000,0.051694,14.502057,2018-03-31,2018-04-24,52.907907,,-10.093303,3.482723,8.462435
sz002863,2018-07-12,8.130000,8.460000,8.090000,8.260000,0.028643,7284768.000000,60173388.990000,1534565919.740000,3110303000.000000,0.039211,14.109187,2018-03-31,2018-04-24,51.474595,,-9.819868,3.388373,8.233182
sz002863,2018-07-11,8.260000,8.270000,7.860000,8.030000,-0.054181,8027730.000000,64893149.260000,1491835875.970000,3023696500.000000,0.043210,13.716316,2018-03-31,2018-04-24,50.041283,,-9.546434,3.294024,8.003929
sz002863,2018-07-10,8.240000,8.700000,8.130000,8.490000,0.032847,10492640.000000,88870719.520000,1577295963.510000,3196909500.000000,0.056478,14.502057,2018-03-31,2018-04-24,52.907907,,-10.093303,3.482723,8.462435
sz002863,2018-07-09,8.280000,8.360000,8.100000,8.220000,0.023661,5407490.000000,44359353.600000,1527134607.780000,3095241000.000000,0.029107,14.040861,2018-03-31,2018-04-24,51.225324,,-9.772314,3.371965,8.193312
sz002863,2018-07-06,8.020000,8.350000,7.600000,8.030000,-0.025485,8357668.000000,66762188.040000,1491835875.970000,3023696500.000000,0.044986,13.716316,2018-03-31,2018-04-24,50.041283,,-9.546434,3.294024,8.003929
sz002863,2018-07-05,8.330000,8.680000,8.190000,8.240000,0.000000,7639110.000000,64456929.100000,1530850263.760000,3102772000.000000,0.041118,14.075024,2018-03-31,2018-04-24,51.349960,,-9.796091,3.380169,8.213247
sz002863,2018-07-04,8.680000,8.680000,8.100000,8.240000,-0.052874,7584056.000000,63550057.490000,1530850263.760000,3102772000.000000,0.040822,14.075024,2018-03-31,2018-04-24,51.349960,,-9.796091,3.380169,8.213247
sz002863,2018-07-03,8.420000,8.700000,8.230000,8.700000,0.006944,9144660.000000,78091463.100000,1616310351.300000,3275985000.000000,0.049222,14.860766,2018-03-31,2018-04-24,54.216584,,-10.342960,3.568868,8.671753
sz002863,2018-07-02,8.650000,9.090000,8.540000,8.640000,-0.009174,12913886.000000,113739542.120000,1605163383.360000,3253392000.000000,0.069511,14.758278,2018-03-31,2018-04-24,53.842676,,-10.271630,3.544255,8.611948
sz002863,2018-06-29,8.450000,8.800000,8.290000,8.720000,0.003452,15027128.000000,129618614.100000,1620026007.280000,3283516000.000000,0.080885,14.894928,2018-03-31,2018-04-24,54.341219,,-10.366737,3.577072,8.691688
sz002863,2018-06-28,8.500000,9.100000,8.180000,8.690000,0.038232,21115686.000000,181176278.460000,1614452523.310000,3272219500.000000,0.113658,14.843684,2018-03-31,2018-04-24,54.154266,,-10.331072,3.564766,8.661786
sz002863,2018-06-27,7.600000,8.370000,7.570000,8.370000,0.099869,6515266.000000,53255728.720000,1555002027.630000,3151723500.000000,0.035069,14.297081,2018-03-31,2018-04-24,52.160092,,-9.950641,3.433497,8.342825
sz002863,2018-06-26,7.400000,7.650000,7.230000,7.610000,0.018742,5373347.000000,40466325.460000,1413807100.390000,2865545500.000000,0.028923,12.998900,2018-03-31,2018-04-24,47.423931,,-9.047118,3.121734,7.585292
sz002863,2018-06-25,7.520000,7.670000,7.410000,7.470000,0.008097,5648641.000000,42804926.260000,1387797508.530000,2812828500.000000,0.030405,12.759761,2018-03-31,2018-04-24,46.551480,,-8.880680,3.064304,7.445747
sz002863,2018-06-22,7.240000,7.500000,6.980000,7.410000,0.020661,5000670.000000,36716840.900000,1376650540.590000,2790235500.000000,0.026917,12.657273,2018-03-31,2018-04-24,46.177573,,-8.809349,3.039691,7.385942
sz002863,2018-06-21,7.660000,7.740000,7.200000,7.260000,-0.048493,6198840.000000,46018569.700000,1348783120.740000,2733753000.000000,0.033366,12.401053,2018-03-31,2018-04-24,45.242804,,-8.631022,2.978159,7.236429
sz002863,2018-06-20,7.330000,7.740000,7.150000,7.630000,0.009259,7399539.000000,55671641.090000,1417522756.370000,2873076500.000000,0.039829,13.033062,2018-03-31,2018-04-24,47.548567,,-9.070895,3.129938,7.605227
sz002863,2018-06-19,8.180000,8.180000,7.560000,7.560000,-0.100000,6755600.000000,52467479.100000,1404517960.440000,2846718000.000000,0.036363,12.913493,2018-03-31,2018-04-24,47.112342,,-8.987676,3.101223,7.535455
sz002863,2018-06-15,9.090000,9.170000,8.200000,8.400000,-0.074890,8018773.000000,68433238.370000,1560575511.600000,3163020000.000000,0.043162,14.348325,2018-03-31,2018-04-24,52.347046,,-9.986307,3.445803,8.372727
sz002863,2018-06-14,9.160000,9.340000,9.080000,9.080000,-0.016251,5175287.000000,47436265.800000,1686907814.920000,3419074000.000000,0.027857,15.509856,2018-03-31,2018-04-24,56.584664,,-10.794722,3.724749,9.050519
sz002863,2018-06-13,9.630000,9.630000,9.200000,9.230000,-0.045502,6035380.000000,56702284.660000,1714775234.770000,3475556500.000000,0.032486,15.766077,2018-03-31,2018-04-24,57.519433,,-10.973049,3.786282,9.200032
sz002863,2018-06-12,9.450000,9.740000,9.150000,9.670000,0.023280,8078008.000000,77051182.670000,1796519666.330000,3641238500.000000,0.043481,16.517656,2018-03-31,2018-04-24,60.261421,,-11.496141,3.966776,9.638604
sz002863,2018-06-11,9.500000,9.590000,9.370000,9.450000,0.004251,3894738.000000,36923581.960000,1755647450.550000,3558397500.000000,0.020964,16.141866,2018-03-31,2018-04-24,58.890427,,-11.234595,3.876529,9.419318
sz002863,2018-06-08,9.500000,9.500000,9.230000,9.410000,-0.017745,5421740.000000,50767142.920000,1748216138.590000,3543335500.000000,0.029183,16.073541,2018-03-31,2018-04-24,58.641155,,-11.187041,3.860120,9.379448
sz002863,2018-06-07,9.990000,10.030000,9.550000,9.580000,-0.034274,7071772.000000,68780118.180000,1779799214.420000,3607349000.000000,0.038065,16.363923,2018-03-31,2018-04-24,59.700560,,-11.389145,3.929857,9.548896
sz002863,2018-06-06,9.680000,9.930000,9.600000,9.920000,0.019527,9682463.000000,94662644.460000,1842965366.080000,3735376000.000000,0.052117,16.944689,2018-03-31,2018-04-24,61.819369,,-11.793353,4.069330,9.887792
sz002863,2018-06-05,9.410000,9.780000,9.300000,9.730000,0.040642,8130142.000000,78126847.200000,1807666634.270000,3663831500.000000,0.043762,16.620144,2018-03-31,2018-04-24,60.635328,,-11.567472,3.991389,9.698409
sz002863,2018-06-04,9.390000,9.450000,9.220000,9.350000,0.004296,5061475.000000,47331526.060000,1737069170.650000,3520742500.000000,0.027244,15.971053,2018-03-31,2018-04-24,58.267248,,-11.115710,3.835507,9.319643
sz002863,2018-06-01,9.590000,9.650000,9.150000,9.310000,-0.039216,7652129.000000,71906185.510000,1729637858.690000,3505680500.000000,0.041189,15.902727,2018-03-31,2018-04-24,58.017976,,-11.068157,3.819099,9.279773
sz002863,2018-05-31,9.600000,9.880000,9.470000,9.690000,0.021075,7176900.000000,69524294.000000,1800235322.310000,3648769500.000000,0.038631,16.551818,2018-03-31,2018-04-24,60.386057,,-11.519918,3.974980,9.658539
sz002863,2018-05-30,10.200000,10.290000,9.480000,9.490000,-0.098765,12128334.000000,119605657.080000,1763078762.510000,3573459500.000000,0.065282,16.210191,2018-03-31,2018-04-24,59.139699,,-11.282149,3.892937,9.459188
sz002863,2018-05-29,10.640000,10.930000,10.380000,10.530000,-0.027701,9060202.000000,96385124.720000,1956292873.470000,3965071500.000000,0.048768,17.986651,2018-03-31,2018-04-24,65.620761,,-12.518549,4.319561,10.495812
sz002863,2018-05-28,11.200000,11.280000,10.780000,10.830000,-0.050000,13677820.000000,149739892.500000,2012027713.170000,4078036500.000000,0.073623,18.499091,2018-03-31,2018-04-24,67.490299,,-12.875202,4.442625,10.794838
sz002863,2018-05-25,11.120000,11.590000,11.010000,11.400000,0.025180,17895513.000000,204094678.350000,2117923908.600000,4292670000.000000,0.096325,19.472727,2018-03-31,2018-04-24,71.042420,,-13.552845,4.676447,11.362987
sz002863,2018-05-24,11.090000,11.330000,11.000000,11.120000,-0.028821,13396680.000000,149374864.200000,2065904724.880000,4187236000.000000,0.072109,18.994450,2018-03-31,2018-04-24,69.297518,,-13.219968,4.561587,11.083896
sz002863,2018-05-23,11.900000,12.170000,11.370000,11.450000,-0.002613,27347605.000000,320652665.480000,2127213048.550000,4311497500.000000,0.147202,19.558134,2018-03-31,2018-04-24,71.354009,,-13.612287,4.696958,11.412825
sz002863,2018-05-22,11.220000,11.480000,10.900000,11.480000,0.021352,17300033.000000,194041262.220000,2132786532.520000,4322794000.000000,0.093120,19.609378,2018-03-31,2018-04-24,71.540963,,-13.647952,4.709265,11.442727
sz002863,2018-05-21,10.960000,11.300000,10.960000,11.240000,0.019964,13435821.000000,150183467.910000,2088198660.760000,4232422000.000000,0.072320,19.199426,2018-03-31,2018-04-24,70.045333,,-13.362629,4.610813,11.203506
sz002863,2018-05-18,11.210000,11.320000,10.300000,11.020000,-0.016949,13821140.000000,151394513.100000,2047326444.980000,4149581000.000000,0.074394,18.823636,2018-03-31,2018-04-24,68.674339,,-13.101083,4.520566,10.984221
sz002863,2018-05-17,11.300000,11.370000,11.080000,11.210000,-0.025217,12585950.000000,140882348.000000,2082625176.790000,4221125500.000000,0.067746,19.148182,2018-03-31,2018-04-24,69.858379,,-13.326964,4.598507,11.173604
sz002863,2018-05-16,11.100000,11.750000,11.030000,11.500000,0.020408,20023634.000000,229268478.120000,2136502188.500000,4330325000.000000,0.107780,19.643541,2018-03-31,2018-04-24,71.665599,,-13.671729,4.717469,11.462662
sz002863,2018-05-15,11.030000,11.370000,11.030000,11.270000,0.016231,12603668.000000,141231706.730000,2093772144.730000,4243718500.000000,0.067841,19.250670,2018-03-31,2018-04-24,70.232287,,-13.398295,4.623120,11.233409
sz002863,2018-05-14,11.400000,11.480000,11.000000,11.090000,-0.012467,14025525.000000,157600944.160000,2060331240.910000,4175939500.000000,0.075494,18.943206,2018-03-31,2018-04-24,69.110565,,-13.184302,4.549281,11.053994
sz002863,2018-05-11,11.640000,11.690000,11.100000,11.230000,-0.053120,23449169.000000,265795854.790000,2086340832.770000,4228656500.000000,0.126218,19.182344,2018-03-31,2018-04-24,69.983015,,-13.350741,4.606711,11.193539
sz002863,2018-05-10,11.720000,12.300000,11.620000,11.860000,0.000000,30596315.000000,366691201.520000,2203383996.140000,4465883000.000000,0.164689,20.258469,2018-03-31,2018-04-24,73.909044,,-14.099714,4.865146,11.821494
sz002863,2018-05-09,11.380000,12.150000,11.370000,11.860000,0.027730,33484213.000000,394695357.440000,2203383996.140000,4465883000.000000,0.180233,20.258469,2018-03-31,2018-04-24,73.909044,,-14.099714,4.865146,11.821494
sz002863,2018-05-08,11.420000,11.780000,11.320000,11.540000,-0.023689,31897290.000000,367619660.290000,2143933500.460000,4345387000.000000,0.171691,19.711866,2018-03-31,2018-04-24,71.914871,,-13.719283,4.733878,11.502532
sz002863,2018-05-07,11.080000,12.250000,10.970000,11.820000,-0.022333,44393874.000000,510924357.120000,2195952684.180000,4450821000.000000,0.238956,20.190144,2018-03-31,2018-04-24,73.659772,,-14.052160,4.848738,11.781623
sz002863,2018-05-04,12.340000,13.550000,12.000000,12.090000,-0.029695,64009052.000000,804537541.900000,2246114039.910000,4552489500.000000,0.344537,20.651340,2018-03-31,2018-04-24,75.342356,,-14.373148,4.959496,12.050747
sz002863,2018-05-03,11.330000,12.460000,10.830000,12.460000,0.099735,51944294.000000,596184106.760000,2314853675.540000,4691813000.000000,0.279597,21.283349,2018-03-31,2018-04-24,77.648119,,-14.813021,5.111275,12.419545
sz002863,2018-05-02,10.030000,11.330000,10.020000,11.330000,0.100000,49266547.000000,546398186.490000,2104919112.670000,4266311500.000000,0.265184,19.353158,2018-03-31,2018-04-24,70.606194,,-13.469625,4.647732,11.293214
sz002863,2018-04-27,10.620000,11.500000,10.080000,10.300000,-0.014354,43529206.000000,474585350.890000,1913562829.700000,3878465000.000000,0.234302,17.593780,2018-03-31,2018-04-24,64.187449,,-12.245114,4.225211,10.266558
sz002863,2018-04-26,18.360000,18.750000,17.610000,17.850000,-0.040323,16762152.000000,304841428.660000,1950719382.150000,3953775000.000000,0.153382,17.850000,2018-03-31,2018-04-24,65.122218,,-12.423441,4.286744,10.416071
sz002863,2018-04-25,18.000000,18.640000,17.630000,18.600000,0.018062,24468594.000000,444152447.460000,2032682381.400000,4119900000.000000,0.223899,18.600000,2018-03-31,2018-04-24,67.858446,,-12.945434,4.466859,10.853721
sz002863,2018-04-24,16.600000,18.270000,16.600000,18.270000,0.099940,23759858.000000,424336583.500000,1996618661.730000,4046805000.000000,0.217414,18.270000,2018-03-31,2018-04-24,66.654506,,-12.715757,4.387608,10.661155
sz002863,2018-04-23,15.800000,17.100000,15.780000,16.610000,0.057962,10831476.000000,178151604.320000,1815207223.390000,3679115000.000000,0.099113,16.610000,2017-12-31,2018-03-20,55.366667,,-20.390376,4.051417,9.692490
sz002863,2018-04-20,16.420000,16.500000,15.600000,15.700000,-0.064920,8663888.000000,139161994.340000,1715758784.300000,3477550000.000000,0.079279,15.700000,2017-12-31,2018-03-20,52.333333,,-19.273263,3.829455,9.161475
sz002863,2018-04-19,16.040000,16.820000,16.000000,16.790000,0.026911,10615099.000000,175187360.250000,1834878343.210000,3718985000.000000,0.097133,16.790000,2017-12-31,2018-03-20,55.966667,,-20.611343,4.095322,9.797526
sz002863,2018-04-18,15.960000,16.470000,15.300000,16.350000,0.011757,10868822.000000,172743832.420000,907425000.000000,3621525000.000000,0.195835,16.350000,2017-12-31,2018-03-20,54.500000,,-20.071201,3.987999,9.540771
sz002863,2018-04-17,16.630000,17.180000,15.740000,16.160000,-0.049412,12740249.000000,209754876.730000,896880000.000000,3579440000.000000,0.229554,16.160000,2017-12-31,2018-03-20,53.866667,,-19.837957,3.941656,9.429900
sz002863,2018-04-16,17.250000,17.640000,16.730000,17.000000,-0.085530,19561865.000000,333044551.850000,943500000.000000,3765500000.000000,0.352466,17.000000,2017-12-31,2018-03-20,56.666667,,-20.869138,4.146544,9.920068
sz002863,2018-04-13,18.200000,19.500000,17.800000,18.590000,0.042040,25012547.000000,470996684.830000,1031745000.000000,4117685000.000000,0.450677,18.590000,2017-12-31,2018-03-20,61.966667,,-22.821016,4.534368,10.847886
sz002863,2018-04-12,18.950000,19.700000,17.750000,17.840000,-0.039828,28585160.000000,535370998.320000,990120000.000000,3951560000.000000,0.515048,17.840000,2017-12-31,2018-03-20,59.466667,,-21.900319,4.351432,10.410236
sz002863,2018-04-11,17.150000,18.580000,17.040000,18.580000,0.100059,18187796.000000,322550217.210000,1031190000.000000,4115470000.000000,0.327708,18.580000,2017-12-31,2018-03-20,61.933333,,-22.808740,4.531928,10.842051
sz002863,2018-04-10,16.240000,17.300000,16.240000,16.890000,0.049068,14218096.000000,240109521.240000,937395000.000000,3741135000.000000,0.256182,16.890000,2017-12-31,2018-03-20,56.300000,,-20.734103,4.119713,9.855879
sz002863,2018-04-09,16.400000,16.400000,15.180000,16.100000,-0.031870,6924281.000000,110214929.040000,893550000.000000,3566150000.000000,0.124762,16.100000,2017-12-31,2018-03-20,53.666667,,-19.764301,3.927021,9.394888
sz002863,2018-04-04,16.830000,17.240000,16.560000,16.630000,-0.014226,9263999.000000,157028259.280000,922965000.000000,3683545000.000000,0.166919,16.630000,2017-12-31,2018-03-20,55.433333,,-20.414928,4.056295,9.704161
sz002863,2018-04-03,16.330000,16.960000,16.100000,16.870000,0.001781,8379593.000000,138517041.290000,936285000.000000,3736705000.000000,0.150984,16.870000,2017-12-31,2018-03-20,56.233333,,-20.709551,4.114835,9.844209
sz002863,2018-04-02,16.820000,16.980000,16.530000,16.840000,-0.017503,11197585.000000,187677301.000000,934620000.000000,3730060000.000000,0.201758,16.840000,2017-12-31,2018-03-20,56.133333,,-20.672723,4.107517,9.826703
sz002863,2018-03-30,16.280000,17.560000,16.260000,17.140000,0.066584,17641885.000000,298377714.000000,951270000.000000,3796510000.000000,0.317872,17.140000,2017-12-31,2018-03-20,57.133333,,-21.041002,4.180692,10.001763
sz002863,2018-03-29,15.920000,16.350000,15.600000,16.070000,0.010692,6534100.000000,104414700.000000,891885000.000000,3559505000.000000,0.117732,16.070000,2017-12-31,2018-03-20,53.566667,,-19.727474,3.919703,9.377382
sz002863,2018-03-28,15.790000,16.220000,15.550000,15.900000,-0.019124,8412089.000000,134015168.000000,882450000.000000,3521850000.000000,0.151569,15.900000,2017-12-31,2018-03-20,53.000000,,-19.518782,3.878238,9.278181
sz002863,2018-03-27,15.680000,16.480000,15.530000,16.210000,0.044459,10771799.000000,173102134.000000,899655000.000000,3590515000.000000,0.194086,16.210000,2017-12-31,2018-03-20,54.033333,,-19.899337,3.953851,9.459077
sz002863,2018-03-26,14.550000,15.700000,14.160000,15.520000,0.011075,8313287.000000,124832817.000000,861360000.000000,3437680000.000000,0.149789,15.520000,2017-12-31,2018-03-20,51.733333,,-19.052296,3.785551,9.056439
sz002863,2018-03-23,15.900000,16.280000,15.350000,15.350000,-0.100234,10231351.000000,161078838.000000,851925000.000000,3400025000.000000,0.184349,15.350000,2017-12-31,2018-03-20,51.166667,,-18.843604,3.744085,8.957238
sz002863,2018-03-22,16.680000,17.200000,16.620000,17.060000,0.014872,9329934.000000,158102516.000000,946830000.000000,3778790000.000000,0.168107,17.060000,2017-12-31,2018-03-20,56.866667,,-20.942794,4.161179,9.955080
sz002863,2018-03-21,17.010000,17.480000,16.750000,16.810000,-0.011176,14909020.000000,256228663.960000,932955000.000000,3723415000.000000,0.268631,16.810000,2017-12-31,2018-03-20,56.033333,,-20.635895,4.100200,9.809197
sz002863,2018-03-20,16.780000,17.080000,16.100000,17.000000,-0.013921,13703715.000000,226564196.000000,943500000.000000,3765500000.000000,0.246914,17.000000,2017-12-31,2018-03-20,56.666667,,-20.869138,4.146544,9.920068
sz002863,2018-03-19,17.040000,17.760000,16.850000,17.240000,0.011737,14490332.000000,251196212.510000,956820000.000000,3818660000.000000,0.261087,17.240000,2017-09-30,2017-10-31,46.406460,,17.451159,4.304834,10.060116
sz002863,2018-03-16,16.810000,17.470000,16.740000,17.040000,0.005310,13947900.000000,237445493.850000,945720000.000000,3774360000.000000,0.251314,17.040000,2017-09-30,2017-10-31,45.868102,,17.248709,4.254894,9.943409
sz002863,2018-03-15,17.540000,17.650000,16.380000,16.950000,-0.068681,20156812.000000,340173366.030000,940725000.000000,3754425000.000000,0.363186,16.950000,2017-09-30,2017-10-31,45.625841,,17.157607,4.232421,9.890891
sz002863,2018-03-14,18.400000,18.750000,18.060000,18.200000,-0.001646,16908136.000000,311540365.770000,1010100000.000000,4031300000.000000,0.304651,18.200000,2017-09-30,2017-10-31,48.990579,,18.422917,4.544547,10.620308
sz002863,2018-03-13,18.930000,19.230000,17.920000,18.230000,-0.062725,22491898.000000,418097946.680000,1011765000.000000,4037945000.000000,0.405259,18.230000,2017-09-30,2017-10-31,49.071332,,18.453285,4.552038,10.637814
sz002863,2018-03-12,19.510000,20.350000,19.110000,19.450000,0.014077,28131941.000000,551882328.020000,1079475000.000000,4308175000.000000,0.506882,19.450000,2017-09-30,2017-10-31,52.355316,,19.688228,4.856672,11.349725
sz002863,2018-03-09,18.980000,20.190000,18.030000,19.180000,0.025120,33841643.000000,646975132.220000,1064490000.000000,4248370000.000000,0.609759,19.180000,2017-09-30,2017-10-31,51.628533,,19.414921,4.789253,11.192171
sz002863,2018-03-08,17.020000,18.710000,16.600000,18.710000,0.099941,31421426.000000,551626792.830000,1038405000.000000,4144265000.000000,0.566152,18.710000,2017-09-30,2017-10-31,50.363392,,18.939164,4.671894,10.917910
sz002863,2018-03-07,15.660000,17.010000,15.660000,17.010000,0.100259,27989209.000000,468705672.690000,944055000.000000,3767715000.000000,0.504310,17.010000,2017-09-30,2017-10-31,45.787349,,17.218342,4.247403,9.925903
sz002863,2018-03-06,15.100000,15.860000,15.060000,15.460000,0.026560,13511630.000000,209412029.180000,858030000.000000,3424390000.000000,0.243453,15.460000,2017-09-30,2017-10-31,41.615074,,15.649357,3.860368,9.021427
sz002863,2018-03-05,14.910000,15.160000,14.900000,15.060000,0.008032,6646151.000000,99976862.570000,835830000.000000,3335790000.000000,0.119750,15.060000,2017-09-30,2017-10-31,40.538358,,15.244458,3.760487,8.788013
sz002863,2018-03-02,15.200000,15.400000,14.850000,14.940000,-0.041078,9710685.000000,146923448.900000,829170000.000000,3309210000.000000,0.174967,14.940000,2017-09-30,2017-10-31,40.215343,,15.122988,3.730523,8.717989
sz002863,2018-03-01,14.950000,15.960000,14.830000,15.580000,0.035904,13738089.000000,211776903.270000,864690000.000000,3450970000.000000,0.247533,15.580000,2017-09-30,2017-10-31,41.938089,,15.770827,3.890332,9.091451
sz002863,2018-02-28,14.900000,15.180000,14.500000,15.040000,-0.028424,10675865.000000,158773141.430000,834720000.000000,3331360000.000000,0.192358,15.040000,2017-09-30,2017-10-31,40.484522,,15.224213,3.755493,8.776343
sz002863,2018-02-27,15.020000,15.930000,14.800000,15.480000,0.011765,17900300.000000,275150000.000000,859000000.000000,3429000000.000000,0.322580,15.480000,2017-09-30,2017-10-31,41.668910,,15.669602,3.865362,9.033097
sz002863,2018-02-26,14.270000,15.650000,14.180000,15.300000,0.075193,16816103.000000,248963727.190000,849150000.000000,3388950000.000000,0.302993,15.300000,2017-09-30,2017-10-31,41.184388,,15.487398,3.820416,8.928061
sz002863,2018-02-23,14.000000,14.950000,13.900000,14.230000,0.001407,11358724.000000,163154500.940000,789765000.000000,3151945000.000000,0.204662,14.230000,2017-09-30,2017-10-31,38.304172,,14.404292,3.553236,8.303680
sz002863,2018-02-22,14.180000,14.300000,13.820000,14.210000,0.020101,9767564.000000,137686846.240000,788655000.000000,3147515000.000000,0.175992,14.210000,2017-09-30,2017-10-31,38.250336,,14.384047,3.548242,8.292010
sz002863,2018-02-14,13.930000,14.460000,13.870000,13.930000,-0.022456,9783880.000000,138240582.010000,773115000.000000,3085495000.000000,0.176286,13.930000,2017-09-30,2017-10-31,37.496635,,14.100617,3.478326,8.128620
sz002863,2018-02-13,14.600000,14.900000,13.910000,14.250000,0.036364,15926346.000000,228619653.640000,790875000.000000,3156375000.000000,0.286961,14.250000,2017-09-30,2017-10-31,38.358008,,14.424537,3.558230,8.315351
sz002863,2018-02-12,12.670000,13.750000,12.670000,13.750000,0.100000,5162200.000000,68850000.000000,763000000.000000,3046000000.000000,0.093028,13.750000,2017-09-30,2017-10-31,37.012113,,13.918413,3.433380,8.023584
sz002863,2018-02-09,12.970000,13.190000,12.390000,12.500000,-0.087591,9732221.000000,124628671.370000,693750000.000000,2768750000.000000,0.175355,12.500000,2017-09-30,2017-10-31,33.647376,,12.653103,3.121254,7.294168
sz002863,2018-02-08,13.280000,13.980000,12.920000,13.700000,0.017831,9629314.000000,131043095.840000,760350000.000000,3034550000.000000,0.173501,13.700000,2017-09-30,2017-10-31,36.877524,,13.867800,3.420895,7.994408
sz002863,2018-02-07,14.180000,14.360000,12.660000,13.460000,-0.030259,12982887.000000,177907563.820000,747030000.000000,2981390000.000000,0.233926,13.460000,2017-09-30,2017-10-31,36.231494,,13.624861,3.360967,7.854360
sz002863,2018-02-06,14.500000,14.890000,13.880000,13.880000,-0.099870,13645566.000000,193934514.330000,770340000.000000,3074420000.000000,0.245866,13.880000,2017-09-30,2017-10-31,37.362046,,14.050005,3.465841,8.099444
sz002863,2018-02-05,15.720000,15.970000,15.020000,15.420000,-0.056881,15033791.000000,233172440.700000,855810000.000000,3415530000.000000,0.270879,15.420000,2017-09-30,2017-10-31,41.507402,,15.608867,3.850380,8.998085
sz002863,2018-02-02,15.730000,16.950000,15.000000,16.350000,0.016159,26257693.000000,421220583.820000,907425000.000000,3621525000.000000,0.473112,16.350000,2017-09-30,2017-10-31,44.010767,,16.550258,4.082601,9.540771
sz002863,2018-02-01,14.780000,16.090000,14.330000,16.090000,0.099795,20398988.000000,312596888.780000,892995000.000000,3563935000.000000,0.367549,16.090000,2017-09-30,2017-10-31,43.310902,,16.287074,4.017679,9.389053
sz002863,2018-01-31,15.110000,15.400000,14.420000,14.630000,-0.031767,13549643.000000,202803614.260000,811965000.000000,3240545000.000000,0.244138,14.630000,2017-09-30,2017-10-31,39.380888,,14.809191,3.653116,8.537094
sz002863,2018-01-30,15.970000,16.170000,14.830000,15.110000,-0.050879,16008232.000000,245161313.070000,838605000.000000,3346865000.000000,0.288437,15.110000,2017-09-30,2017-10-31,40.672948,,15.295070,3.772972,8.817190
sz002863,2018-01-29,15.760000,16.360000,15.640000,15.920000,-0.005000,13947876.000000,223268035.580000,883560000.000000,3526280000.000000,0.251313,15.920000,2017-09-30,2017-10-31,42.853297,,16.114991,3.975230,9.289852
sz002863,2018-01-26,16.090000,16.500000,15.520000,16.000000,-0.005594,16528367.000000,265691859.240000,888000000.000000,3544000000.000000,0.297808,16.000000,2017-09-30,2017-10-31,43.068641,,16.195971,3.995206,9.336535
sz002863,2018-01-25,16.110000,16.970000,15.710000,16.090000,-0.077937,27393564.000000,446226624.560000,892995000.000000,3563935000.000000,0.493578,16.090000,2017-09-30,2017-10-31,43.310902,,16.287074,4.017679,9.389053
sz002863,2018-01-24,16.310000,18.500000,16.010000,17.450000,0.037455,38007031.000000,673061168.460000,968475000.000000,3865175000.000000,0.684811,17.450000,2017-09-30,2017-10-31,46.971736,,17.663731,4.357271,10.182658
sz002863,2018-01-23,15.500000,16.820000,15.410000,16.820000,0.100065,29668917.000000,488889391.080000,933510000.000000,3725630000.000000,0.534575,16.820000,2017-09-30,2017-10-31,45.275908,,17.026015,4.199960,9.815032
sz002863,2018-01-22,17.490000,17.490000,15.290000,15.290000,-0.068251,22207343.000000,361185006.990000,848595000.000000,3386735000.000000,0.400132,15.290000,2017-09-30,2017-10-31,41.157470,,15.477275,3.817918,8.922226
sz002863,2018-01-19,16.000000,16.410000,15.790000,16.410000,0.099866,15068097.000000,244107793.140000,910755000.000000,3634815000.000000,0.271497,16.410000,2017-09-30,2017-10-31,44.172275,,16.610993,4.097583,9.575783
sz002863,2018-01-18,14.920000,14.920000,14.900000,14.920000,0.100295,9875417.000000,147338991.540000,828060000.000000,3304780000.000000,0.177935,14.920000,2017-09-30,2017-10-31,40.161507,,15.102743,3.725529,8.706319
sz002863,2018-01-17,13.560000,13.560000,13.560000,13.560000,0.099757,2856266.000000,38730966.960000,752580000.000000,3003540000.000000,0.051464,13.560000,2017-09-30,2017-10-31,36.500673,,13.726086,3.385937,7.912713
sz002863,2018-01-16,12.020000,12.330000,11.910000,12.330000,0.025790,3371120.000000,41224018.680000,684315000.000000,2731095000.000000,0.060741,12.330000,2017-09-30,2017-10-31,33.189771,,12.481020,3.078805,7.194967
sz002863,2018-01-15,12.680000,12.690000,11.980000,12.020000,-0.049802,5301466.000000,64555280.900000,667110000.000000,2662430000.000000,0.095522,12.020000,2017-09-30,2017-10-31,32.355316,,12.167223,3.001398,7.014072
sz002863,2018-01-12,12.870000,12.870000,12.650000,12.650000,-0.015564,3251968.000000,41467073.560000,702075000.000000,2801975000.000000,0.058594,12.650000,2017-09-30,2017-10-31,34.051144,,12.804940,3.158710,7.381698
sz002863,2018-01-11,12.790000,12.950000,12.650000,12.850000,-0.000778,3453649.000000,44272145.500000,713175000.000000,2846275000.000000,0.062228,12.850000,2017-09-30,2017-10-31,34.589502,,13.007389,3.208650,7.498404
sz002863,2018-01-10,13.340000,13.340000,12.750000,12.860000,-0.035982,5991478.000000,77578439.850000,713730000.000000,2848490000.000000,0.107955,12.860000,2017-09-30,2017-10-31,34.616420,,13.017512,3.211147,7.504240
sz002863,2018-01-09,12.990000,13.360000,12.880000,13.340000,0.028527,8307904.000000,109778612.090000,740370000.000000,2954810000.000000,0.149692,13.340000,2017-09-30,2017-10-31,35.908479,,13.503391,3.331003,7.784336
sz002863,2018-01-08,12.850000,12.970000,12.790000,12.970000,0.013281,5607636.000000,72286467.530000,719835000.000000,2872855000.000000,0.101038,12.970000,2017-09-30,2017-10-31,34.912517,,13.128859,3.238614,7.568428
sz002863,2018-01-05,12.700000,12.860000,12.670000,12.800000,0.003922,3775391.000000,48274798.570000,710400000.000000,2835200000.000000,0.068025,12.800000,2017-09-30,2017-10-31,34.454913,,12.956777,3.196165,7.469228
sz002863,2018-01-04,12.700000,12.920000,12.640000,12.750000,0.000000,4571323.000000,58432346.580000,707625000.000000,2824125000.000000,0.082366,12.750000,2017-09-30,2017-10-31,34.320323,,12.906165,3.183680,7.440051
sz002863,2018-01-03,12.720000,12.800000,12.610000,12.750000,0.000000,4512195.000000,57339999.000000,707625000.000000,2824125000.000000,0.081301,12.750000,2017-09-30,2017-10-31,34.320323,,12.906165,3.183680,7.440051
sz002863,2018-01-02,12.710000,12.780000,12.580000,12.750000,0.006314,4415236.000000,56101427.150000,707625000.000000,2824125000.000000,0.079554,12.750000,2017-09-30,2017-10-31,34.320323,,12.906165,3.183680,7.440051
sz002863,2017-12-29,12.780000,12.790000,12.570000,12.670000,-0.003147,4777765.000000,60492079.050000,703185000.000000,2806405000.000000,0.086086,12.670000,2017-09-30,2017-10-31,34.104980,,12.825185,3.163704,7.393368
sz002863,2017-12-28,12.970000,12.970000,12.610000,12.710000,-0.017774,6132883.000000,78457702.830000,705405000.000000,2815265000.000000,0.110502,12.710000,2017-09-30,2017-10-31,34.212651,,12.865675,3.173692,7.416710
sz002863,2017-12-27,12.890000,13.190000,12.790000,12.940000,0.000000,6491645.000000,84311572.330000,718170000.000000,2866210000.000000,0.116967,12.940000,2017-09-30,2017-10-31,34.831763,,13.098492,3.231123,7.550922
sz002863,2017-12-26,12.720000,13.220000,12.520000,12.940000,0.012520,9495019.000000,122627247.680000,718170000.000000,2866210000.000000,0.171081,12.940000,2017-09-30,2017-10-31,34.831763,,13.098492,3.231123,7.550922
sz002863,2017-12-25,13.450000,13.600000,12.680000,12.780000,-0.092974,15468145.000000,202758750.620000,709290000.000000,2830770000.000000,0.278705,12.780000,2017-09-30,2017-10-31,34.401077,,12.936532,3.191171,7.457557
sz002863,2017-12-22,14.090000,14.980000,14.090000,14.090000,-0.100255,21901516.000000,311736096.950000,781995000.000000,3120935000.000000,0.394622,14.090000,2017-09-30,2017-10-31,37.927322,,14.262577,3.518278,8.221986
sz002863,2017-12-21,17.000000,17.300000,15.660000,15.660000,-0.100000,7567900.000000,121255139.390000,869130000.000000,3468690000.000000,0.136359,15.660000,2017-09-30,2017-10-31,42.153432,,15.851807,3.910308,9.138133
sz002863,2017-12-20,18.500000,18.700000,17.010000,17.400000,-0.079365,11530358.000000,204999608.350000,965700000.000000,3854100000.000000,0.207754,17.400000,2017-09-30,2017-10-31,46.837147,,17.613119,4.344786,10.153481
sz002863,2017-12-19,18.230000,18.900000,17.780000,18.900000,0.037322,6588339.000000,120687012.920000,1048950000.000000,4186350000.000000,0.118709,18.900000,2017-09-30,2017-10-31,50.874832,,19.131491,4.719337,11.028782
sz002863,2017-12-18,18.180000,18.220000,17.710000,18.220000,0.012222,4292456.000000,77057631.440000,1011210000.000000,4035730000.000000,0.077342,18.220000,2017-09-30,2017-10-31,49.044415,,18.443162,4.549541,10.631979
sz002863,2017-12-15,18.100000,18.360000,17.840000,18.000000,-0.007170,7672612.000000,138433500.660000,999000000.000000,3987000000.000000,0.138245,18.000000,2017-09-30,2017-10-31,48.452221,,18.220468,4.494606,10.503601
sz002863,2017-12-14,17.200000,18.180000,16.900000,18.130000,0.063343,11719326.000000,206279256.770000,1006215000.000000,4015795000.000000,0.211159,18.130000,2017-09-30,2017-10-31,48.802153,,18.352060,4.527068,10.579461
sz002863,2017-12-13,16.200000,17.050000,16.000000,17.050000,0.047941,7831135.000000,129377490.430000,946275000.000000,3776575000.000000,0.141102,17.050000,2017-09-30,2017-10-31,45.895020,,17.258832,4.257391,9.949245
sz002863,2017-12-12,16.710000,16.940000,15.980000,16.270000,-0.038984,11024062.000000,180854328.900000,902985000.000000,3603805000.000000,0.198632,16.270000,2017-09-30,2017-10-31,43.795424,,16.469278,4.062625,9.494089
sz002863,2017-12-11,15.840000,17.080000,15.800000,16.930000,0.066793,12264551.000000,203403101.960000,939615000.000000,3749995000.000000,0.220983,16.930000,2017-09-30,2017-10-31,45.572005,,17.137362,4.227427,9.879221
sz002863,2017-12-08,14.840000,15.900000,14.700000,15.870000,0.058706,8059684.000000,125392278.270000,880785000.000000,3515205000.000000,0.145220,15.870000,2017-09-30,2017-10-31,42.718708,,16.064379,3.962745,9.260675
sz002863,2017-12-07,15.140000,15.140000,14.980000,14.990000,-0.007942,1479037.000000,22232528.820000,831945000.000000,3320285000.000000,0.026649,14.990000,2017-09-30,2017-10-31,40.349933,,15.173601,3.743008,8.747166
sz002863,2017-12-06,15.020000,15.180000,14.880000,15.110000,0.005992,2668464.000000,40148208.220000,838605000.000000,3346865000.000000,0.048080,15.110000,2017-09-30,2017-10-31,40.672948,,15.295070,3.772972,8.817190
sz002863,2017-12-05,14.860000,15.110000,14.720000,15.020000,0.008054,4285593.000000,64339955.370000,833610000.000000,3326930000.000000,0.077218,15.020000,2017-09-30,2017-10-31,40.430686,,15.203968,3.750499,8.764672
sz002863,2017-12-04,14.840000,14.910000,14.620000,14.900000,0.004043,1722879.000000,25535406.200000,826950000.000000,3300350000.000000,0.031043,14.900000,2017-09-30,2017-10-31,40.107672,,15.082498,3.720535,8.694648
sz002863,2017-12-01,14.770000,14.860000,14.630000,14.840000,0.004739,2058938.000000,30347872.350000,823620000.000000,3287060000.000000,0.037098,14.840000,2017-09-30,2017-10-31,39.946164,,15.021763,3.705553,8.659636
sz002863,2017-11-30,14.730000,14.820000,14.430000,14.770000,0.002035,966712.000000,14162539.200000,819735000.000000,3271555000.000000,0.017418,14.770000,2017-09-30,2017-10-31,39.757739,,14.950906,3.688074,8.618789
sz002863,2017-11-29,14.900000,14.900000,14.500000,14.740000,-0.013387,1707248.000000,25015515.650000,818070000.000000,3264910000.000000,0.030761,14.740000,2017-09-30,2017-10-31,39.676985,,14.920539,3.680583,8.601283
sz002863,2017-11-28,14.710000,14.980000,14.650000,14.940000,0.016327,2355929.000000,35007232.750000,829170000.000000,3309210000.000000,0.042449,14.940000,2017-09-30,2017-10-31,40.215343,,15.122988,3.730523,8.717989
sz002863,2017-11-27,14.690000,14.970000,14.610000,14.700000,-0.004739,2093536.000000,31048253.760000,815850000.000000,3256050000.000000,0.037721,14.700000,2017-09-30,2017-10-31,39.569314,,14.880049,3.670595,8.577941
sz002863,2017-11-24,14.570000,14.830000,14.560000,14.770000,0.013727,2128464.000000,31320516.840000,819735000.000000,3271555000.000000,0.038351,14.770000,2017-09-30,2017-10-31,39.757739,,14.950906,3.688074,8.618789
sz002863,2017-11-23,14.700000,14.790000,14.300000,14.570000,0.001375,3460776.000000,50546418.500000,808635000.000000,3227255000.000000,0.062356,14.570000,2017-09-30,2017-10-31,39.219381,,14.748456,3.638134,8.502082
sz002863,2017-11-22,14.030000,14.860000,14.030000,14.550000,0.026817,3621383.000000,52879924.640000,807525000.000000,3222825000.000000,0.065250,14.550000,2017-09-30,2017-10-31,39.165545,,14.728211,3.633140,8.490411
sz002863,2017-11-21,13.910000,14.320000,13.750000,14.170000,0.016499,2867900.000000,40629909.000000,786435000.000000,3138655000.000000,0.051674,14.170000,2017-09-30,2017-10-31,38.142665,,14.343557,3.538254,8.268668
sz002863,2017-11-20,13.500000,13.970000,13.220000,13.940000,0.019006,2536592.000000,34717034.640000,773670000.000000,3087710000.000000,0.045704,13.940000,2017-09-30,2017-10-31,37.523553,,14.110740,3.480823,8.134456
sz002863,2017-11-17,14.770000,14.820000,13.670000,13.680000,-0.077546,5022866.000000,70966732.730000,759240000.000000,3030120000.000000,0.090502,13.680000,2017-09-30,2017-10-31,36.823688,,13.847555,3.415901,7.982737
sz002863,2017-11-16,15.500000,15.840000,14.830000,14.830000,-0.041370,6494800.000000,98570415.380000,823065000.000000,3284845000.000000,0.117023,14.830000,2017-09-30,2017-10-31,39.919246,,15.011641,3.703056,8.653801
sz002863,2017-11-15,14.750000,15.660000,14.750000,15.470000,0.040350,7402533.000000,112920393.560000,858585000.000000,3426605000.000000,0.133379,15.470000,2017-09-30,2017-10-31,41.641992,,15.659480,3.862865,9.027262
sz002863,2017-11-14,14.930000,15.000000,14.760000,14.870000,-0.000672,3150662.000000,46902252.740000,825285000.000000,3293705000.000000,0.056769,14.870000,2017-09-30,2017-10-31,40.026918,,15.052131,3.713044,8.677142
sz002863,2017-11-13,15.000000,15.220000,14.810000,14.880000,-0.024262,6305007.000000,94076164.590000,825840000.000000,3295920000.000000,0.113604,14.880000,2017-09-30,2017-10-31,40.053836,,15.062253,3.715541,8.682977
sz002863,2017-11-10,15.910000,16.050000,15.250000,15.250000,-0.000655,10679840.000000,167056577.300000,846375000.000000,3377875000.000000,0.192430,15.250000,2017-09-30,2017-10-31,41.049798,,15.436785,3.807930,8.898885
sz002863,2017-11-09,14.790000,15.320000,14.770000,15.260000,0.026227,4872243.000000,73497504.530000,846930000.000000,3380090000.000000,0.087788,15.260000,2017-09-30,2017-10-31,41.076716,,15.446908,3.810427,8.904720
sz002863,2017-11-08,14.740000,15.090000,14.670000,14.870000,0.010190,2989737.000000,44699967.090000,825285000.000000,3293705000.000000,0.053869,14.870000,2017-09-30,2017-10-31,40.026918,,15.052131,3.713044,8.677142
sz002863,2017-11-07,14.760000,14.760000,14.540000,14.720000,-0.002710,1580081.000000,23126035.750000,816960000.000000,3260480000.000000,0.028470,14.720000,2017-09-30,2017-10-31,39.623149,,14.900294,3.675589,8.589612
sz002863,2017-11-06,14.630000,14.760000,14.560000,14.760000,0.008886,2324653.000000,34069855.600000,819180000.000000,3269340000.000000,0.041886,14.760000,2017-09-30,2017-10-31,39.730821,,14.940783,3.685577,8.612953
sz002863,2017-11-03,14.690000,14.690000,14.450000,14.630000,-0.006789,1604500.000000,23357470.090000,811965000.000000,3240545000.000000,0.028910,14.630000,2017-09-30,2017-10-31,39.380888,,14.809191,3.653116,8.537094
sz002863,2017-11-02,14.820000,14.820000,14.450000,14.730000,-0.006743,1997769.000000,29188526.810000,817515000.000000,3262695000.000000,0.035996,14.730000,2017-09-30,2017-10-31,39.650067,,14.910416,3.678086,8.595447
sz002863,2017-11-01,14.720000,14.990000,14.700000,14.830000,-0.003360,1596732.000000,23691832.780000,823065000.000000,3284845000.000000,0.028770,14.830000,2017-09-30,2017-10-31,39.919246,,15.011641,3.703056,8.653801
sz002863,2017-10-31,14.800000,14.960000,14.540000,14.880000,-0.002681,2601397.000000,38330155.900000,825840000.000000,3295920000.000000,0.046872,14.880000,2017-09-30,2017-10-31,40.053836,,15.062253,3.715541,8.682977
sz002863,2017-10-30,15.210000,15.320000,14.620000,14.920000,-0.024837,2542228.000000,37820892.360000,828060000.000000,3304780000.000000,0.045806,14.920000,2017-06-30,2017-08-22,36.894164,,15.102743,3.750628,8.706319
sz002863,2017-10-27,15.300000,15.420000,15.180000,15.300000,0.000654,2196515.000000,33558565.620000,849150000.000000,3388950000.000000,0.039577,15.300000,2017-06-30,2017-08-22,37.833828,,15.487398,3.846154,8.928061
sz002863,2017-10-26,15.250000,15.380000,15.210000,15.290000,-0.003259,2582892.000000,39464143.990000,848595000.000000,3386735000.000000,0.046539,15.290000,2017-06-30,2017-08-22,37.809100,,15.477275,3.843640,8.922226
sz002863,2017-10-25,14.890000,15.490000,14.770000,15.340000,0.028150,4342613.000000,66249568.490000,851370000.000000,3397810000.000000,0.078245,15.340000,2017-06-30,2017-08-22,37.932740,,15.527887,3.856209,8.951403
sz002863,2017-10-24,14.710000,14.920000,14.580000,14.920000,0.002688,1821064.000000,26861416.780000,828060000.000000,3304780000.000000,0.032812,14.920000,2017-06-30,2017-08-22,36.894164,,15.102743,3.750628,8.706319
sz002863,2017-10-23,14.700000,14.900000,14.550000,14.880000,0.014315,1328798.000000,19701533.420000,825840000.000000,3295920000.000000,0.023942,14.880000,2017-06-30,2017-08-22,36.795252,,15.062253,3.740573,8.682977
sz002863,2017-10-20,14.510000,14.670000,14.480000,14.670000,0.011724,1060932.000000,15475671.640000,814185000.000000,3249405000.000000,0.019116,14.670000,2017-06-30,2017-08-22,36.275964,,14.849681,3.687783,8.560435
sz002863,2017-10-19,14.800000,14.870000,14.350000,14.500000,-0.022252,2041247.000000,29724924.740000,804750000.000000,3211750000.000000,0.036779,14.500000,2017-06-30,2017-08-22,35.855589,,14.677599,3.645048,8.461234
sz002863,2017-10-18,15.020000,15.330000,14.810000,14.830000,-0.011992,2436844.000000,36792864.690000,823065000.000000,3284845000.000000,0.043907,14.830000,2017-06-30,2017-08-22,36.671612,,15.011641,3.728004,8.653801
sz002863,2017-10-17,14.890000,15.150000,14.730000,15.010000,0.010094,1665572.000000,24918556.500000,833055000.000000,3324715000.000000,0.030010,15.010000,2017-06-30,2017-08-22,37.116716,,15.193846,3.773253,8.758837
sz002863,2017-10-16,15.530000,15.530000,14.800000,14.860000,-0.041290,3057520.000000,46229568.390000,824730000.000000,3291490000.000000,0.055090,14.860000,2017-06-30,2017-08-22,36.745796,,15.042008,3.735546,8.671307
sz002863,2017-10-13,15.160000,15.520000,15.160000,15.500000,0.019066,3699060.000000,56987228.870000,860250000.000000,3433250000.000000,0.066650,15.500000,2017-06-30,2017-08-22,38.328388,,15.689847,3.896430,9.044768
sz002863,2017-10-12,15.260000,15.360000,15.050000,15.210000,-0.005882,2127164.000000,32361133.950000,844155000.000000,3369015000.000000,0.038327,15.210000,2017-06-30,2017-08-22,37.611276,,15.396295,3.823529,8.875543
sz002863,2017-10-11,15.360000,15.450000,15.180000,15.300000,-0.001957,3036535.000000,46516774.100000,849150000.000000,3388950000.000000,0.054712,15.300000,2017-06-30,2017-08-22,37.833828,,15.487398,3.846154,8.928061
sz002863,2017-10-10,14.970000,15.340000,14.900000,15.330000,0.024048,2783009.000000,42304668.980000,850815000.000000,3395595000.000000,0.050144,15.330000,2017-06-30,2017-08-22,37.908012,,15.517765,3.853695,8.945567
sz002863,2017-10-09,15.050000,15.140000,14.900000,14.970000,0.008760,1789481.000000,26884758.090000,830835000.000000,3315855000.000000,0.032243,14.970000,2017-06-30,2017-08-22,37.017804,,15.153356,3.763198,8.735495
sz002863,2017-09-29,14.980000,14.980000,14.730000,14.840000,-0.008684,2496878.000000,36966536.030000,823620000.000000,3287060000.000000,0.044989,14.840000,2017-06-30,2017-08-22,36.696340,,15.021763,3.730518,8.659636
sz002863,2017-09-28,14.740000,14.970000,14.670000,14.970000,0.015604,2482069.000000,36932530.470000,830835000.000000,3315855000.000000,0.044722,14.970000,2017-06-30,2017-08-22,37.017804,,15.153356,3.763198,8.735495
sz002863,2017-09-27,14.550000,14.780000,14.450000,14.740000,0.013058,1384724.000000,20313784.330000,818070000.000000,3264910000.000000,0.024950,14.740000,2017-06-30,2017-08-22,36.449060,,14.920539,3.705380,8.601283
sz002863,2017-09-26,15.120000,15.170000,14.330000,14.550000,-0.037698,3318229.000000,48901205.300000,807525000.000000,3222825000.000000,0.059788,14.550000,2017-06-30,2017-08-22,35.979228,,14.728211,3.657617,8.490411
sz002863,2017-09-25,15.210000,15.470000,15.110000,15.120000,-0.011118,2166712.000000,33174912.110000,839160000.000000,3349080000.000000,0.039040,15.120000,2017-06-30,2017-08-22,37.388724,,15.305193,3.800905,8.823025
sz002863,2017-09-22,15.200000,15.360000,15.020000,15.290000,0.006583,2591804.000000,39400302.980000,848595000.000000,3386735000.000000,0.046699,15.290000,2017-06-30,2017-08-22,37.809100,,15.477275,3.843640,8.922226
sz002863,2017-09-21,15.310000,15.470000,15.160000,15.190000,-0.008486,2406984.000000,36864279.370000,843045000.000000,3364585000.000000,0.043369,15.190000,2017-06-30,2017-08-22,37.561820,,15.376050,3.818502,8.863873
sz002863,2017-09-20,15.110000,15.330000,15.080000,15.320000,0.009888,2358387.000000,35871206.740000,850260000.000000,3393380000.000000,0.042493,15.320000,2017-06-30,2017-08-22,37.883284,,15.507642,3.851181,8.939732
sz002863,2017-09-19,15.080000,15.300000,15.080000,15.170000,-0.001317,2173185.000000,32977802.750000,841935000.000000,3360155000.000000,0.039156,15.170000,2017-06-30,2017-08-22,37.512364,,15.355805,3.813474,8.852202
sz002863,2017-09-18,15.200000,15.290000,15.010000,15.190000,-0.005239,2508166.000000,37910717.000000,843045000.000000,3364585000.000000,0.045192,15.190000,2017-06-30,2017-08-22,37.561820,,15.376050,3.818502,8.863873
sz002863,2017-09-15,15.440000,15.490000,15.260000,15.270000,-0.005212,2858300.000000,43910000.000000,847000000.000000,3382000000.000000,0.051530,15.270000,2017-06-30,2017-08-22,37.759644,,15.457030,3.838612,8.910555
sz002863,2017-09-14,15.600000,15.750000,15.260000,15.350000,-0.015394,4550520.000000,70458980.050000,851925000.000000,3400025000.000000,0.081991,15.350000,2017-06-30,2017-08-22,37.957468,,15.538010,3.858723,8.957238
sz002863,2017-09-13,15.300000,15.630000,15.250000,15.590000,-0.003197,5357652.000000,82404902.680000,865245000.000000,3453185000.000000,0.096534,15.590000,2017-06-30,2017-08-22,38.550940,,15.780949,3.919055,9.097286
sz002863,2017-09-12,15.900000,16.400000,15.580000,15.640000,-0.016352,11540204.000000,185397264.520000,868020000.000000,3464260000.000000,0.207932,15.640000,2017-06-30,2017-08-22,38.674580,,15.831562,3.931624,9.126463
sz002863,2017-09-11,15.230000,15.900000,15.130000,15.900000,0.043992,8507346.000000,132551981.190000,882450000.000000,3521850000.000000,0.153286,15.900000,2017-06-30,2017-08-22,39.317507,,16.094746,3.996983,9.278181
sz002863,2017-09-08,15.030000,15.280000,15.030000,15.230000,0.007942,2941869.000000,44603450.150000,845265000.000000,3373445000.000000,0.053007,15.230000,2017-06-30,2017-08-22,37.660732,,15.416540,3.828557,8.887214
sz002863,2017-09-07,15.100000,15.440000,15.050000,15.110000,0.000662,3377215.000000,51413318.020000,838605000.000000,3346865000.000000,0.060851,15.110000,2017-06-30,2017-08-22,37.363996,,15.295070,3.798391,8.817190
sz002863,2017-09-06,15.180000,15.230000,14.940000,15.100000,-0.007232,3238020.000000,48860736.840000,838050000.000000,3344650000.000000,0.058343,15.100000,2017-06-30,2017-08-22,37.339268,,15.284948,3.795877,8.811355
sz002863,2017-09-05,15.160000,15.430000,15.110000,15.210000,0.001317,2265300.000000,34585858.460000,844155000.000000,3369015000.000000,0.040816,15.210000,2017-06-30,2017-08-22,37.611276,,15.396295,3.823529,8.875543
sz002863,2017-09-04,15.510000,15.530000,15.150000,15.190000,-0.020000,3642059.000000,55641889.460000,843045000.000000,3364585000.000000,0.065623,15.190000,2017-06-30,2017-08-22,37.561820,,15.376050,3.818502,8.863873
sz002863,2017-09-01,15.600000,15.780000,15.360000,15.500000,-0.005773,5251287.000000,81533752.880000,860250000.000000,3433250000.000000,0.094618,15.500000,2017-06-30,2017-08-22,38.328388,,15.689847,3.896430,9.044768
sz002863,2017-08-31,15.100000,15.750000,15.020000,15.590000,0.039333,7770282.000000,119985619.680000,865245000.000000,3453185000.000000,0.140005,15.590000,2017-06-30,2017-08-22,38.550940,,15.780949,3.919055,9.097286
sz002863,2017-08-30,15.200000,15.480000,14.950000,15.000000,-0.026606,5696278.000000,86371364.600000,832500000.000000,3322500000.000000,0.102636,15.000000,2017-06-30,2017-08-22,37.091988,,15.183723,3.770739,8.753001
sz002863,2017-08-29,15.250000,15.870000,15.100000,15.410000,0.000000,10389083.000000,160518445.170000,855255000.000000,3413315000.000000,0.187191,15.410000,2017-06-30,2017-08-22,38.105836,,15.598745,3.873806,8.992250
sz002863,2017-08-28,15.010000,15.780000,14.830000,15.410000,0.028019,9520075.000000,145152717.850000,855255000.000000,3413315000.000000,0.171533,15.410000,2017-06-30,2017-08-22,38.105836,,15.598745,3.873806,8.992250
sz002863,2017-08-25,14.350000,15.200000,14.210000,14.990000,0.041696,9527555.000000,141649646.780000,831945000.000000,3320285000.000000,0.171668,14.990000,2017-06-30,2017-08-22,37.067260,,15.173601,3.768225,8.747166
sz002863,2017-08-24,14.310000,14.660000,14.300000,14.390000,0.001392,4933498.000000,71391947.850000,798645000.000000,3187385000.000000,0.088892,14.390000,2017-06-30,2017-08-22,35.583581,,14.566252,3.617396,8.397046
sz002863,2017-08-23,14.220000,14.450000,14.010000,14.370000,0.007008,3722642.000000,53068711.370000,797535000.000000,3182955000.000000,0.067075,14.370000,2017-06-30,2017-08-22,35.534125,,14.546007,3.612368,8.385375
sz002863,2017-08-22,14.320000,14.570000,14.200000,14.270000,-0.003492,3940115.000000,56675782.320000,791985000.000000,3160805000.000000,0.070993,14.270000,2017-06-30,2017-08-22,35.286845,,14.444782,3.587230,8.327022
sz002863,2017-08-21,13.970000,14.330000,13.970000,14.320000,0.025788,3741095.000000,53188176.600000,794760000.000000,3171880000.000000,0.067407,14.320000,2017-03-31,2017-04-27,32.086041,,14.495394,3.940778,8.356198
sz002863,2017-08-18,13.990000,14.010000,13.900000,13.960000,-0.009226,1816564.000000,25330484.940000,774780000.000000,3092140000.000000,0.032731,13.960000,2017-03-31,2017-04-27,31.279408,,14.130985,3.841708,8.146126
sz002863,2017-08-17,14.060000,14.170000,13.870000,14.090000,-0.002831,2534528.000000,35577132.510000,781995000.000000,3120935000.000000,0.045667,14.090000,2017-03-31,2017-04-27,31.570692,,14.262577,3.877484,8.221986
sz002863,2017-08-16,13.890000,14.260000,13.780000,14.130000,0.022431,3319996.000000,46582453.390000,784215000.000000,3129795000.000000,0.059820,14.130000,2017-03-31,2017-04-27,31.660318,,14.303067,3.888491,8.245327
sz002863,2017-08-15,13.690000,13.860000,13.620000,13.820000,0.010973,2191764.000000,30182559.380000,767010000.000000,3061130000.000000,0.039491,13.820000,2017-03-31,2017-04-27,30.965718,,13.989270,3.803181,8.064432
sz002863,2017-08-14,13.520000,13.740000,13.490000,13.670000,0.012593,2192830.000000,29812921.730000,758685000.000000,3027905000.000000,0.039510,13.670000,2017-03-31,2017-04-27,30.629621,,13.837433,3.761902,7.976902
sz002863,2017-08-11,13.680000,13.790000,13.450000,13.500000,-0.021739,2271586.000000,30952886.380000,749250000.000000,2990250000.000000,0.040929,13.500000,2017-03-31,2017-04-27,30.248712,,13.665351,3.715119,7.877701
sz002863,2017-08-10,14.180000,14.230000,13.710000,13.800000,-0.024735,2559374.000000,35671494.190000,765900000.000000,3056700000.000000,0.046115,13.800000,2017-03-31,2017-04-27,30.920905,,13.969025,3.797677,8.052761
sz002863,2017-08-09,14.350000,14.350000,14.110000,14.150000,-0.011181,1948581.000000,27693901.230000,785325000.000000,3134225000.000000,0.035110,14.150000,2017-03-31,2017-04-27,31.705131,,14.323312,3.893995,8.256998
sz002863,2017-08-08,14.490000,14.540000,14.250000,14.310000,-0.012422,2573312.000000,36879409.860000,794205000.000000,3169665000.000000,0.046366,14.310000,2017-03-31,2017-04-27,32.063634,,14.485272,3.938026,8.350363
sz002863,2017-08-07,14.110000,14.570000,14.020000,14.490000,0.030583,4818235.000000,69350616.000000,804195000.000000,3209535000.000000,0.086815,14.490000,2017-03-31,2017-04-27,32.466950,,14.667476,3.987561,8.455399
sz002863,2017-08-04,14.170000,14.330000,14.010000,14.060000,-0.011252,3185372.000000,45021827.880000,780330000.000000,3114290000.000000,0.057394,14.060000,2017-03-31,2017-04-27,31.503473,,14.232210,3.869228,8.204480
sz002863,2017-08-03,14.030000,14.520000,14.030000,14.220000,-0.027360,5421767.000000,76979167.650000,789210000.000000,3149730000.000000,0.097689,14.220000,2017-03-31,2017-04-27,31.861976,,14.394169,3.913259,8.297845
sz002863,2017-08-02,15.000000,15.230000,14.510000,14.620000,0.031757,12796568.000000,191061861.100000,811410000.000000,3238330000.000000,0.230569,14.620000,2017-03-31,2017-04-27,32.758234,,14.799069,4.023336,8.531259
sz002863,2017-08-01,13.950000,14.170000,13.860000,14.170000,0.017229,2426871.000000,34008427.990000,786435000.000000,3138655000.000000,0.043727,14.170000,2017-03-31,2017-04-27,31.749944,,14.343557,3.899499,8.268668
sz002863,2017-07-31,13.910000,14.100000,13.850000,13.930000,-0.007128,1894660.000000,26440538.860000,773115000.000000,3085495000.000000,0.034138,13.930000,2017-03-31,2017-04-27,31.212189,,14.100617,3.833453,8.128620
sz002863,2017-07-28,14.030000,14.270000,13.910000,14.030000,-0.004258,2886537.000000,40615905.790000,778665000.000000,3107645000.000000,0.052010,14.030000,2017-03-31,2017-04-27,31.436254,,14.201842,3.860972,8.186974
sz002863,2017-07-27,13.700000,14.160000,13.500000,14.090000,0.036029,3470840.000000,48281227.630000,781995000.000000,3120935000.000000,0.062538,14.090000,2017-03-31,2017-04-27,31.570692,,14.262577,3.877484,8.221986
sz002863,2017-07-26,13.900000,13.920000,13.470000,13.600000,-0.018051,1971620.000000,26887985.370000,754800000.000000,3012400000.000000,0.035525,13.600000,2017-03-31,2017-04-27,30.472776,,13.766576,3.742639,7.936054
sz002863,2017-07-25,13.720000,13.940000,13.650000,13.850000,0.009475,2232989.000000,30850626.750000,768675000.000000,3067775000.000000,0.040234,13.850000,2017-03-31,2017-04-27,31.032937,,14.019638,3.811437,8.081938
sz002863,2017-07-24,13.530000,13.800000,13.350000,13.720000,0.008082,2545196.000000,34538512.380000,761460000.000000,3038980000.000000,0.045859,13.720000,2017-03-31,2017-04-27,30.741654,,13.888045,3.775662,8.006078
sz002863,2017-07-21,13.780000,13.850000,13.600000,13.610000,-0.016618,2021967.000000,27660610.850000,755355000.000000,3014615000.000000,0.036432,13.610000,2017-03-31,2017-04-27,30.495183,,13.776698,3.745391,7.941890
sz002863,2017-07-20,13.840000,14.240000,13.820000,13.840000,-0.003600,2093511.000000,29381710.860000,768120000.000000,3065560000.000000,0.037721,13.840000,2017-03-31,2017-04-27,31.010531,,14.009515,3.808685,8.076102
sz002863,2017-07-19,13.800000,13.950000,13.590000,13.890000,-0.001438,2196513.000000,30351737.680000,770895000.000000,3076635000.000000,0.039577,13.890000,2017-03-31,2017-04-27,31.122563,,14.060128,3.822445,8.105279
sz002863,2017-07-18,13.650000,14.040000,13.480000,13.910000,0.005058,2961455.000000,40752550.460000,772005000.000000,3081065000.000000,0.053360,13.910000,2017-03-31,2017-04-27,31.167376,,14.080373,3.827949,8.116950
sz002863,2017-07-17,15.050000,15.200000,13.840000,13.840000,-0.100130,5005524.000000,71064112.140000,768120000.000000,3065560000.000000,0.090190,13.840000,2017-03-31,2017-04-27,31.010531,,14.009515,3.808685,8.076102
sz002863,2017-07-14,15.470000,15.670000,15.330000,15.380000,-0.005818,1460597.000000,22611751.690000,853590000.000000,3406670000.000000,0.026317,15.380000,2017-03-31,2017-04-27,34.461125,,15.568377,4.232484,8.974744
sz002863,2017-07-13,15.680000,15.780000,15.400000,15.470000,-0.019645,2154496.000000,33479263.510000,858585000.000000,3426605000.000000,0.038820,15.470000,2017-03-31,2017-04-27,34.662783,,15.659480,4.257251,9.027262
sz002863,2017-07-12,15.520000,15.820000,15.210000,15.780000,0.016753,3063937.000000,47410357.620000,875790000.000000,3495270000.000000,0.055206,15.780000,2017-03-31,2017-04-27,35.357383,,15.973277,4.342562,9.208157
sz002863,2017-07-11,16.040000,16.210000,15.510000,15.520000,-0.033022,3595280.000000,57042993.590000,861360000.000000,3437680000.000000,0.064780,15.520000,2017-03-31,2017-04-27,34.774815,,15.710092,4.271011,9.056439
sz002863,2017-07-10,16.680000,16.680000,16.030000,16.050000,-0.049171,6175600.000000,100570000.000000,891000000.000000,3555000000.000000,0.111244,16.050000,2017-03-31,2017-04-27,35.962357,,16.246584,4.416864,9.365711
sz002863,2017-07-07,16.680000,17.160000,16.670000,16.880000,0.005959,6750991.000000,113985574.060000,936840000.000000,3738920000.000000,0.121639,16.880000,2017-03-31,2017-04-27,37.822093,,17.086750,4.645275,9.850044
sz002863,2017-07-06,16.570000,16.920000,16.380000,16.780000,0.012674,7890356.000000,131637694.690000,931290000.000000,3716770000.000000,0.142169,16.780000,2017-03-31,2017-04-27,37.598028,,16.985525,4.617756,9.791691
sz002863,2017-07-05,16.050000,16.750000,15.950000,16.570000,0.033687,7188959.000000,118024931.730000,919635000.000000,3670255000.000000,0.129531,16.570000,2017-03-31,2017-04-27,37.127493,,16.772953,4.559965,9.669149
sz002863,2017-07-04,16.100000,16.210000,15.900000,16.030000,-0.011104,3551472.000000,56948742.440000,889665000.000000,3550645000.000000,0.063990,16.030000,2017-03-31,2017-04-27,35.917544,,16.226339,4.411360,9.354041
sz002863,2017-07-03,16.000000,16.320000,15.790000,16.210000,0.003094,5444933.000000,87202973.780000,899655000.000000,3590515000.000000,0.098107,16.210000,2017-03-31,2017-04-27,36.320860,,16.408543,4.460895,9.459077
sz002863,2017-06-30,15.190000,16.390000,15.110000,16.160000,0.057592,8554125.000000,136025588.090000,896880000.000000,3579440000.000000,0.154128,16.160000,2017-03-31,2017-04-27,36.208828,,16.357931,4.447135,9.429900
sz002863,2017-06-29,15.210000,15.410000,15.010000,15.280000,0.006588,2315883.000000,35319801.630000,848040000.000000,3384520000.000000,0.041728,15.280000,2017-03-31,2017-04-27,34.237060,,15.467153,4.204964,8.916391
sz002863,2017-06-28,15.340000,15.360000,15.110000,15.180000,-0.018111,2444461.000000,37213489.320000,842490000.000000,3362370000.000000,0.044044,15.180000,2017-03-31,2017-04-27,34.012996,,15.365928,4.177445,8.858037
sz002863,2017-06-27,15.500000,15.730000,15.400000,15.460000,-0.003224,2479245.000000,38582694.710000,858030000.000000,3424390000.000000,0.044671,15.460000,2017-03-31,2017-04-27,34.640376,,15.649357,4.254499,9.021427
sz002863,2017-06-26,15.400000,15.620000,15.150000,15.510000,0.001291,2737358.000000,42188934.200000,860805000.000000,3435465000.000000,0.049322,15.510000,2017-03-31,2017-04-27,34.752409,,15.699970,4.268259,9.050603
sz002863,2017-06-23,15.830000,15.880000,15.030000,15.490000,-0.027010,4985900.000000,77340000.000000,860000000.000000,3431000000.000000,0.089804,15.490000,2017-03-31,2017-04-27,34.707596,,15.679725,4.262755,9.038933
sz002863,2017-06-22,16.380000,16.530000,15.880000,15.920000,-0.028676,4285569.000000,69499256.770000,883560000.000000,3526280000.000000,0.077217,15.920000,2017-03-31,2017-04-27,35.671073,,16.114991,4.381089,9.289852
sz002863,2017-06-21,16.380000,16.490000,16.180000,16.390000,0.000611,2774800.000000,45230000.000000,910000000.000000,3630000000.000000,0.049977,16.390000,2017-03-31,2017-04-27,36.724177,,16.590748,4.510430,9.564113
sz002863,2017-06-20,16.500000,16.630000,16.330000,16.380000,0.000611,3034287.000000,50017052.210000,909090000.000000,3628170000.000000,0.054672,16.380000,2017-03-31,2017-04-27,36.701770,,16.580626,4.507678,9.558277
sz002863,2017-06-19,16.380000,16.480000,16.230000,16.370000,-0.001829,2397469.000000,39221114.280000,908535000.000000,3625955000.000000,0.043198,16.370000,2017-03-31,2017-04-27,36.679364,,16.570503,4.504926,9.552442
sz002863,2017-06-16,16.580000,16.580000,16.320000,16.400000,-0.010260,3281764.000000,53882827.240000,910200000.000000,3632600000.000000,0.059131,16.400000,2017-03-31,2017-04-27,36.746583,,16.600871,4.513182,9.569948
sz002863,2017-06-15,16.180000,16.730000,16.120000,16.570000,0.029193,6065063.000000,100303933.740000,919635000.000000,3670255000.000000,0.109280,16.570000,2017-03-31,2017-04-27,37.127493,,16.772953,4.559965,9.669149
sz002863,2017-06-14,16.220000,16.350000,15.980000,16.100000,-0.012270,3231158.000000,52119565.180000,893550000.000000,3566150000.000000,0.058219,16.100000,2017-03-31,2017-04-27,36.074389,,16.297196,4.430624,9.394888
sz002863,2017-06-13,15.910000,16.480000,15.750000,16.300000,0.018750,3736745.000000,60784089.240000,904650000.000000,3610450000.000000,0.067329,16.300000,2017-03-31,2017-04-27,36.522518,,16.499646,4.485662,9.511595
sz002863,2017-06-12,16.640000,16.680000,15.950000,16.000000,-0.059929,5647230.000000,92195682.290000,888000000.000000,3544000000.000000,0.101752,16.000000,2017-03-31,2017-04-27,35.850325,,16.195971,4.403104,9.336535
sz002863,2017-06-09,16.880000,17.100000,16.540000,17.020000,0.004130,4527924.000000,76069362.160000,944610000.000000,3769930000.000000,0.081584,17.020000,2017-03-31,2017-04-27,38.135783,,17.228464,4.683802,9.931739
sz002863,2017-06-08,17.400000,17.470000,16.850000,16.950000,-0.027539,6082200.000000,104170000.000000,941000000.000000,3754000000.000000,0.109557,16.950000,2017-03-31,2017-04-27,37.978938,,17.157607,4.664538,9.890891
sz002863,2017-06-07,16.750000,17.480000,16.720000,17.430000,0.045591,6618554.000000,113867847.520000,967365000.000000,3860745000.000000,0.119253,17.430000,2017-03-31,2017-04-27,39.054448,,17.643486,4.796632,10.170987
sz002863,2017-06-06,16.390000,16.720000,16.300000,16.670000,-0.004776,3686729.000000,60926891.260000,925185000.000000,3692405000.000000,0.066428,16.670000,2017-03-31,2017-04-27,37.351557,,16.874178,4.587484,9.727502
sz002863,2017-06-05,17.240000,17.360000,16.750000,16.750000,0.002394,6167177.000000,105115854.030000,929625000.000000,3710125000.000000,0.111120,16.750000,2017-03-31,2017-04-27,37.530809,,16.955157,4.609500,9.774185
sz002863,2017-06-02,16.320000,17.020000,15.900000,16.710000,0.013956,6919015.000000,113556387.590000,927405000.000000,3701265000.000000,0.124667,16.710000,2017-03-31,2017-04-27,37.441183,,16.914667,4.598492,9.750843
sz002863,2017-06-01,17.400000,17.480000,16.400000,16.480000,-0.071549,8348177.000000,141632294.970000,914640000.000000,3650320000.000000,0.150418,16.480000,2017-03-31,2017-04-27,36.925835,,16.681850,4.535197,9.616631
sz002863,2017-05-31,18.610000,19.370000,17.700000,17.750000,0.006236,12039610.000000,224771695.820000,985125000.000000,3931625000.000000,0.216930,17.750000,2017-03-31,2017-04-27,39.771454,,17.967406,4.884694,10.357718
sz002863,2017-05-26,17.080000,17.950000,16.920000,17.640000,0.038869,7915814.000000,138041338.460000,979020000.000000,3907260000.000000,0.142627,17.640000,2017-03-31,2017-04-27,39.524983,,17.856058,4.854422,10.293529
sz002863,2017-05-25,17.240000,17.480000,16.200000,16.980000,-0.021326,7672031.000000,129665508.120000,942390000.000000,3761070000.000000,0.138235,16.980000,2017-03-31,2017-04-27,38.046157,,17.187974,4.672794,9.908397
sz002863,2017-05-24,16.750000,17.440000,16.680000,17.350000,0.025414,6911373.000000,118355263.720000,962925000.000000,3843025000.000000,0.124529,17.350000,2017-03-31,2017-04-27,38.875196,,17.562506,4.774616,10.124305
sz002863,2017-05-23,17.260000,17.850000,16.560000,16.920000,-0.028145,7231381.000000,124755328.670000,939060000.000000,3747780000.000000,0.130295,16.920000,2017-03-31,2017-04-27,37.911719,,17.127240,4.656283,9.873385
sz002863,2017-05-22,18.830000,19.020000,17.220000,17.410000,-0.084166,9421887.000000,171138859.460000,966255000.000000,3856315000.000000,0.169764,17.410000,2017-03-31,2017-04-27,39.009635,,17.623241,4.791128,10.159317
sz002863,2017-05-19,19.760000,20.090000,18.790000,19.010000,-0.037955,9320423.000000,180274521.160000,1055055000.000000,4210715000.000000,0.167936,19.010000,2017-03-31,2017-04-27,42.594667,,19.242838,5.231438,11.092970
sz002863,2017-05-18,20.460000,20.870000,19.710000,19.760000,-0.059943,12918205.000000,262361979.190000,1096680000.000000,4376840000.000000,0.232760,19.760000,2017-03-31,2017-04-27,44.275151,,20.002024,5.437834,11.530620
sz002863,2017-05-17,20.660000,22.610000,20.630000,21.020000,0.008637,18878595.000000,404177847.920000,1166610000.000000,4655930000.000000,0.340155,21.020000,2017-03-31,2017-04-27,47.098364,,21.277457,5.784578,12.265872
sz002863,2017-05-16,20.090000,20.960000,19.410000,20.840000,0.008712,14780650.000000,297861963.290000,1156620000.000000,4616060000.000000,0.266318,20.840000,2017-03-31,2017-04-27,46.695048,,21.095253,5.735043,12.160836
sz002863,2017-05-15,20.260000,21.200000,19.980000,20.660000,0.002913,16845814.000000,348035934.840000,1146630000.000000,4576190000.000000,0.303528,20.660000,2017-03-31,2017-04-27,46.291732,,20.913048,5.685508,12.055800
sz002863,2017-05-12,19.580000,20.880000,19.150000,20.600000,0.035696,17250110.000000,346226846.320000,1143300000.000000,4562900000.000000,0.310813,20.600000,2017-03-31,2017-04-27,46.157293,,20.852313,5.668997,12.020788
sz002863,2017-05-11,19.600000,20.280000,18.600000,19.890000,-0.015347,16440447.000000,318297379.260000,1103895000.000000,4405635000.000000,0.296224,19.890000,2017-03-31,2017-04-27,44.566435,,20.133617,5.473609,11.606480
sz002863,2017-05-10,21.300000,21.500000,19.510000,20.200000,-0.052088,17815289.000000,367982696.390000,1121100000.000000,4474300000.000000,0.320996,20.200000,2017-03-31,2017-04-27,45.261035,,20.447414,5.558919,11.787375
sz002863,2017-05-09,20.300000,21.420000,19.810000,21.310000,0.022062,16986672.000000,354356425.460000,1182705000.000000,4720165000.000000,0.306066,21.310000,2017-03-31,2017-04-27,47.748151,,21.571009,5.864384,12.435097
sz002863,2017-05-08,21.800000,22.100000,20.850000,20.850000,-0.100129,18896163.000000,399610061.470000,1157175000.000000,4618275000.000000,0.340471,20.850000,2017-03-31,2017-04-27,46.717455,,21.105375,5.737795,12.166672
sz002863,2017-05-05,24.770000,24.770000,23.040000,23.170000,0.028407,33105918.000000,787411396.750000,1285935000.000000,5132155000.000000,0.596503,23.170000,2017-03-31,2017-04-27,51.915752,,23.453791,6.376245,13.520469
sz002863,2017-05-04,22.530000,22.530000,22.530000,22.530000,0.100098,801254.000000,18052252.620000,1250415000.000000,4990395000.000000,0.014437,22.530000,2017-03-31,2017-04-27,50.481739,,22.805952,6.200121,13.147008
sz002863,2017-05-03,20.480000,20.480000,20.480000,20.480000,0.099893,498554.000000,10210385.920000,1136640000.000000,4536320000.000000,0.008983,20.480000,2017-03-31,2017-04-27,45.888416,,20.730843,5.635973,11.950764
sz002863,2017-05-02,18.620000,18.620000,18.620000,18.620000,0.099823,122892.000000,2288249.040000,1033410000.000000,4124330000.000000,0.002214,18.620000,2017-03-31,2017-04-27,41.720816,,18.848062,5.124112,10.865392
sz002863,2017-04-28,16.930000,16.930000,16.930000,16.930000,0.100065,107580.000000,1821329.400000,939615000.000000,3749995000.000000,0.001938,16.930000,2017-03-31,2017-04-27,37.934125,,17.137362,4.659035,9.879221
sz002863,2017-04-27,15.390000,15.390000,15.390000,15.390000,0.100071,156433.000000,2407503.870000,854145000.000000,3408885000.000000,0.002819,15.390000,2017-03-31,2017-04-27,34.483531,,15.578500,4.235236,8.980579
sz002863,2017-04-26,13.990000,13.990000,13.990000,13.990000,0.099843,45046.000000,630193.540000,776445000.000000,3098785000.000000,0.000812,13.990000,,,,,,,8.163632
sz002863,2017-04-25,12.720000,12.720000,12.720000,12.720000,0.100346,33428.000000,425204.160000,705960000.000000,2817480000.000000,0.000602,12.720000,,,,,,,7.422545
sz002863,2017-04-24,11.560000,11.560000,11.560000,11.560000,0.099905,33507.000000,387340.920000,641580000.000000,2560540000.000000,0.000604,11.560000,,,,,,,6.745646
sz002863,2017-04-21,10.510000,10.510000,10.510000,10.510000,0.100524,14290.000000,150187.900000,583305000.000000,2327965000.000000,0.000257,10.510000,,,,,,,6.132936
sz002863,2017-04-20,9.550000,9.550000,9.550000,9.550000,0.100230,7500.000000,71625.000000,530025000.000000,2115325000.000000,0.000135,9.550000,,,,,,,5.572744
sz002863,2017-04-19,8.680000,8.680000,8.680000,8.680000,0.100127,5970.000000,51819.600000,481740000.000000,1922620000.000000,0.000108,8.680000,,,,,,,5.065070
sz002863,2017-04-18,6.580000,7.890000,6.580000,7.890000,0.439781,16432.000000,128557.480000,437895000.000000,1747635000.000000,0.000296,7.890000,,,,,,,4.604079