code.string(),date.date(2006-01-02),open.double(),high.double(),low.double(),close.double(),change.double(),volume.double(),money.double(),traded_market_value.double(),market_value.double(),turnover.double(),adjust_price.double(),report_type.string(),report_date.date(2006-01-02),PE_TTM.double(),PS_TTM.double(),PC_TTM.double(),PB.double(),adjust_price_f.double()
sz000019,2019-06-10,7.000000,7.080000,6.930000,7.040000,0.012950,4580546.000000,32027264.000000,2928320637.440000,8113848188.160000,0.011012,37.732789,2018-09-30,2018-10-30,-60.637382,4.947858,-146.972860,3.814064,7.040000
sz000019,2019-06-06,7.170000,7.200000,6.920000,6.950000,-0.041379,8010143.000000,56262971.660000,2890884720.200000,8010120015.300000,0.019257,37.250409,2018-09-30,2018-10-30,-59.862188,4.884604,-145.093946,3.765305,6.950000
sz000019,2019-06-05,7.080000,7.500000,7.050000,7.250000,0.031294,10537770.000000,76615964.310000,3015671111.000000,8355880591.500000,0.025334,38.858340,2018-09-30,2018-10-30,-62.446167,5.095450,-151.356994,3.927836,7.250000
sz000019,2019-06-04,7.230000,7.300000,6.990000,7.030000,-0.030345,4751065.000000,33725792.680000,2924161091.080000,8102322835.620000,0.011422,37.679191,2018-09-30,2018-10-30,-60.551249,4.940830,-146.764092,3.808647,7.030000
sz000019,2019-06-03,7.200000,7.340000,7.200000,7.250000,0.000000,4141653.000000,30074617.400000,3015671111.000000,8355880591.500000,0.009957,38.858340,2018-09-30,2018-10-30,-62.446167,5.095450,-151.356994,3.927836,7.250000
sz000019,2019-05-31,7.350000,7.350000,7.190000,7.250000,-0.017615,5988932.000000,43465136.040000,3015671111.000000,8355880591.500000,0.014398,38.858340,2018-09-30,2018-10-30,-62.446167,5.095450,-151.356994,3.927836,7.250000
sz000019,2019-05-30,7.160000,7.450000,7.160000,7.380000,0.025000,8823485.000000,64642936.490000,3069745213.680000,8505710174.520000,0.021213,39.555111,2018-09-30,2018-10-30,-63.565891,5.186817,-154.070981,3.998266,7.380000
sz000019,2019-05-29,7.160000,7.270000,7.140000,7.200000,0.005587,3907288.000000,28106263.020000,2994873379.200000,8298253828.800000,0.009394,38.590352,2018-09-30,2018-10-30,-62.015504,5.060309,-150.313152,3.900748,7.200000
sz000019,2019-05-28,7.140000,7.260000,7.130000,7.160000,-0.005556,4299065.000000,30968578.270000,2978235193.760000,8252152418.640000,0.010335,38.375961,2018-09-30,2018-10-30,-61.670973,5.032196,-149.478079,3.879077,7.160000
sz000019,2019-05-27,7.000000,7.250000,6.990000,7.200000,0.028571,5538467.000000,39472454.540000,2994873379.200000,8298253828.800000,0.013315,38.590352,2018-09-30,2018-10-30,-62.015504,5.060309,-150.313152,3.900748,7.200000
sz000019,2019-05-24,6.910000,7.080000,6.910000,7.000000,-0.002849,3580315.000000,25116135.500000,2911682452.000000,8067746778.000000,0.008607,37.518398,2018-09-30,2018-10-30,-60.292851,4.919745,-146.137787,3.792394,7.000000
sz000019,2019-05-23,7.260000,7.260000,7.000000,7.020000,-0.033058,6888856.000000,49016298.970000,2920001544.720000,8090797483.080000,0.016562,37.625593,2018-09-30,2018-10-30,-60.465116,4.933801,-146.555324,3.803229,7.020000
sz000019,2019-05-22,7.290000,7.400000,7.240000,7.260000,-0.008197,6161280.000000,45084522.950000,3019830657.360000,8367405944.040000,0.014812,38.911938,2018-09-30,2018-10-30,-62.532300,5.102478,-151.565762,3.933254,7.260000
sz000019,2019-05-21,7.260000,7.400000,7.200000,7.320000,0.006878,7134065.000000,52196030.520000,3044787935.520000,8436558059.280000,0.017151,39.233524,2018-09-30,2018-10-30,-63.049096,5.144648,-152.818372,3.965760,7.320000
sz000019,2019-05-20,7.690000,7.870000,7.120000,7.270000,-0.052151,11051713.000000,80717890.780000,3023990203.720000,8378931296.580000,0.026570,38.965536,2018-09-30,2018-10-30,-62.618432,5.109506,-151.774530,3.938672,7.270000
sz000019,2019-05-17,7.620000,8.050000,7.530000,7.670000,0.003927,17760426.000000,138555945.080000,3190372058.120000,8839945398.180000,0.042698,41.109444,2018-09-30,2018-10-30,-66.063738,5.390635,-160.125261,4.155380,7.670000
sz000019,2019-05-16,7.570000,7.750000,7.520000,7.640000,0.011921,8270848.000000,63194714.150000,3177893419.040000,8805369340.559999,0.019884,40.948651,2018-09-30,2018-10-30,-65.805340,5.369550,-159.498956,4.139127,7.640000
sz000019,2019-05-15,7.420000,7.600000,7.370000,7.550000,0.025815,7038458.000000,52907906.540000,3140457501.800000,8701641167.700001,0.016921,40.466272,2018-09-30,2018-10-30,-65.030146,5.306296,-157.620042,4.090367,7.550000
sz000019,2019-05-14,7.450000,7.620000,7.350000,7.360000,-0.030303,6014125.000000,45022302.530000,3061426120.960000,8482659469.440000,0.014459,39.447915,2018-09-30,2018-10-30,-63.393626,5.172760,-153.653445,3.987431,7.360000
sz000019,2019-05-13,7.480000,7.680000,7.370000,7.590000,0.001319,7390614.000000,55708734.360000,3157095687.240000,8747742577.860001,0.017768,40.680663,2018-09-30,2018-10-30,-65.374677,5.334409,-158.455115,4.112038,7.590000
sz000019,2019-05-10,7.200000,7.730000,7.050000,7.580000,0.046961,10503784.000000,77545322.120000,3152936140.880000,8736217225.320000,0.025252,40.627065,2018-09-30,2018-10-30,-65.288544,5.327381,-158.246347,4.106620,7.580000
sz000019,2019-05-09,7.240000,7.340000,7.130000,7.240000,-0.024259,6299840.000000,45461225.900000,3011511564.640000,8344355238.960000,0.015145,38.804743,2018-09-30,2018-10-30,-62.360034,5.088422,-151.148225,3.922418,7.240000
sz000019,2019-05-08,7.180000,7.790000,7.150000,7.420000,0.013661,11301831.000000,84986082.340000,3086383399.120000,8551811584.680000,0.027171,39.769502,2018-09-30,2018-10-30,-63.910422,5.214930,-154.906054,4.019937,7.420000
sz000019,2019-05-07,7.040000,7.440000,7.040000,7.320000,0.051724,9762755.000000,70210487.350000,3044787935.520000,8436558059.280000,0.023471,39.233524,2018-09-30,2018-10-30,-63.049096,5.144648,-152.818372,3.965760,7.320000
sz000019,2019-05-06,7.300000,7.420000,6.800000,6.960000,-0.073236,8697496.000000,62037262.740000,2895044266.560000,8021645367.840000,0.020910,37.304007,2018-09-30,2018-10-30,-59.948320,4.891632,-145.302714,3.770723,6.960000
sz000019,2019-04-30,7.460000,7.590000,7.430000,7.510000,0.009409,4502021.000000,33789142.400000,3123819316.360000,8655539757.540001,0.010823,40.251881,2018-09-30,2018-10-30,-64.685616,5.278183,-156.784969,4.068697,7.510000
sz000019,2019-04-29,7.870000,7.880000,7.290000,7.440000,-0.055838,10014115.000000,75426829.560000,3094702491.840000,8574862289.760000,0.024075,39.876697,2018-09-30,2018-10-30,-64.082687,5.228986,-155.323591,4.030773,7.440000
sz000019,2019-04-26,7.820000,7.960000,7.800000,7.880000,-0.001267,4930160.000000,38849236.640000,3277722531.680000,9081977801.520000,0.011853,42.234996,2018-09-30,2018-10-30,-67.872524,5.538227,-164.509395,4.269152,7.880000
sz000019,2019-04-25,8.130000,8.230000,7.850000,7.890000,-0.029520,7236337.000000,58275315.230000,3281882078.040000,9093503154.059999,0.017397,42.288594,2018-09-30,2018-10-30,-67.958656,5.545255,-164.718163,4.274569,7.890000
sz000019,2019-04-24,8.120000,8.140000,7.970000,8.130000,0.009938,5674077.000000,45758764.740000,3381711190.680000,9370111615.020000,0.013641,43.574939,2018-09-30,2018-10-30,-70.025840,5.713932,-169.728601,4.404594,8.130000
sz000019,2019-04-23,8.160000,8.200000,8.030000,8.050000,-0.009840,5840744.000000,47305472.050000,3348434819.800000,9277908794.700001,0.014042,43.146157,2018-09-30,2018-10-30,-69.336779,5.657707,-168.058455,4.361253,8.050000
sz000019,2019-04-22,8.350000,8.380000,8.100000,8.130000,-0.022837,9487610.000000,78010942.280000,3381711190.680000,9370111615.020000,0.022809,43.574939,2018-09-30,2018-10-30,-70.025840,5.713932,-169.728601,4.404594,8.130000
sz000019,2019-04-19,8.290000,8.430000,8.200000,8.320000,0.007264,7818446.000000,64809920.020000,3460742571.520000,9589093313.280001,0.018796,44.593296,2018-09-30,2018-10-30,-71.662360,5.847468,-173.695198,4.507531,8.320000
sz000019,2019-04-18,8.490000,8.520000,8.250000,8.260000,-0.030516,11826082.000000,98803690.990000,3435785293.360000,9519941198.040001,0.028431,44.271709,2018-09-30,2018-10-30,-71.145564,5.805299,-172.442589,4.475024,8.260000
sz000019,2019-04-17,8.520000,8.610000,8.450000,8.520000,0.001175,8619303.000000,73504987.980000,3543933498.720000,9819600364.080000,0.020722,45.665250,2018-09-30,2018-10-30,-73.385013,5.988032,-177.870564,4.615885,8.520000
sz000019,2019-04-16,8.480000,8.520000,8.280000,8.510000,-0.001174,9234785.000000,77578079.600000,3539773952.360000,9808075011.540001,0.022201,45.611652,2018-09-30,2018-10-30,-73.298880,5.981004,-177.661795,4.610467,8.510000
sz000019,2019-04-15,8.910000,8.940000,8.520000,8.520000,-0.025172,13333047.000000,116397614.450000,3543933498.720000,9819600364.080000,0.032054,45.665250,2018-09-30,2018-10-30,-73.385013,5.988032,-177.870564,4.615885,8.520000
sz000019,2019-04-12,8.660000,8.850000,8.560000,8.740000,0.009238,13224657.000000,114976766.910000,3635443518.640000,10073158119.959999,0.031794,46.844399,2018-09-30,2018-10-30,-75.279931,6.142653,-182.463466,4.735074,8.740000
sz000019,2019-04-11,8.660000,8.790000,8.610000,8.660000,0.001156,14258150.000000,124189344.120000,3602167147.760000,9980955299.639999,0.034278,46.415618,2018-09-30,2018-10-30,-74.590870,6.086427,-180.793319,4.691733,8.660000
sz000019,2019-04-10,8.650000,8.690000,8.520000,8.650000,-0.006889,8882488.000000,76515927.300000,3598007601.400000,9969429947.100000,0.021354,46.362020,2018-09-30,2018-10-30,-74.504737,6.079399,-180.584551,4.686315,8.650000
sz000019,2019-04-09,8.770000,8.790000,8.620000,8.710000,-0.011351,9656941.000000,83975796.080000,3622964879.560000,10038582062.340000,0.023216,46.683606,2018-09-30,2018-10-30,-75.021533,6.121568,-181.837161,4.718821,8.710000
sz000019,2019-04-08,8.610000,8.830000,8.530000,8.810000,0.029206,21827194.000000,189895968.850000,3664560343.160000,10153835587.740000,0.052475,47.219583,2018-09-30,2018-10-30,-75.882860,6.191850,-183.924843,4.772998,8.810000
sz000019,2019-04-04,8.660000,8.720000,8.460000,8.560000,-0.011547,11396027.000000,97754625.860000,3560571684.160000,9865701774.240000,0.027397,45.879641,2018-09-30,2018-10-30,-73.729543,6.016145,-178.705637,4.637556,8.560000
sz000019,2019-04-03,8.540000,8.720000,8.490000,8.660000,0.012865,12264382.000000,106076897.550000,3602167147.760000,9980955299.639999,0.029485,46.415618,2018-09-30,2018-10-30,-74.590870,6.086427,-180.793319,4.691733,8.660000
sz000019,2019-04-02,8.570000,8.650000,8.470000,8.550000,-0.001168,11612862.000000,99296032.940000,3556412137.800000,9854176421.700001,0.027919,45.826043,2018-09-30,2018-10-30,-73.643411,6.009117,-178.496868,4.632138,8.550000
sz000019,2019-04-01,8.470000,8.630000,8.400000,8.560000,0.021480,11791119.000000,100619808.450000,3560571684.160000,9865701774.240000,0.028347,45.879641,2018-09-30,2018-10-30,-73.729543,6.016145,-178.705637,4.637556,8.560000
sz000019,2019-03-29,8.250000,8.410000,8.160000,8.380000,0.016990,8715930.000000,72529456.290000,3485699849.680000,9658245428.520000,0.020954,44.914882,2018-09-30,2018-10-30,-72.179156,5.889637,-174.947808,4.540037,8.380000
sz000019,2019-03-28,8.370000,8.470000,8.240000,8.240000,-0.017878,8201523.000000,68300756.270000,3427466200.640000,9496890492.959999,0.019717,44.164514,2018-09-30,2018-10-30,-70.973299,5.791243,-172.025052,4.464189,8.240000
sz000019,2019-03-27,8.490000,8.550000,8.290000,8.390000,-0.010613,8312092.000000,69797242.550000,3489859396.040000,9669770781.059999,0.019983,44.968479,2018-09-30,2018-10-30,-72.265289,5.896666,-175.156576,4.545455,8.390000
sz000019,2019-03-26,8.710000,8.790000,8.430000,8.480000,-0.027523,12540959.000000,107470555.840000,3527295313.280000,9773498953.920000,0.030150,45.450859,2018-09-30,2018-10-30,-73.040482,5.959920,-177.035491,4.594214,8.480000
sz000019,2019-03-25,8.540000,8.920000,8.460000,8.720000,0.001148,17165358.000000,150200066.490000,3627124425.920000,10050107414.879999,0.041267,46.737204,2018-09-30,2018-10-30,-75.107666,6.128597,-182.045929,4.724239,8.720000
sz000019,2019-03-22,8.590000,8.790000,8.400000,8.710000,0.001149,13351084.000000,114899231.970000,3622964879.560000,10038582062.340000,0.032097,46.683606,2018-09-30,2018-10-30,-75.021533,6.121568,-181.837161,4.718821,8.710000
sz000019,2019-03-21,8.830000,8.930000,8.630000,8.700000,0.000000,17832371.000000,156321315.990000,3618805333.200000,10027056709.799999,0.042871,46.630009,2018-09-30,2018-10-30,-74.935401,6.114540,-181.628392,4.713403,8.700000
sz000019,2019-03-20,8.360000,8.980000,8.260000,8.700000,0.036949,20673109.000000,177077931.680000,3618805333.200000,10027056709.799999,0.049700,46.630009,2018-09-30,2018-10-30,-74.935401,6.114540,-181.628392,4.713403,8.700000
sz000019,2019-03-19,8.350000,8.530000,8.300000,8.390000,-0.004745,13395214.000000,112316325.140000,3489859396.040000,9669770781.059999,0.032204,44.968479,2018-09-30,2018-10-30,-72.265289,5.896666,-175.156576,4.545455,8.390000
sz000019,2019-03-18,8.300000,8.460000,8.210000,8.430000,-0.012881,22573104.000000,188010209.500000,3506497581.480000,9715872191.219999,0.054268,45.182870,2018-09-30,2018-10-30,-72.609819,5.924779,-175.991649,4.567125,8.430000
sz000019,2019-03-15,7.930000,8.690000,7.920000,8.540000,0.081013,36059542.000000,309231365.130000,3552252591.440000,9842651069.160000,0.086691,45.772445,2018-09-30,2018-10-30,-73.557278,6.002089,-178.288100,4.626720,8.540000
sz000019,2019-03-14,8.050000,8.160000,7.810000,7.900000,-0.029484,9145714.000000,72887186.880000,3286041624.400000,9105028506.600000,0.021987,42.342192,2018-09-30,2018-10-30,-68.044789,5.552284,-164.926931,4.279987,7.900000
sz000019,2019-03-13,8.240000,8.360000,8.070000,8.140000,-0.010936,12625567.000000,104167889.240000,3385870737.040000,9381636967.559999,0.030353,43.628537,2018-09-30,2018-10-30,-70.111972,5.720961,-169.937370,4.410012,8.140000
sz000019,2019-03-12,8.270000,8.380000,8.150000,8.230000,0.007344,14861242.000000,122860665.580000,3423306654.280000,9485365140.420000,0.035728,44.110916,2018-09-30,2018-10-30,-70.887166,5.784214,-171.816284,4.458771,8.230000
sz000019,2019-03-11,7.850000,8.190000,7.850000,8.170000,0.040764,10681152.000000,86338974.960000,3398349376.120000,9416213025.180000,0.025679,43.789330,2018-09-30,2018-10-30,-70.370370,5.742045,-170.563674,4.426265,8.170000
sz000019,2019-03-08,8.300000,8.340000,7.840000,7.850000,-0.066587,16186335.000000,131415513.800000,3265243892.600000,9047401743.900000,0.038914,42.074203,2018-09-30,2018-10-30,-67.614126,5.517142,-163.883090,4.252898,7.850000
sz000019,2019-03-07,8.190000,8.540000,8.160000,8.410000,0.023114,20790760.000000,174707181.570000,3498178488.760000,9692821486.139999,0.049983,45.075675,2018-09-30,2018-10-30,-72.437554,5.910722,-175.574113,4.556290,8.410000
sz000019,2019-03-06,8.230000,8.240000,8.060000,8.220000,0.000000,15365421.000000,125480234.740000,3419147107.920000,9473839787.879999,0.036940,44.057318,2018-09-30,2018-10-30,-70.801034,5.777186,-171.607516,4.453354,8.220000
sz000019,2019-03-05,8.020000,8.230000,8.020000,8.220000,0.014815,14012388.000000,113642773.140000,3419147107.920000,9473839787.879999,0.033687,44.057318,2018-09-30,2018-10-30,-70.801034,5.777186,-171.607516,4.453354,8.220000
sz000019,2019-03-04,8.040000,8.280000,8.030000,8.100000,0.007463,14630209.000000,118596531.870000,3369232551.600000,9335535557.400000,0.035173,43.414146,2018-09-30,2018-10-30,-69.767442,5.692848,-169.102296,4.388341,8.100000
sz000019,2019-03-01,8.180000,8.290000,7.970000,8.040000,-0.007407,9241662.000000,74493645.600000,3344275273.440000,9266383442.160000,0.022218,43.092560,2018-09-30,2018-10-30,-69.250646,5.650678,-167.849687,4.355835,8.040000
sz000019,2019-02-28,8.360000,8.500000,8.070000,8.100000,0.007463,17901210.000000,147758938.400000,3369232551.600000,9335535557.400000,0.043036,43.414146,2018-09-30,2018-10-30,-69.767442,5.692848,-169.102296,4.388341,8.100000
sz000019,2019-02-27,7.960000,8.080000,7.820000,8.040000,0.008783,13583887.000000,108513147.460000,3344275273.440000,9266383442.160000,0.032657,43.092560,2018-09-30,2018-10-30,-69.250646,5.650678,-167.849687,4.355835,8.040000
sz000019,2019-02-26,7.940000,8.150000,7.810000,7.970000,0.002516,15515202.000000,123235122.110000,3315158448.920000,9185705974.379999,0.037300,42.717376,2018-09-30,2018-10-30,-68.647717,5.601481,-166.388309,4.317911,7.970000
sz000019,2019-02-25,7.690000,7.980000,7.660000,7.950000,0.041940,15696859.000000,122763453.640000,3306839356.200000,9162655269.299999,0.037737,42.610180,2018-09-30,2018-10-30,-68.475452,5.587425,-165.970772,4.307076,7.950000
sz000019,2019-02-22,7.510000,7.640000,7.450000,7.630000,0.014628,7602127.000000,57507154.750000,3173733872.680000,8793843988.020000,0.018276,40.895053,2018-09-30,2018-10-30,-65.719208,5.362522,-159.290188,4.133709,7.630000
sz000019,2019-02-21,7.600000,7.690000,7.500000,7.520000,-0.010526,9271505.000000,70541446.210000,3127978862.720000,8667065110.080000,0.022290,40.305479,2018-09-30,2018-10-30,-64.771748,5.285212,-156.993737,4.074114,7.520000
sz000019,2019-02-20,7.720000,7.750000,7.490000,7.600000,-0.006536,9954399.000000,75707198.580000,3161255233.600000,8759267930.400000,0.023931,40.734260,2018-09-30,2018-10-30,-65.460810,5.341437,-158.663883,4.117456,7.600000
sz000019,2019-02-19,7.790000,8.080000,7.580000,7.650000,0.006579,18973202.000000,148829825.400000,3182052965.400000,8816894693.100000,0.045614,41.002249,2018-09-30,2018-10-30,-65.891473,5.376578,-159.707724,4.144544,7.650000
sz000019,2019-02-18,7.460000,7.650000,7.420000,7.600000,0.029810,10566352.000000,79511120.510000,3161255233.600000,8759267930.400000,0.025403,40.734260,2018-09-30,2018-10-30,-65.460810,5.341437,-158.663883,4.117456,7.600000
sz000019,2019-02-15,7.380000,7.450000,7.320000,7.380000,0.000000,6868988.000000,50673123.640000,3069745213.680000,8505710174.520000,0.016514,39.555111,2018-09-30,2018-10-30,-63.565891,5.186817,-154.070981,3.998266,7.380000
sz000019,2019-02-14,7.310000,7.460000,7.300000,7.380000,0.002717,7753380.000000,57279204.570000,3069745213.680000,8505710174.520000,0.018640,39.555111,2018-09-30,2018-10-30,-63.565891,5.186817,-154.070981,3.998266,7.380000
sz000019,2019-02-13,7.290000,7.440000,7.240000,7.360000,0.009602,8781770.000000,64526026.670000,3061426120.960000,8482659469.440000,0.021112,39.447915,2018-09-30,2018-10-30,-63.393626,5.172760,-153.653445,3.987431,7.360000
sz000019,2019-02-12,7.180000,7.370000,7.150000,7.290000,0.012500,6185383.000000,45013802.770000,3032309296.440000,8401982001.660000,0.014870,39.072731,2018-09-30,2018-10-30,-62.790698,5.123563,-152.192067,3.949507,7.290000
sz000019,2019-02-11,7.060000,7.200000,7.060000,7.200000,0.022727,4382484.000000,31258212.460000,2994873379.200000,8298253828.800000,0.010536,38.590352,2018-09-30,2018-10-30,-62.015504,5.060309,-150.313152,3.900748,7.200000
sz000019,2019-02-01,6.960000,7.050000,6.940000,7.040000,0.020290,2813760.000000,19709160.300000,2928320637.440000,8113848188.160000,0.006765,37.732789,2018-09-30,2018-10-30,-60.637382,4.947858,-146.972860,3.814064,7.040000
sz000019,2019-01-31,7.130000,7.170000,6.850000,6.900000,-0.034965,6776878.000000,47477491.700000,2870086988.400000,7952493252.600000,0.016292,36.982421,2018-09-30,2018-10-30,-59.431525,4.849463,-144.050104,3.738216,6.900000
sz000019,2019-01-30,6.990000,7.450000,6.880000,7.150000,0.024355,9473302.000000,67260715.480000,2974075647.400000,8240627066.100000,0.022775,38.322363,2018-09-30,2018-10-30,-61.584841,5.025168,-149.269311,3.873659,7.150000
sz000019,2019-01-29,7.080000,7.080000,6.700000,6.980000,-0.012730,5832759.000000,40113004.630000,2903363359.280000,8044696072.920000,0.014023,37.411202,2018-09-30,2018-10-30,-60.120586,4.905688,-145.720251,3.781558,6.980000
sz000019,2019-01-28,7.140000,7.170000,7.010000,7.070000,-0.004225,3404850.000000,24123029.300000,2940799276.520000,8148424245.780000,0.008186,37.893582,2018-09-30,2018-10-30,-60.895780,4.968942,-147.599165,3.830317,7.070000
sz000019,2019-01-25,7.100000,7.190000,7.090000,7.100000,-0.005602,3124220.000000,22297907.600000,2953277915.600000,8183000303.400000,0.007511,38.054375,2018-09-30,2018-10-30,-61.154177,4.990027,-148.225470,3.846571,7.100000
sz000019,2019-01-24,7.110000,7.190000,7.050000,7.140000,0.000000,3345340.000000,23835961.200000,2969916101.040000,8229101713.560000,0.008043,38.268766,2018-09-30,2018-10-30,-61.498708,5.018140,-149.060543,3.868241,7.140000
sz000019,2019-01-23,7.100000,7.170000,7.080000,7.140000,0.001403,2368808.000000,16878791.000000,2969916101.040000,8229101713.560000,0.005695,38.268766,2018-09-30,2018-10-30,-61.498708,5.018140,-149.060543,3.868241,7.140000
sz000019,2019-01-22,7.240000,7.240000,7.090000,7.130000,-0.015193,4642785.000000,33144810.450000,2965756554.680000,8217576361.020000,0.011162,38.215168,2018-09-30,2018-10-30,-61.412575,5.011112,-148.851775,3.862824,7.130000
sz000019,2019-01-21,7.270000,7.320000,7.220000,7.240000,0.001383,3600744.000000,26161639.440000,3011511564.640000,8344355238.960000,0.008657,38.804743,2018-09-30,2018-10-30,-62.360034,5.088422,-151.148225,3.922418,7.240000
sz000019,2019-01-18,7.180000,7.280000,7.170000,7.230000,0.006964,3514033.000000,25371656.900000,3007352018.280000,8332829886.420000,0.008448,38.751145,2018-09-30,2018-10-30,-62.273902,5.081394,-150.939457,3.917001,7.230000
sz000019,2019-01-17,7.340000,7.340000,7.160000,7.180000,-0.021798,4633786.000000,33552563.310000,2986554286.480000,8275203123.720000,0.011140,38.483156,2018-09-30,2018-10-30,-61.843239,5.046253,-149.895616,3.889912,7.180000
sz000019,2019-01-16,7.260000,7.340000,7.200000,7.340000,0.011019,6316884.000000,46080338.730000,3053107028.240000,8459608764.360000,0.015186,39.340720,2018-09-30,2018-10-30,-63.221361,5.158704,-153.235908,3.976596,7.340000
sz000019,2019-01-15,7.180000,7.260000,7.170000,7.260000,0.019663,4780325.000000,34543379.710000,3019830657.360000,8367405944.040000,0.011492,38.911938,2018-09-30,2018-10-30,-62.532300,5.102478,-151.565762,3.933254,7.260000
sz000019,2019-01-14,7.220000,7.220000,7.110000,7.120000,-0.011111,2878712.000000,20602549.660000,2961597008.320000,8206051008.480000,0.006921,38.161570,2018-09-30,2018-10-30,-61.326443,5.004083,-148.643006,3.857406,7.120000
sz000019,2019-01-11,7.170000,7.200000,7.130000,7.200000,0.009818,2986533.000000,21434295.420000,2994873379.200000,8298253828.800000,0.007180,38.590352,2018-09-30,2018-10-30,-62.015504,5.060309,-150.313152,3.900748,7.200000
sz000019,2019-01-10,7.250000,7.270000,7.110000,7.130000,-0.017906,4279440.000000,30762527.200000,2965756554.680000,8217576361.020000,0.010288,38.215168,2018-09-30,2018-10-30,-61.412575,5.011112,-148.851775,3.862824,7.130000
sz000019,2019-01-09,7.220000,7.370000,7.220000,7.260000,0.005540,5126135.000000,37381866.150000,3019830657.360000,8367405944.040000,0.012324,38.911938,2018-09-30,2018-10-30,-62.532300,5.102478,-151.565762,3.933254,7.260000
sz000019,2019-01-08,7.310000,7.340000,7.200000,7.220000,-0.012312,3315160.000000,24110086.200000,3003192471.920000,8321304533.880000,0.007970,38.697547,2018-09-30,2018-10-30,-62.187769,5.074365,-150.730689,3.911583,7.220000
sz000019,2019-01-07,7.280000,7.350000,7.260000,7.310000,0.011065,4666186.000000,34117139.270000,3040628389.160000,8425032706.740000,0.011218,39.179927,2018-09-30,2018-10-30,-62.962963,5.137619,-152.609603,3.960342,7.310000
sz000019,2019-01-04,7.000000,7.250000,6.960000,7.230000,0.014025,4340790.000000,31128966.700000,3007352018.280000,8332829886.420000,0.010436,38.751145,2018-09-30,2018-10-30,-62.273902,5.081394,-150.939457,3.917001,7.230000
sz000019,2019-01-03,7.100000,7.190000,7.100000,7.130000,0.001404,2977442.000000,21251883.160000,2965756554.680000,8217576361.020000,0.007158,38.215168,2018-09-30,2018-10-30,-61.412575,5.011112,-148.851775,3.862824,7.130000
sz000019,2019-01-02,7.160000,7.280000,7.110000,7.120000,-0.002801,3474495.000000,24947201.600000,2961597008.320000,8206051008.480000,0.008353,38.161570,2018-09-30,2018-10-30,-61.326443,5.004083,-148.643006,3.857406,7.120000
sz000019,2018-12-28,7.110000,7.190000,7.050000,7.140000,0.005634,2792675.000000,19903177.550000,2969916101.040000,8229101713.560000,0.006714,38.268766,2018-09-30,2018-10-30,-61.498708,5.018140,-149.060543,3.868241,7.140000
sz000019,2018-12-27,7.380000,7.380000,7.100000,7.100000,-0.020690,3829075.000000,27743884.950000,2953277915.600000,8183000303.400000,0.009206,38.054375,2018-09-30,2018-10-30,-61.154177,4.990027,-148.225470,3.846571,7.100000
sz000019,2018-12-26,7.340000,7.400000,7.250000,7.250000,-0.013605,3413222.000000,24976757.030000,3015671111.000000,8355880591.500000,0.008206,38.858340,2018-09-30,2018-10-30,-62.446167,5.095450,-151.356994,3.927836,7.250000
sz000019,2018-12-25,7.320000,7.350000,7.090000,7.350000,-0.006757,5058760.000000,36517701.360000,3057266574.600000,8471134116.900000,0.012162,39.394318,2018-09-30,2018-10-30,-63.307494,5.165732,-153.444676,3.982013,7.350000
sz000019,2018-12-24,7.360000,7.440000,7.360000,7.400000,0.000000,2823511.000000,20893388.430000,3078064306.400000,8528760879.600000,0.006788,39.662306,2018-09-30,2018-10-30,-63.738157,5.200873,-154.488518,4.009102,7.400000
sz000019,2018-12-21,7.310000,7.400000,7.270000,7.400000,0.008174,3886020.000000,28518372.300000,3078064306.400000,8528760879.600000,0.009342,39.662306,2018-09-30,2018-10-30,-63.738157,5.200873,-154.488518,4.009102,7.400000
sz000019,2018-12-20,7.310000,7.460000,7.300000,7.340000,-0.006766,3898130.000000,28725697.100000,3053107028.240000,8459608764.360000,0.009372,39.340720,2018-09-30,2018-10-30,-63.221361,5.158704,-153.235908,3.976596,7.340000
sz000019,2018-12-19,7.510000,7.570000,7.370000,7.390000,-0.014667,4237420.000000,31550726.300000,3073904760.040000,8517235527.060000,0.010187,39.608708,2018-09-30,2018-10-30,-63.652024,5.193845,-154.279749,4.003684,7.390000
sz000019,2018-12-18,7.710000,7.800000,7.370000,7.500000,-0.027237,8538228.000000,64286622.860000,3119659770.000000,8644014405.000000,0.020527,40.198283,2018-09-30,2018-10-30,-64.599483,5.271155,-156.576200,4.063279,7.500000
sz000019,2018-12-17,7.610000,7.860000,7.610000,7.710000,0.003906,6880225.000000,53171802.300000,3207010243.560000,8886046808.340000,0.016541,41.323835,2018-09-30,2018-10-30,-66.408269,5.418748,-160.960334,4.177051,7.710000
sz000019,2018-12-14,7.990000,8.010000,7.680000,7.680000,-0.041199,9845770.000000,77143172.900000,3194531604.480000,8851470750.719999,0.023670,41.163042,2018-09-30,2018-10-30,-66.149871,5.397663,-160.334029,4.160797,7.680000
sz000019,2018-12-13,8.100000,8.150000,7.940000,8.010000,-0.019584,11598820.000000,93226964.800000,3331796634.360000,9231807384.540001,0.027885,42.931766,2018-09-30,2018-10-30,-68.992248,5.629594,-167.223382,4.339582,8.010000
sz000019,2018-12-12,8.100000,8.290000,7.940000,8.170000,0.001225,17807622.000000,144281692.260000,3398349376.120000,9416213025.180000,0.042811,43.789330,2018-09-30,2018-10-30,-70.370370,5.742045,-170.563674,4.426265,8.170000
sz000019,2018-12-11,7.750000,8.250000,7.730000,8.160000,0.052903,19781448.000000,158414028.630000,3394189829.760000,9404687672.639999,0.047557,43.735732,2018-09-30,2018-10-30,-70.284238,5.735017,-170.354906,4.420847,8.160000
sz000019,2018-12-10,7.760000,7.990000,7.710000,7.750000,-0.006410,9548750.000000,74811590.500000,3223648429.000000,8932148218.500000,0.022956,41.538226,2018-09-30,2018-10-30,-66.752799,5.446860,-161.795407,4.198721,7.750000
sz000019,2018-12-07,7.570000,7.980000,7.550000,7.800000,0.023622,14110060.000000,110175357.130000,3244446160.800000,8989774981.200001,0.033922,41.806215,2018-09-30,2018-10-30,-67.183463,5.482001,-162.839248,4.225810,7.800000
sz000019,2018-12-06,7.510000,7.760000,7.450000,7.620000,0.007937,7976820.000000,60708374.820000,3169574326.320000,8782318635.480000,0.019177,40.841456,2018-09-30,2018-10-30,-65.633075,5.355494,-159.081420,4.128291,7.620000
sz000019,2018-12-05,7.450000,7.750000,7.420000,7.560000,-0.009174,7263805.000000,55109000.420000,3144617048.160000,8713166520.240000,0.017463,40.519869,2018-09-30,2018-10-30,-65.116279,5.313324,-157.828810,4.095785,7.560000
sz000019,2018-12-04,7.580000,7.660000,7.520000,7.630000,0.005270,5545070.000000,42138797.340000,3173733872.680000,8793843988.020000,0.013331,40.895053,2018-09-30,2018-10-30,-65.719208,5.362522,-159.290188,4.133709,7.630000
sz000019,2018-12-03,7.460000,7.750000,7.450000,7.590000,0.035471,10258097.000000,77943765.690000,3157095687.240000,8747742577.860001,0.024662,40.680663,2018-09-30,2018-10-30,-65.374677,5.334409,-158.455115,4.112038,7.590000
sz000019,2018-11-30,7.290000,7.330000,7.110000,7.330000,0.005487,5620316.000000,40695397.650000,3048947481.880000,8448083411.820000,0.013512,39.287122,2018-09-30,2018-10-30,-63.135228,5.151676,-153.027140,3.971178,7.330000
sz000019,2018-11-29,7.570000,7.710000,7.270000,7.290000,-0.035714,6202150.000000,46573362.760000,3032309296.440000,8401982001.660000,0.014911,39.072731,2018-09-30,2018-10-30,-62.790698,5.123563,-152.192067,3.949507,7.290000
sz000019,2018-11-28,7.480000,7.570000,7.320000,7.560000,0.008000,4517224.000000,33745236.840000,3144617048.160000,8713166520.240000,0.010860,40.519869,2018-09-30,2018-10-30,-65.116279,5.313324,-157.828810,4.095785,7.560000
sz000019,2018-11-27,7.560000,7.600000,7.470000,7.500000,-0.001332,3758290.000000,28314105.400000,3119659770.000000,8644014405.000000,0.009035,40.198283,2018-09-30,2018-10-30,-64.599483,5.271155,-156.576200,4.063279,7.500000
sz000019,2018-11-26,7.560000,7.630000,7.480000,7.510000,-0.003979,3420900.000000,25830000.000000,3124000000.000000,8656000000.000000,0.008224,40.251881,2018-09-30,2018-10-30,-64.685616,5.278183,-156.784969,4.068697,7.510000
sz000019,2018-11-23,8.000000,8.020000,7.510000,7.540000,-0.056320,7653700.000000,59140000.000000,3136000000.000000,8690000000.000000,0.018402,40.412674,2018-09-30,2018-10-30,-64.944014,5.299268,-157.411273,4.084950,7.540000
sz000019,2018-11-22,8.110000,8.120000,7.990000,7.990000,-0.014797,5095500.000000,41010000.000000,3323000000.000000,9209000000.000000,0.012252,42.824571,2018-09-30,2018-10-30,-68.819983,5.615537,-166.805846,4.328746,7.990000
sz000019,2018-11-21,7.900000,8.270000,7.860000,8.110000,0.012484,8707800.000000,70080000.000000,3373000000.000000,9347000000.000000,0.020937,43.467744,2018-09-30,2018-10-30,-69.853575,5.699876,-169.311065,4.393759,8.110000
sz000019,2018-11-20,8.340000,8.340000,7.970000,8.010000,-0.052071,11944000.000000,97630000.000000,3332000000.000000,9232000000.000000,0.028713,42.931766,2018-09-30,2018-10-30,-68.992248,5.629594,-167.223382,4.339582,8.010000
sz000019,2018-11-19,8.190000,8.530000,8.120000,8.450000,0.030488,16589894.000000,139013853.000000,3514816674.200000,9738922896.299999,0.039884,45.290066,2018-09-30,2018-10-30,-72.782084,5.938835,-176.409186,4.577961,8.450000
sz000019,2018-11-16,8.110000,8.250000,8.060000,8.200000,0.012346,11980000.000000,97990000.000000,3411000000.000000,9451000000.000000,0.028800,43.950123,2018-09-30,2018-10-30,-70.628768,5.763130,-171.189979,4.442518,8.200000
sz000019,2018-11-15,7.930000,8.180000,7.930000,8.100000,0.018868,10483412.000000,84434281.640000,3369232551.600000,9335535557.400000,0.025203,43.414146,2018-09-30,2018-10-30,-69.767442,5.692848,-169.102296,4.388341,8.100000
sz000019,2018-11-14,7.990000,8.140000,7.910000,7.950000,-0.009963,11806500.000000,94430000.000000,3307000000.000000,9163000000.000000,0.028383,42.610180,2018-09-30,2018-10-30,-68.475452,5.587425,-165.970772,4.307076,7.950000
sz000019,2018-11-13,7.740000,8.300000,7.720000,8.030000,0.022930,16914491.000000,134813456.150000,3340115727.080000,9254858089.620001,0.040664,43.038962,2018-09-30,2018-10-30,-69.164513,5.643650,-167.640919,4.350417,8.030000
sz000019,2018-11-12,7.600000,7.850000,7.580000,7.850000,0.018158,7585800.000000,58850000.000000,3265000000.000000,9047000000.000000,0.018238,42.074203,2018-09-30,2018-10-30,-67.614126,5.517142,-163.883090,4.252898,7.850000
sz000019,2018-11-09,7.880000,7.890000,7.690000,7.710000,-0.014066,5622600.000000,43780000.000000,3207000000.000000,3830000000.000000,0.013517,41.323835,2018-09-30,2018-10-30,-66.408269,5.418748,-160.960334,4.177051,7.710000
sz000019,2018-11-08,7.840000,7.950000,7.730000,7.820000,0.005141,8564324.000000,66890174.000000,3252765253.520000,3884837609.460000,0.020590,41.913410,2018-09-30,2018-10-30,-67.355728,5.496058,-163.256785,4.236645,7.820000
sz000019,2018-11-07,7.840000,7.980000,7.770000,7.780000,-0.022613,7525000.000000,59190000.000000,3236000000.000000,3865000000.000000,0.018092,41.699019,2018-09-30,2018-10-30,-67.011197,5.467945,-162.421712,4.214975,7.780000
sz000019,2018-11-06,7.740000,8.120000,7.600000,7.960000,0.025773,11792900.000000,92620000.000000,3311000000.000000,3954000000.000000,0.028351,42.663778,2018-09-30,2018-10-30,-68.561585,5.594453,-166.179541,4.312493,7.960000
sz000019,2018-11-05,7.650000,7.880000,7.610000,7.760000,0.014379,8911416.000000,68863365.340000,3227807975.360000,3855030671.280000,0.021424,41.591824,2018-09-30,2018-10-30,-66.838932,5.453889,-162.004175,4.204139,7.760000
sz000019,2018-11-02,7.540000,7.680000,7.520000,7.650000,0.024096,8217900.000000,62420000.000000,3182000000.000000,3800000000.000000,0.019757,41.002249,2018-09-30,2018-10-30,-65.891473,5.376578,-159.707724,4.144544,7.650000
sz000019,2018-11-01,7.490000,7.680000,7.450000,7.470000,0.001340,7258945.000000,54675080.550000,3107181130.920000,3710963803.410000,0.017451,40.037490,2018-09-30,2018-10-30,-64.341085,5.250071,-155.949896,4.047026,7.470000
sz000019,2018-10-31,7.390000,7.510000,7.390000,7.460000,0.009472,5281388.000000,39422326.550000,3103021584.560000,3705995980.380000,0.012697,39.983892,2018-09-30,2018-10-30,-64.254953,5.243042,-155.741127,4.041608,7.460000
sz000019,2018-10-30,7.400000,7.470000,7.220000,7.390000,-0.001351,4654600.000000,34320000.000000,3074000000.000000,3671000000.000000,0.011190,39.608708,2018-09-30,2018-10-30,-63.652024,5.193845,-154.279749,4.003684,7.390000
sz000019,2018-10-29,7.500000,7.570000,7.350000,7.400000,-0.018568,3778600.000000,28200000.000000,3078000000.000000,3676000000.000000,0.009084,39.662306,2018-06-30,2018-08-28,-67.333940,5.200873,-105.865522,3.958489,7.400000
sz000019,2018-10-26,7.570000,7.740000,7.500000,7.540000,0.001328,5875900.000000,44580000.000000,3136000000.000000,3746000000.000000,0.014128,40.412674,2018-06-30,2018-08-28,-68.607825,5.299268,-107.868383,4.033380,7.540000
sz000019,2018-10-25,7.380000,7.580000,7.200000,7.530000,-0.028387,7902800.000000,58590000.000000,3132000000.000000,3741000000.000000,0.019000,40.359076,2018-06-30,2018-08-28,-68.516833,5.292240,-107.725322,4.028030,7.530000
sz000019,2018-10-24,7.590000,7.940000,7.520000,7.750000,0.011749,9326700.000000,72310000.000000,3224000000.000000,3850000000.000000,0.022420,41.538226,2018-06-30,2018-08-28,-70.518653,5.446860,-110.872675,4.145715,7.750000
sz000019,2018-10-23,7.840000,7.980000,7.560000,7.660000,-0.003901,10591071.000000,81932940.810000,3186212511.760000,3805352440.980000,0.025462,41.055847,2018-06-30,2018-08-28,-69.699727,5.383607,-109.585122,4.097571,7.660000
sz000019,2018-10-22,7.420000,7.750000,7.350000,7.690000,0.047684,10086000.000000,76660000.000000,3199000000.000000,3820000000.000000,0.024245,41.216640,2018-06-30,2018-08-28,-69.972702,5.404691,-110.014306,4.113619,7.690000
sz000019,2018-10-19,7.000000,7.400000,6.870000,7.340000,0.009629,6423499.000000,46357569.140000,3053107028.240000,3646382104.020000,0.015443,39.340720,2018-06-30,2018-08-28,-66.787989,5.158704,-105.007153,3.926393,7.340000
sz000019,2018-10-18,7.300000,7.780000,7.150000,7.270000,-0.030667,7976069.000000,58890673.780000,3023990203.720000,3611607342.810000,0.019175,38.965536,2018-06-30,2018-08-28,-66.151046,5.109506,-104.005722,3.888948,7.270000
sz000019,2018-10-17,7.700000,7.800000,7.390000,7.500000,0.014885,8011300.000000,60760000.000000,3120000000.000000,3726000000.000000,0.019258,40.198283,2018-06-30,2018-08-28,-68.243858,5.271155,-107.296137,4.011982,7.500000
sz000019,2018-10-16,7.380000,7.490000,7.150000,7.390000,0.001355,5748300.000000,42350000.000000,3074000000.000000,3671000000.000000,0.013819,39.608708,2018-06-30,2018-08-28,-67.242948,5.193845,-105.722461,3.953140,7.390000
sz000019,2018-10-15,7.620000,7.740000,7.280000,7.380000,-0.005391,6608600.000000,49970000.000000,3070000000.000000,3666000000.000000,0.015886,39.555111,2018-06-30,2018-08-28,-67.151956,5.186817,-105.579399,3.947791,7.380000
sz000019,2018-10-12,7.820000,7.820000,7.040000,7.420000,-0.051151,12632900.000000,92450000.000000,3086000000.000000,3686000000.000000,0.030375,39.769502,2018-06-30,2018-08-28,-67.515924,5.214930,-106.151645,3.969188,7.420000
sz000019,2018-10-11,8.400000,8.400000,7.820000,7.820000,-0.100115,10480165.000000,84462289.030000,3252765253.520000,3884837609.460000,0.025195,41.913410,2018-06-30,2018-08-28,-71.155596,5.496058,-111.874106,4.183160,7.820000
sz000019,2018-10-10,8.710000,8.810000,8.550000,8.690000,0.000000,4095678.000000,35513133.450000,3614645786.840000,4317038213.070000,0.009846,46.576411,2018-06-30,2018-08-28,-79.071884,6.107512,-124.320458,4.648550,8.690000
sz000019,2018-10-09,8.640000,8.780000,8.610000,8.690000,0.005787,3756995.000000,32611032.140000,3614645786.840000,4317038213.070000,0.009032,46.576411,2018-06-30,2018-08-28,-79.071884,6.107512,-124.320458,4.648550,8.690000
sz000019,2018-10-08,8.800000,8.850000,8.590000,8.640000,-0.038932,7014860.000000,61317126.010000,3593848055.040000,4292199097.920000,0.016864,46.308422,2018-06-30,2018-08-28,-78.616924,6.072371,-123.605150,4.621804,8.640000
sz000019,2018-09-28,8.910000,9.100000,8.880000,8.990000,0.012387,6898400.000000,62060000.000000,3739000000.000000,4466000000.000000,0.016586,48.184342,2018-06-30,2018-08-28,-81.801638,6.318358,-128.612303,4.809030,8.990000
sz000019,2018-09-27,9.170000,9.200000,8.880000,8.880000,-0.031625,10368176.000000,93316993.950000,3693677167.680000,4411426850.640000,0.024926,47.594767,2018-06-30,2018-08-28,-80.800728,6.241048,-127.038627,4.750187,8.880000
sz000019,2018-09-26,9.100000,9.370000,9.100000,9.170000,0.000000,10415100.000000,95980000.000000,3814000000.000000,4555000000.000000,0.025041,49.149101,2018-06-30,2018-08-28,-83.439490,6.444866,-131.187411,4.905317,9.170000
sz000019,2018-09-25,9.900000,9.900000,9.130000,9.170000,0.018889,22142500.000000,210530000.000000,3814000000.000000,4555000000.000000,0.053237,49.149101,2018-06-30,2018-08-28,-83.439490,6.444866,-131.187411,4.905317,9.170000
sz000019,2018-09-12,8.980000,9.060000,8.920000,9.000000,0.003344,4022604.000000,36171629.830000,3743591724.000000,4471040727.000000,0.009671,48.237940,2018-06-30,2018-08-28,-81.892630,6.325386,-128.755365,4.814379,9.000000
sz000019,2018-09-11,8.880000,9.080000,8.870000,8.970000,0.004479,5460610.000000,49007227.100000,3731113084.920000,4456137257.910000,0.013128,48.077147,2018-06-30,2018-08-28,-81.619654,6.304302,-128.326180,4.798331,8.970000
sz000019,2018-09-10,8.980000,9.160000,8.760000,8.930000,-0.005568,7452469.000000,66610081.020000,3714474899.480000,4436265965.790000,0.017917,47.862756,2018-06-30,2018-08-28,-81.255687,6.276189,-127.753934,4.776934,8.930000
sz000019,2018-09-07,8.730000,9.450000,8.700000,8.980000,0.030999,10695407.000000,96287242.380000,3735272631.280000,4461105080.940000,0.025713,48.130744,2018-06-30,2018-08-28,-81.710646,6.311330,-128.469242,4.803680,8.980000
sz000019,2018-09-06,8.750000,8.840000,8.680000,8.710000,-0.003432,4062847.000000,35516139.410000,3622964879.560000,4326973859.130000,0.009768,46.683606,2018-06-30,2018-08-28,-79.253867,6.121568,-124.606581,4.659249,8.710000
sz000019,2018-09-05,8.970000,8.970000,8.740000,8.740000,-0.026726,4820918.000000,42676338.860000,3635443518.640000,4341877328.220000,0.011590,46.844399,2018-06-30,2018-08-28,-79.526843,6.142653,-125.035765,4.675297,8.740000
sz000019,2018-09-04,8.900000,9.020000,8.830000,8.980000,0.008989,4592669.000000,41044125.120000,3735272631.280000,4461105080.940000,0.011041,48.130744,2018-06-30,2018-08-28,-81.710646,6.311330,-128.469242,4.803680,8.980000
sz000019,2018-09-03,8.830000,8.930000,8.770000,8.900000,0.003382,3946627.000000,34911365.810000,3701996260.400000,4421362496.700000,0.009488,47.701963,2018-06-30,2018-08-28,-80.982712,6.255104,-127.324750,4.760886,8.900000
sz000019,2018-08-31,9.050000,9.090000,8.850000,8.870000,-0.019890,5337050.000000,47672715.650000,3689517621.320000,4406459027.610000,0.012831,47.541170,2018-06-30,2018-08-28,-80.709736,6.234020,-126.895565,4.744838,8.870000
sz000019,2018-08-30,9.070000,9.160000,8.950000,9.050000,-0.001104,5735555.000000,51933903.500000,3764389455.800000,4495879842.150000,0.013789,48.505928,2018-06-30,2018-08-28,-82.347589,6.360527,-129.470672,4.841125,9.050000
sz000019,2018-08-29,9.090000,9.200000,9.050000,9.060000,-0.027897,9030308.000000,82192850.000000,3768549002.160000,4500847665.180000,0.021710,48.559526,2018-06-30,2018-08-28,-82.438581,6.367556,-129.613734,4.846475,9.060000
sz000019,2018-08-28,9.700000,9.710000,9.300000,9.320000,0.002151,17247699.000000,164070919.850000,3876697207.520000,4630011063.960000,0.041465,49.953067,2018-06-30,2018-08-28,-84.804368,6.550289,-133.333333,4.985557,9.320000
sz000019,2018-08-27,9.110000,9.350000,9.020000,9.300000,0.029900,12897259.000000,118515828.480000,3868470566.100000,4620075417.900000,0.031006,49.845871,2018-03-31,2018-04-24,-85.556578,6.536233,-54.577465,4.935520,9.300000
sz000019,2018-08-24,8.990000,9.200000,8.950000,9.030000,0.021493,10472640.000000,95033690.800000,3756160130.310000,4485944196.090000,0.025177,48.398733,2018-03-31,2018-04-24,-83.072677,6.346471,-52.992958,4.792231,9.030000
sz000019,2018-08-23,8.850000,8.920000,8.770000,8.840000,0.004545,5034297.000000,44522135.640000,3677126860.680000,4391555558.520000,0.012103,47.380376,2018-03-31,2018-04-24,-81.324747,6.212935,-51.877934,4.691397,8.840000
sz000019,2018-08-22,8.910000,9.000000,8.770000,8.800000,-0.014558,5415977.000000,48016849.290000,3660488277.600000,4371684266.400000,0.013020,47.165986,2018-03-31,2018-04-24,-80.956762,6.184822,-51.643192,4.670169,8.800000
sz000019,2018-08-21,8.840000,9.080000,8.770000,8.930000,0.010181,7375367.000000,66131472.050000,3714563672.610000,4436265965.790000,0.017731,47.862756,2018-03-31,2018-04-24,-82.152714,6.276189,-52.406103,4.739160,8.930000
sz000019,2018-08-20,8.860000,8.940000,8.700000,8.840000,0.016092,5347927.000000,47110765.480000,3677126860.680000,4391555558.520000,0.012857,47.380376,2018-03-31,2018-04-24,-81.324747,6.212935,-51.877934,4.691397,8.840000
sz000019,2018-08-17,8.880000,8.960000,8.670000,8.700000,-0.012486,6777094.000000,59699608.180000,3618891819.900000,4322006036.100000,0.016292,46.630009,2018-03-31,2018-04-24,-80.036799,6.114540,-51.056338,4.617099,8.700000
sz000019,2018-08-16,8.900000,8.980000,8.710000,8.810000,-0.025442,9234390.000000,81744589.200000,3664647923.370000,4376652089.430000,0.022200,47.219583,2018-03-31,2018-04-24,-81.048758,6.191850,-51.701878,4.675476,8.810000
sz000019,2018-08-15,9.110000,9.250000,8.860000,9.040000,-0.046414,16456857.000000,148914829.920000,3760319776.080000,4490912019.120000,0.039563,48.452331,2018-03-31,2018-04-24,-83.164673,6.353499,-53.051643,4.797538,9.040000
sz000019,2018-08-14,9.360000,9.680000,9.360000,9.480000,0.012821,10921389.000000,103683207.870000,3943344189.960000,4709496232.440000,0.026256,50.810630,2018-03-31,2018-04-24,-87.212511,6.662740,-55.633803,5.031046,9.480000
sz000019,2018-08-13,9.250000,9.410000,9.010000,9.360000,-0.009524,8627353.000000,79617450.960000,3893428440.720000,4649882356.080000,0.020741,50.167457,2018-03-31,2018-04-24,-86.108556,6.578402,-54.929577,4.967362,9.360000
sz000019,2018-08-10,9.200000,9.800000,9.180000,9.450000,0.021622,13992454.000000,133462663.210000,3930865252.650000,4694592763.350000,0.033639,50.649837,2018-03-31,2018-04-24,-86.936523,6.641656,-55.457746,5.015125,9.450000
sz000019,2018-08-09,9.090000,9.480000,9.020000,9.250000,0.023230,10511036.000000,97154619.600000,3847672337.250000,4595236302.750000,0.025269,49.577883,2018-03-31,2018-04-24,-85.096596,6.501091,-54.284038,4.908985,9.250000
sz000019,2018-08-08,9.190000,9.280000,9.020000,9.040000,-0.020585,7877038.000000,72079470.130000,3760319776.080000,4490912019.120000,0.018937,48.452331,2018-03-31,2018-04-24,-83.164673,6.353499,-53.051643,4.797538,9.040000
sz000019,2018-08-07,8.940000,9.270000,8.890000,9.230000,0.026696,9021554.000000,82310264.950000,3839353045.710000,4585300656.690000,0.021688,49.470687,2018-03-31,2018-04-24,-84.912603,6.487035,-54.166667,4.898371,9.230000
sz000019,2018-08-06,9.290000,9.440000,8.860000,8.990000,-0.039530,10720273.000000,98120605.300000,3739521547.230000,4466072903.970000,0.025772,48.184342,2018-03-31,2018-04-24,-82.704692,6.318358,-52.758216,4.771002,8.990000
sz000019,2018-08-03,9.380000,9.570000,9.340000,9.360000,-0.006369,7952485.000000,75132436.900000,3893428440.720000,4649882356.080000,0.019118,50.167457,2018-03-31,2018-04-24,-86.108556,6.578402,-54.929577,4.967362,9.360000
sz000019,2018-08-02,10.000000,10.000000,9.100000,9.420000,-0.059880,19237768.000000,183407565.150000,3918386315.340000,4679689294.260000,0.046249,50.489044,2018-03-31,2018-04-24,-86.660534,6.620571,-55.281690,4.999204,9.420000
sz000019,2018-08-01,10.040000,10.300000,10.010000,10.020000,-0.002985,15536503.000000,157478316.690000,4167965061.540000,4977758676.060000,0.037351,53.704906,2018-03-31,2018-04-24,-92.180313,7.042263,-58.802817,5.317625,10.020000
sz000019,2018-07-31,10.300000,10.390000,9.930000,10.050000,-0.037356,20966769.000000,212366189.010000,4180443998.850000,4992662145.150000,0.050405,53.865700,2018-03-31,2018-04-24,-92.456302,7.063348,-58.978873,5.333546,10.050000
sz000019,2018-07-30,10.400000,11.090000,10.300000,10.440000,-0.006660,34572653.000000,368320464.440000,4342670183.880000,5186407243.320000,0.083114,55.956010,2018-03-31,2018-04-24,-96.044158,7.337448,-61.267606,5.540519,10.440000
sz000019,2018-07-27,10.250000,10.770000,10.150000,10.510000,0.038538,34888850.000000,364881505.840000,4371787704.270000,5221182004.530000,0.083875,56.331194,2018-03-31,2018-04-24,-96.688132,7.386646,-61.678404,5.577668,10.510000
sz000019,2018-07-26,10.130000,10.300000,10.040000,10.120000,-0.011719,16526160.000000,167748175.780000,4209561519.240000,5027436906.360000,0.039730,54.240883,2018-03-31,2018-04-24,-93.100276,7.112545,-59.389671,5.370695,10.120000
sz000019,2018-07-25,10.000000,10.480000,9.900000,10.240000,0.021956,26912297.000000,275050620.270000,4259477268.480000,5087050782.720000,0.064699,54.884056,2018-03-31,2018-04-24,-94.204232,7.196884,-60.093897,5.434379,10.240000
sz000019,2018-07-24,9.870000,10.250000,9.820000,10.020000,0.014170,19132958.000000,192170414.640000,4167965061.540000,4977758676.060000,0.045997,53.704906,2018-03-31,2018-04-24,-92.180313,7.042263,-58.802817,5.317625,10.020000
sz000019,2018-07-23,9.700000,9.910000,9.670000,9.880000,0.011259,11286783.000000,110767456.970000,4109730020.760000,4908209153.640000,0.027134,52.954538,2018-03-31,2018-04-24,-90.892364,6.943869,-57.981221,5.243326,9.880000
sz000019,2018-07-20,9.710000,9.820000,9.510000,9.770000,0.011387,10685653.000000,103509531.220000,4063973917.290000,4853563100.310000,0.025689,52.364964,2018-03-31,2018-04-24,-89.880405,6.866558,-57.335681,5.184949,9.770000
sz000019,2018-07-19,9.910000,10.070000,9.630000,9.660000,-0.029146,15276085.000000,149523567.740000,4018217813.820000,4798917046.980000,0.036724,51.775389,2018-03-31,2018-04-24,-88.868445,6.789248,-56.690141,5.126572,9.660000
sz000019,2018-07-18,9.900000,10.250000,9.830000,9.950000,0.005051,23298693.000000,234590567.030000,4138847541.150000,4942983914.850000,0.056011,53.329722,2018-03-31,2018-04-24,-91.536339,6.993066,-58.392019,5.280476,9.950000
sz000019,2018-07-17,9.780000,10.030000,9.720000,9.900000,0.002024,11450702.000000,112656056.390000,4118049312.300000,4918144799.700000,0.027528,53.061734,2018-03-31,2018-04-24,-91.076357,6.957925,-58.098592,5.253940,9.900000
sz000019,2018-07-16,9.640000,10.190000,9.530000,9.880000,0.015416,17503172.000000,171471970.750000,4109730020.760000,4908209153.640000,0.042079,52.954538,2018-03-31,2018-04-24,-90.892364,6.943869,-57.981221,5.243326,9.880000
sz000019,2018-07-13,9.940000,10.120000,9.680000,9.730000,-0.013185,20251071.000000,200774456.360000,4047335334.210000,4833691808.190000,0.048685,52.150573,2018-03-31,2018-04-24,-89.512420,6.838445,-57.100939,5.163721,9.730000
sz000019,2018-07-12,9.620000,9.970000,9.620000,9.860000,0.020704,17902970.000000,176485979.900000,4101410729.220000,4898273507.580000,0.043040,52.847343,2018-03-31,2018-04-24,-90.708372,6.929812,-57.863850,5.232712,9.860000
sz000019,2018-07-11,9.690000,9.730000,9.350000,9.660000,-0.040715,20668655.000000,198018766.150000,4018217813.820000,4798917046.980000,0.049688,51.775389,2018-03-31,2018-04-24,-88.868445,6.789248,-56.690141,5.126572,9.660000
sz000019,2018-07-10,9.940000,10.370000,9.810000,10.070000,0.023374,24245890.000000,245585791.080000,4188763290.390000,5002597791.210000,0.058288,53.972895,2018-03-31,2018-04-24,-92.640294,7.077404,-59.096244,5.344160,10.070000
sz000019,2018-07-09,9.600000,9.970000,9.580000,9.840000,0.012346,17158636.000000,168247553.470000,4093091437.680000,4888337861.520000,0.041250,52.740148,2018-03-31,2018-04-24,-90.524379,6.915756,-57.746479,5.222098,9.840000
sz000019,2018-07-06,9.900000,10.080000,9.300000,9.720000,-0.005118,27671721.000000,269063428.500000,4043175688.440000,4828723985.160000,0.066524,52.096975,2018-03-31,2018-04-24,-89.420423,6.831417,-57.042254,5.158414,9.720000
sz000019,2018-07-05,10.600000,10.750000,9.710000,9.770000,-0.094532,41442226.000000,424963058.640000,4063973917.290000,4853563100.310000,0.099629,52.364964,2018-03-31,2018-04-24,-89.880405,6.866558,-57.335681,5.184949,9.770000
sz000019,2018-07-04,9.680000,10.790000,9.650000,10.790000,0.099898,44170250.000000,458567832.530000,4488257785.830000,5360281049.370000,0.106188,57.831930,2018-03-31,2018-04-24,-99.264029,7.583435,-63.321596,5.726264,10.790000
sz000019,2018-07-03,9.720000,9.950000,9.360000,9.810000,0.014478,19631994.000000,190118254.890000,4080612500.370000,4873434392.430000,0.047196,52.579354,2018-03-31,2018-04-24,-90.248390,6.894671,-57.570423,5.206177,9.810000
sz000019,2018-07-02,9.600000,9.960000,9.490000,9.670000,-0.001033,22641612.000000,220515295.130000,4022377459.590000,4803884870.010000,0.054432,51.828987,2018-03-31,2018-04-24,-88.960442,6.796276,-56.748826,5.131879,9.670000
sz000019,2018-06-29,9.400000,9.870000,9.180000,9.680000,0.010438,24732440.000000,235518939.960000,4026537105.360000,4808852693.040000,0.059458,51.882584,2018-03-31,2018-04-24,-89.052438,6.803304,-56.807512,5.137186,9.680000
sz000019,2018-06-28,10.510000,10.690000,9.580000,9.580000,-0.099624,36296230.000000,363249105.500000,3984940647.660000,4759174462.740000,0.087258,51.346607,2018-03-31,2018-04-24,-88.132475,6.733022,-56.220657,5.084116,9.580000
sz000019,2018-06-27,10.990000,11.250000,10.640000,10.640000,-0.036232,25960398.000000,283337620.000000,4425863099.280000,5285763703.920000,0.062410,57.027964,2018-03-31,2018-04-24,-97.884085,7.478012,-62.441315,5.646659,10.640000
sz000019,2018-06-26,10.690000,11.280000,10.510000,11.040000,-0.009865,27493382.000000,300594355.140000,4592248930.080000,5484476625.120000,0.066095,59.171873,2018-03-31,2018-04-24,-101.563937,7.759141,-64.788732,5.858940,11.040000
sz000019,2018-06-25,11.070000,11.380000,10.900000,11.150000,0.010879,32095624.000000,356608399.640000,4638005033.550000,5539122678.450000,0.077160,59.761448,2018-03-31,2018-04-24,-102.575897,7.836451,-65.434272,5.917317,11.150000
sz000019,2018-06-22,10.590000,11.480000,10.150000,11.030000,0.023191,36088242.000000,393338965.050000,4588089284.310000,5479508802.090000,0.086758,59.118275,2018-03-31,2018-04-24,-101.471941,7.752112,-64.730047,5.853633,11.030000
sz000019,2018-06-21,10.640000,11.270000,10.590000,10.780000,-0.013724,35963256.000000,392036663.270000,4484098140.060000,5355313226.340000,0.086457,57.778332,2018-03-31,2018-04-24,-99.172033,7.576407,-63.262911,5.720957,10.780000
sz000019,2018-06-20,10.520000,11.590000,10.410000,10.930000,0.024367,45487440.000000,503527380.410000,4546492826.610000,5429830571.790000,0.109354,58.582298,2018-03-31,2018-04-24,-100.551978,7.681830,-64.143192,5.800563,10.930000
sz000019,2018-06-19,11.040000,11.400000,10.670000,10.670000,-0.099578,44559546.000000,489294100.360000,4438342036.590000,5300667173.010000,0.107123,57.188758,2018-03-31,2018-04-24,-98.160074,7.499097,-62.617371,5.662580,10.670000
sz000019,2018-06-15,12.730000,12.940000,11.850000,11.850000,-0.100228,59223517.000000,719171327.710000,4929180237.450000,5886870290.550000,0.142376,63.513287,2018-03-31,2018-04-24,-109.015639,8.328425,-69.542254,6.288808,11.850000
sz000019,2018-06-14,13.170000,13.170000,12.510000,13.170000,0.100251,46674400.000000,610214476.990000,5478253479.090000,6542622930.510000,0.112208,70.588185,2018-03-31,2018-04-24,-121.159154,9.256149,-77.288732,6.989333,13.170000
sz000019,2018-06-13,11.970000,11.970000,11.970000,11.970000,0.100184,5814272.000000,69596835.840000,4979095986.690000,5946484166.910000,0.013978,64.156460,2018-03-31,2018-04-24,-110.119595,8.412764,-70.246479,6.352492,11.970000
sz000019,2018-06-12,10.570000,10.880000,10.490000,10.880000,0.100101,12067510.000000,129958739.860000,4525694597.760000,5404991456.640000,0.029011,58.314310,2018-03-31,2018-04-24,-100.091996,7.646689,-63.849765,5.774027,10.880000
sz000019,2018-06-11,9.770000,9.890000,9.480000,9.890000,0.100111,7263253.000000,71453805.620000,4113889666.530000,4913176976.670000,0.017461,53.008136,2018-03-31,2018-04-24,-90.984361,6.950897,-58.039906,5.248633,9.890000
sz000019,2018-06-08,9.000000,9.050000,8.730000,8.990000,-0.005531,6928979.000000,61599489.060000,3739521547.230000,4466072903.970000,0.016658,48.184342,2018-03-31,2018-04-24,-82.704692,6.318358,-52.758216,4.771002,8.990000
sz000019,2018-06-07,9.100000,9.220000,9.020000,9.040000,-0.003308,5351634.000000,48746184.610000,3760319776.080000,4490912019.120000,0.012866,48.452331,2018-03-31,2018-04-24,-83.164673,6.353499,-53.051643,4.797538,9.040000
sz000019,2018-06-06,9.190000,9.240000,9.000000,9.070000,-0.013058,5687313.000000,51867722.610000,3772798713.390000,4505815488.210000,0.013673,48.613124,2018-03-31,2018-04-24,-83.440662,6.374584,-53.227700,4.813459,9.070000
sz000019,2018-06-05,9.090000,9.280000,9.030000,9.190000,0.014349,7988966.000000,73169698.430000,3822714462.630000,4565429364.570000,0.019206,49.256296,2018-03-31,2018-04-24,-84.544618,6.458922,-53.931925,4.877143,9.190000
sz000019,2018-06-04,9.370000,9.460000,9.050000,9.060000,-0.047319,10490699.000000,96459578.270000,3768639067.620000,4500847665.180000,0.025220,48.559526,2018-03-31,2018-04-24,-83.348666,6.367556,-53.169014,4.808152,9.060000
sz000019,2018-06-01,9.650000,9.980000,9.430000,9.510000,0.006349,18849077.000000,183183931.500000,3955823127.270000,4724399701.530000,0.045314,50.971423,2018-03-31,2018-04-24,-87.488500,6.683825,-55.809859,5.046967,9.510000
sz000019,2018-05-31,8.690000,9.450000,8.570000,9.450000,0.100116,9256706.000000,84175245.190000,3930865252.650000,4694592763.350000,0.022254,50.649837,2018-03-31,2018-04-24,-86.936523,6.641656,-55.457746,5.015125,9.450000
sz000019,2018-05-30,9.280000,9.280000,8.560000,8.590000,-0.083244,10228975.000000,90867391.310000,3573135716.430000,4267359982.770000,0.024591,46.040434,2018-03-31,2018-04-24,-79.024839,6.037230,-50.410798,4.558722,8.590000
sz000019,2018-05-29,9.480000,9.570000,9.370000,9.370000,-0.008466,4866958.000000,46086037.000000,3897588086.490000,4654850179.110000,0.011700,50.221055,2018-03-31,2018-04-24,-86.200552,6.585430,-54.988263,4.972669,9.370000
sz000019,2018-05-28,9.770000,9.770000,9.440000,9.450000,-0.032753,5781906.000000,55332375.590000,3930865252.650000,4694592763.350000,0.013900,50.649837,2018-03-31,2018-04-24,-86.936523,6.641656,-55.457746,5.015125,9.450000
sz000019,2018-05-25,10.020000,10.050000,9.750000,9.770000,-0.021042,7716901.000000,76062404.270000,4063973917.290000,4853563100.310000,0.018552,52.364964,2018-03-31,2018-04-24,-89.880405,6.866558,-57.335681,5.184949,9.770000
sz000019,2018-05-24,10.030000,10.220000,9.970000,9.980000,-0.024438,8407912.000000,84596105.370000,4151326478.460000,4957887383.940000,0.020213,53.490516,2018-03-31,2018-04-24,-91.812328,7.014151,-58.568075,5.296397,9.980000
sz000019,2018-05-23,10.200000,10.420000,10.140000,10.230000,0.006890,8999229.000000,92645405.280000,4255317622.710000,5082082959.690000,0.021635,54.830458,2018-03-31,2018-04-24,-94.112236,7.189856,-60.035211,5.429072,10.230000
sz000019,2018-05-22,10.140000,10.250000,10.090000,10.160000,0.004946,6057661.000000,61604715.480000,4226200102.320000,5047308198.480000,0.014563,54.455274,2018-03-31,2018-04-24,-93.468261,7.140658,-59.624413,5.391923,10.160000
sz000019,2018-05-21,10.090000,10.230000,10.040000,10.110000,0.015060,5891756.000000,59645004.500000,4205401873.470000,5022469083.330000,0.014164,54.187286,2018-03-31,2018-04-24,-93.008280,7.105517,-59.330986,5.365388,10.110000
sz000019,2018-05-18,10.090000,10.150000,9.860000,9.960000,-0.014837,6890959.000000,68778285.450000,4143007186.920000,4947951737.880000,0.016566,53.383320,2018-03-31,2018-04-24,-91.628335,7.000094,-58.450704,5.285783,9.960000
sz000019,2018-05-17,10.160000,10.380000,10.090000,10.110000,-0.009794,7393831.000000,75639038.880000,4205401873.470000,5022469083.330000,0.017775,54.187286,2018-03-31,2018-04-24,-93.008280,7.105517,-59.330986,5.365388,10.110000
sz000019,2018-05-16,10.040000,10.440000,10.040000,10.210000,0.002947,8702226.000000,89254786.140000,4246998331.170000,5072147313.630000,0.020921,54.723263,2018-03-31,2018-04-24,-93.928243,7.175799,-59.917840,5.418458,10.210000
sz000019,2018-05-15,10.090000,10.350000,9.930000,10.180000,0.010924,7274452.000000,73700916.380000,4234519393.860000,5057243844.540000,0.017488,54.562470,2018-03-31,2018-04-24,-93.652254,7.154715,-59.741784,5.402537,10.180000
sz000019,2018-05-14,10.320000,10.350000,10.000000,10.070000,-0.036364,10429084.000000,106262080.870000,4188763290.390000,5002597791.210000,0.025072,53.972895,2018-03-31,2018-04-24,-92.640294,7.077404,-59.096244,5.344160,10.070000
sz000019,2018-05-11,10.400000,10.710000,10.240000,10.450000,-0.001910,14317411.000000,149497112.480000,4346829829.650000,5191375066.350000,0.034420,56.009608,2018-03-31,2018-04-24,-96.136155,7.344476,-61.326291,5.545826,10.450000
sz000019,2018-05-10,10.130000,10.610000,10.110000,10.470000,0.037661,17150277.000000,178373696.920000,4355149121.190000,5201310712.410000,0.041230,56.116803,2018-03-31,2018-04-24,-96.320147,7.358533,-61.443662,5.556440,10.470000
sz000019,2018-05-09,10.140000,10.150000,9.980000,10.090000,-0.011753,8786293.000000,88451902.410000,4197082581.930000,5012533437.270000,0.021123,54.080090,2018-03-31,2018-04-24,-92.824287,7.091461,-59.213615,5.354774,10.090000
sz000019,2018-05-08,9.900000,10.500000,9.810000,10.210000,0.048255,15478164.000000,158140320.030000,4246998331.170000,5072147313.630000,0.037210,54.723263,2018-03-31,2018-04-24,-93.928243,7.175799,-59.917840,5.418458,10.210000
sz000019,2018-05-07,9.540000,9.840000,9.510000,9.740000,0.027426,7153898.000000,69460100.550000,4051494979.980000,4838659631.220000,0.017198,52.204170,2018-03-31,2018-04-24,-89.604416,6.845474,-57.159624,5.169028,9.740000
sz000019,2018-05-04,9.510000,9.680000,9.450000,9.480000,-0.009404,4881237.000000,46668473.060000,3943344189.960000,4709496232.440000,0.011735,50.810630,2018-03-31,2018-04-24,-87.212511,6.662740,-55.633803,5.031046,9.480000
sz000019,2018-05-03,9.840000,9.840000,9.350000,9.570000,-0.027439,8116788.000000,77377739.550000,3980781001.890000,4754206639.710000,0.019513,51.293009,2018-03-31,2018-04-24,-88.040478,6.725994,-56.161972,5.078809,9.570000
sz000019,2018-05-02,9.810000,9.960000,9.720000,9.840000,0.008197,5122861.000000,50443897.490000,4093091437.680000,4888337861.520000,0.012316,52.740148,2018-03-31,2018-04-24,-90.524379,6.915756,-57.746479,5.222098,9.840000
sz000019,2018-04-27,9.820000,9.950000,9.750000,9.760000,0.003083,4660443.000000,45757985.360000,4059814271.520000,4848595277.280000,0.011204,52.311366,2018-03-31,2018-04-24,-89.788408,6.859530,-57.276995,5.179642,9.760000
sz000019,2018-04-26,10.240000,10.330000,9.710000,9.730000,-0.050732,10586634.000000,105484089.740000,4047335334.210000,4833691808.190000,0.025451,52.150573,2018-03-31,2018-04-24,-89.512420,6.838445,-57.100939,5.163721,9.730000
sz000019,2018-04-25,10.410000,10.530000,10.220000,10.250000,-0.015370,7231594.000000,74746338.000000,4263636914.250000,5092018605.750000,0.017385,54.937654,2018-03-31,2018-04-24,-94.296228,7.203912,-60.152582,5.439686,10.250000
sz000019,2018-04-24,10.140000,10.650000,10.090000,10.410000,0.026627,9172194.000000,95138706.220000,4330191246.570000,5171503774.230000,0.022050,55.795217,2018-03-31,2018-04-24,-95.768169,7.316363,-61.091549,5.524598,10.410000
sz000019,2018-04-23,10.380000,10.630000,10.060000,10.140000,-0.049672,11036866.000000,113516093.110000,4217880810.780000,5037372552.420000,0.026533,54.348079,2017-09-30,2017-10-25,45.716862,7.126602,859.322034,5.170304,10.140000
sz000019,2018-04-20,10.460000,11.040000,10.390000,10.670000,0.024976,16280540.000000,174703164.990000,4438342036.590000,5300667173.010000,0.039139,57.188758,2017-09-30,2017-10-25,48.106402,7.499097,904.237288,5.440547,10.670000
sz000019,2018-04-19,10.330000,10.590000,10.330000,10.410000,-0.004780,8374639.000000,87390462.320000,4330191246.570000,5171503774.230000,0.020133,55.795217,2017-09-30,2017-10-25,46.934175,7.316363,882.203390,5.307975,10.410000
sz000019,2018-04-18,10.130000,10.880000,10.050000,10.460000,0.034619,14188630.000000,148650790.950000,4350989475.420000,5196342889.380000,0.034110,56.063206,2017-09-30,2017-10-25,47.159603,7.351505,886.440678,5.333469,10.460000
sz000019,2018-04-17,10.620000,10.630000,10.060000,10.110000,-0.039886,9411360.000000,97430474.270000,4205401873.470000,5022469083.330000,0.022625,54.187286,2017-09-30,2017-10-25,45.581605,7.105517,856.779661,5.155007,10.110000
sz000019,2018-04-16,11.000000,11.000000,10.380000,10.530000,-0.048780,13600159.000000,144903496.100000,4380106995.810000,5231117650.590000,0.032695,56.438390,2017-09-30,2017-10-25,47.475203,7.400702,892.372881,5.369162,10.530000
sz000019,2018-04-13,11.250000,11.330000,11.040000,11.070000,-0.010724,9920710.000000,110766392.890000,4604727867.390000,5499380094.210000,0.023850,59.332666,2017-09-30,2017-10-25,49.909829,7.780225,938.135593,5.644503,11.070000
sz000019,2018-04-12,11.430000,11.600000,11.140000,11.190000,-0.025261,14683368.000000,165546130.890000,4654643616.630000,5558993970.570000,0.035300,59.975839,2017-09-30,2017-10-25,50.450857,7.864564,948.305085,5.705690,11.190000
sz000019,2018-04-11,11.600000,12.120000,11.440000,11.480000,-0.034483,20295680.000000,237670497.450000,4775273343.960000,5703060838.440000,0.048792,61.530172,2017-09-30,2017-10-25,51.758341,8.068382,972.881356,5.853559,11.480000
sz000019,2018-04-10,12.490000,12.650000,11.850000,11.890000,-0.076863,28114754.000000,341829598.310000,4945818820.530000,5906741582.670000,0.067589,63.727678,2017-09-30,2017-10-25,53.606853,8.356538,1007.627119,6.062615,11.890000
sz000019,2018-04-09,14.500000,14.500000,12.700000,12.880000,-0.036649,41470299.000000,555236935.660000,5357623751.760000,6398556062.640000,0.099697,69.033852,2017-09-30,2017-10-25,58.070334,9.052331,1091.525424,6.567408,12.880000
sz000019,2018-04-04,13.370000,13.370000,13.370000,13.370000,0.100412,4235831.000000,56633060.470000,5561446394.490000,6641979391.110000,0.010183,71.660140,2017-09-30,2017-10-25,60.279531,9.396713,1133.050847,6.817255,13.370000
sz000019,2017-08-21,12.490000,12.650000,12.080000,12.150000,0.000000,19548036.000000,239485949.540000,5053969598.400000,6035904981.450000,0.046994,65.121219,2017-03-31,2017-04-24,63.171641,9.430207,93.895427,5.930194,12.150000
sz000019,2017-08-18,11.730000,12.350000,11.670000,12.150000,0.023589,26141646.000000,316442792.600000,5053969598.400000,6035904981.450000,0.062846,65.121219,2017-03-31,2017-04-24,63.171641,9.430207,93.895427,5.930194,12.150000
sz000019,2017-08-17,11.820000,12.190000,11.750000,11.870000,0.006785,18654340.000000,223077814.210000,4937499517.120000,5896805936.610000,0.044846,63.620483,2017-03-31,2017-04-24,61.715833,9.212885,91.731582,5.793531,11.870000
sz000019,2017-08-16,11.850000,11.930000,11.700000,11.790000,-0.004223,10817395.000000,127480931.560000,4904222351.040000,5857063352.370000,0.026006,63.191701,2017-03-31,2017-04-24,61.299888,9.150793,91.113340,5.754484,11.790000
sz000019,2017-08-15,11.760000,11.970000,11.660000,11.840000,0.003390,13821584.000000,163229062.870000,4925020579.840000,5881902467.520000,0.033228,63.459690,2017-03-31,2017-04-24,61.559854,9.189601,91.499741,5.778888,11.840000
sz000019,2017-08-14,11.570000,11.880000,11.570000,11.800000,0.010274,13677947.000000,160407475.970000,4908381996.800000,5862031175.400000,0.032882,63.245299,2017-03-31,2017-04-24,61.351882,9.158555,91.190620,5.759365,11.800000
sz000019,2017-08-11,12.090000,12.160000,11.560000,11.680000,-0.052717,27114210.000000,320570327.250000,4858466247.680000,5802417299.040000,0.065184,62.602126,2017-03-31,2017-04-24,60.727964,9.065417,90.263258,5.700795,11.680000
sz000019,2017-08-10,11.620000,12.700000,11.610000,12.330000,0.049362,42527065.000000,514505990.240000,5128843222.080000,6125325795.990000,0.102237,66.085978,2017-03-31,2017-04-24,64.107517,9.569914,95.286470,6.018049,12.330000
sz000019,2017-08-09,11.500000,11.850000,11.420000,11.750000,0.010318,15488445.000000,180684126.510000,4887583768.000000,5837192060.250000,0.037235,62.977310,2017-03-31,2017-04-24,61.091916,9.119747,90.804219,5.734961,11.750000
sz000019,2017-08-08,11.350000,12.170000,11.210000,11.630000,0.021071,17758432.000000,206747697.900000,4837668018.880000,5777578183.890000,0.042692,62.334138,2017-03-31,2017-04-24,60.467999,9.026609,89.876857,5.676391,11.630000
sz000019,2017-08-07,11.360000,11.480000,11.320000,11.390000,0.000000,6457132.000000,73590545.790000,4737836520.640000,5658350431.170000,0.015523,61.047793,2017-03-31,2017-04-24,59.220164,8.840334,88.022133,5.559252,11.390000
sz000019,2017-08-04,11.340000,11.480000,11.280000,11.390000,0.004409,7759553.000000,88347106.750000,4737836520.640000,5658350431.170000,0.018654,61.047793,2017-03-31,2017-04-24,59.220164,8.840334,88.022133,5.559252,11.390000
sz000019,2017-08-03,11.160000,11.450000,11.150000,11.340000,0.000000,6672496.000000,75543030.320000,4717038291.840000,5633511316.020000,0.016041,60.779804,2017-03-31,2017-04-24,58.960198,8.801526,87.635732,5.534848,11.340000
sz000019,2017-08-02,11.570000,11.690000,11.310000,11.340000,-0.030769,13508633.000000,154640093.980000,4717038291.840000,5633511316.020000,0.032475,60.779804,2017-03-31,2017-04-24,58.960198,8.801526,87.635732,5.534848,11.340000
sz000019,2017-08-01,11.420000,11.880000,11.350000,11.700000,0.024518,17216389.000000,200630165.190000,4866785539.200000,5812352945.100000,0.041389,62.709322,2017-03-31,2017-04-24,60.831950,9.080940,90.417818,5.710557,11.700000
sz000019,2017-07-31,11.350000,11.690000,11.280000,11.420000,0.004398,9441065.000000,108255640.220000,4750315457.920000,5673253900.260000,0.022697,61.208586,2017-03-31,2017-04-24,59.376143,8.863618,88.253973,5.573894,11.420000
sz000019,2017-07-28,11.470000,11.580000,11.360000,11.370000,-0.016436,8664193.000000,99080193.570000,4729517229.120000,5648414785.110000,0.020829,60.940597,2017-03-31,2017-04-24,59.116177,8.824811,87.867572,5.549490,11.370000
sz000019,2017-07-27,11.270000,11.850000,11.200000,11.560000,0.022104,15121065.000000,174578239.600000,4808550498.560000,5742803422.680000,0.036352,61.958954,2017-03-31,2017-04-24,60.104047,8.972279,89.335896,5.642226,11.560000
sz000019,2017-07-26,11.460000,11.490000,11.240000,11.310000,0.002660,7605162.000000,86345924.340000,4704559354.560000,5618607846.930000,0.018283,60.619011,2017-03-31,2017-04-24,58.804219,8.778242,87.403891,5.520205,11.310000
sz000019,2017-07-25,11.650000,11.770000,11.240000,11.280000,-0.026747,12237062.000000,139594776.740000,4692080417.280000,5603704377.840000,0.029419,60.458218,2017-03-31,2017-04-24,58.648239,8.754957,87.172051,5.505563,11.280000
sz000019,2017-07-24,11.420000,11.780000,11.390000,11.590000,0.002595,11384663.000000,131754424.960000,4821029435.840000,5757706891.770000,0.027369,62.119747,2017-03-31,2017-04-24,60.260026,8.995563,89.567736,5.656868,11.590000
sz000019,2017-07-21,11.760000,11.900000,11.500000,11.560000,-0.029387,23146632.000000,269255247.030000,4808550498.560000,5742803422.680000,0.055646,61.958954,2017-03-31,2017-04-24,60.104047,8.972279,89.335896,5.642226,11.560000
sz000019,2017-07-20,10.910000,11.910000,10.910000,11.910000,0.099723,35320609.000000,416151673.550000,4954138100.160000,5916677228.730000,0.084913,63.834874,2017-03-31,2017-04-24,61.923806,9.243931,92.040702,5.813054,11.910000
sz000019,2017-07-19,10.650000,10.890000,10.620000,10.830000,0.010261,8230835.000000,88565845.390000,4504896358.080000,5380152341.490000,0.019787,58.046321,2017-03-31,2017-04-24,56.308549,8.405690,83.694442,5.285926,10.830000
sz000019,2017-07-18,10.340000,10.900000,10.340000,10.720000,0.036750,10135293.000000,107897558.810000,4459140254.720000,5325506288.160000,0.024366,57.456746,2017-03-31,2017-04-24,55.736625,8.320314,82.844360,5.232237,10.720000
sz000019,2017-07-17,11.270000,11.270000,10.310000,10.340000,-0.084956,15697563.000000,166906549.220000,4301073715.840000,5136729013.020000,0.037738,55.420033,2017-03-31,2017-04-24,53.760886,8.025378,79.907713,5.046766,10.340000
sz000019,2017-07-14,12.000000,12.000000,11.300000,11.300000,-0.081301,24545477.000000,283608340.300000,4700399708.800000,5613640023.900000,0.059009,60.565413,2017-03-31,2017-04-24,58.752226,8.770480,87.326611,5.515324,11.300000
sz000019,2017-07-13,12.370000,12.530000,12.220000,12.300000,-0.016000,12540852.000000,154751773.450000,5116364284.800000,6110422326.900000,0.030149,65.925184,2017-03-31,2017-04-24,63.951538,9.546629,95.054630,6.003406,12.300000
sz000019,2017-07-12,12.840000,12.950000,12.350000,12.500000,-0.027994,18629468.000000,234134629.600000,5199557200.000000,6209778787.500000,0.044786,66.997139,2017-03-31,2017-04-24,64.991400,9.701859,96.600233,6.101022,12.500000
sz000019,2017-07-11,12.520000,12.920000,12.500000,12.860000,0.017405,26166198.000000,333847489.810000,5349304447.360000,6388620416.580000,0.062905,68.926656,2017-03-31,2017-04-24,66.863152,9.981272,99.382320,6.276732,12.860000
sz000019,2017-07-10,12.370000,12.980000,12.200000,12.640000,0.024311,24403500.000000,307877315.000000,5257792240.640000,6279328309.920000,0.058667,67.747507,2017-03-31,2017-04-24,65.719304,9.810520,97.682156,6.169354,12.640000
sz000019,2017-07-07,12.220000,12.500000,12.080000,12.340000,0.004886,14248957.000000,175333510.920000,5133002867.840000,6130293619.020000,0.034255,66.139575,2017-03-31,2017-04-24,64.159510,9.577675,95.363750,6.022929,12.340000
sz000019,2017-07-06,12.390000,12.450000,12.160000,12.280000,-0.008878,11010876.000000,135328627.940000,5108044993.280000,6100486680.840000,0.026471,65.817989,2017-03-31,2017-04-24,63.847551,9.531106,94.900069,5.993644,12.280000
sz000019,2017-07-05,12.130000,12.460000,12.060000,12.390000,0.022277,12196976.000000,149587615.840000,5153801096.640000,6155132734.170000,0.029322,66.407564,2017-03-31,2017-04-24,64.419476,9.616482,95.750151,6.047333,12.390000
sz000019,2017-07-04,12.200000,12.250000,12.090000,12.120000,-0.006557,7163230.000000,86964665.590000,5041490661.120000,6021001512.360000,0.017221,64.960426,2017-03-31,2017-04-24,63.015661,9.406922,93.663586,5.915551,12.120000
sz000019,2017-07-03,12.170000,12.300000,12.020000,12.200000,0.002465,9072046.000000,110183760.270000,5074767827.200000,6060744096.600000,0.021810,65.389207,2017-03-31,2017-04-24,63.431606,9.469014,94.281828,5.954598,12.200000
sz000019,2017-06-30,12.310000,12.480000,12.130000,12.170000,-0.017756,12349684.000000,151207623.290000,5062288889.920000,6045840627.510000,0.029689,65.228414,2017-03-31,2017-04-24,63.275627,9.445730,94.049987,5.939955,12.170000
sz000019,2017-06-29,12.390000,12.840000,12.350000,12.390000,-0.012749,17216575.000000,215074488.210000,5153801096.640000,6155132734.170000,0.041390,66.407564,2017-03-31,2017-04-24,64.419476,9.616482,95.750151,6.047333,12.390000
sz000019,2017-06-28,12.500000,13.100000,12.300000,12.550000,0.007223,24400726.000000,311696238.990000,5220355428.800000,6234617902.650000,0.058661,67.265127,2017-03-31,2017-04-24,65.251366,9.740666,96.986634,6.125427,12.550000
sz000019,2017-06-27,13.760000,13.860000,13.630000,13.760000,0.002185,12353261.000000,169927830.060000,5203338688.640000,6214294997.760000,0.032668,66.782748,2017-03-31,2017-04-24,64.783427,9.670813,96.291113,6.081499,12.460000
sz000019,2017-06-26,13.660000,13.950000,13.330000,13.730000,0.011046,16629197.000000,226972957.760000,5191994200.220000,6200746389.480000,0.043975,66.637146,2017-03-31,2017-04-24,64.642185,9.649728,96.081176,6.068240,12.432834
sz000019,2017-06-23,13.890000,14.220000,13.350000,13.580000,-0.041637,27970200.000000,384210000.000000,5135000000.000000,6133000000.000000,0.073970,65.909136,2017-03-31,2017-04-24,63.935970,9.544305,95.031491,6.001945,12.297006
sz000019,2017-06-22,14.120000,14.880000,13.920000,14.170000,-0.009091,36948782.000000,535279379.920000,5358380030.380000,6399459310.920000,0.097709,68.772641,2017-03-31,2017-04-24,66.713748,9.958969,99.160252,6.262707,12.831265
sz000019,2017-06-21,13.950000,14.750000,13.780000,14.300000,0.009174,36559811.000000,519842213.350000,5407539480.200000,6458169946.800000,0.096681,69.403582,2017-03-31,2017-04-24,67.325800,10.050336,100.069979,6.320163,12.948983
sz000019,2017-06-20,13.650000,14.980000,13.400000,14.170000,0.032047,34260406.000000,476386662.040000,5358380030.380000,6399459310.920000,0.090600,68.772641,2017-03-31,2017-04-24,66.713748,9.958969,99.160252,6.262707,12.831265
sz000019,2017-06-19,13.530000,13.970000,13.500000,13.730000,0.008076,21446829.000000,294794372.590000,5191994200.220000,6200746389.480000,0.056715,66.637146,2017-03-31,2017-04-24,64.642185,9.649728,96.081176,6.068240,12.432834
sz000019,2017-06-16,13.630000,13.880000,13.500000,13.620000,-0.021552,21129255.000000,289385497.550000,5150397742.680000,6151068159.120000,0.055875,66.103272,2017-03-31,2017-04-24,64.124294,9.572418,95.311407,6.019623,12.333227
sz000019,2017-06-15,13.430000,14.110000,13.300000,13.920000,0.015317,32233636.000000,441793011.270000,5263842626.880000,6286554241.920000,0.085240,67.559291,2017-03-31,2017-04-24,65.536723,9.783264,97.410777,6.152214,12.604884
sz000019,2017-06-14,13.690000,14.800000,13.450000,13.710000,-0.035186,44187758.000000,617722974.510000,5184431207.940000,6191713983.960000,0.116853,66.540078,2017-03-31,2017-04-24,64.548023,9.635672,95.941218,6.059401,12.414724
sz000019,2017-06-13,14.200000,14.380000,13.360000,14.210000,0.017908,48601462.000000,675594679.680000,5373506014.940000,6417524121.960000,0.128524,68.966777,2017-03-31,2017-04-24,66.902072,9.987082,99.440168,6.280385,12.867485
sz000019,2017-06-12,15.000000,15.260000,13.800000,13.960000,0.006489,61953046.000000,893796241.130000,5278968611.440000,6304619052.960000,0.163832,67.753427,2017-03-31,2017-04-24,65.725047,9.811377,97.690693,6.169893,12.641105
sz000019,2017-06-09,13.410000,13.870000,13.230000,13.870000,0.099921,30726523.000000,422250132.570000,5244935146.180000,6263973228.120000,0.081255,67.316622,2017-03-31,2017-04-24,65.301318,9.748123,97.060882,6.130116,12.559608
sz000019,2017-06-08,11.460000,12.610000,11.390000,12.610000,0.100349,12446958.000000,152843823.350000,4768466632.540000,5694931680.360000,0.032915,61.201341,2017-03-31,2017-04-24,59.369115,8.862569,88.243527,5.573234,11.418648
sz000019,2017-06-07,11.180000,11.500000,11.070000,11.460000,0.028725,11394428.000000,129018654.120000,4333594576.440000,5175568362.960000,0.030132,55.619934,2017-03-31,2017-04-24,53.954802,8.054325,80.195941,5.064970,10.377297
sz000019,2017-06-06,10.860000,11.300000,10.830000,11.140000,0.029575,10974747.000000,121937432.900000,4212586699.960000,5031049874.640000,0.029022,54.066847,2017-03-31,2017-04-24,52.448211,7.829423,77.956613,4.923539,10.087529
sz000019,2017-06-05,10.780000,10.970000,10.620000,10.820000,0.000000,5086181.000000,55076324.000000,4091578823.480000,4886531386.320000,0.013450,52.513760,2017-03-31,2017-04-24,50.941620,7.604520,75.717285,4.782109,9.797762
sz000019,2017-06-02,10.590000,10.940000,10.200000,10.820000,0.019793,8238874.000000,86947625.810000,4091578823.480000,4886531386.320000,0.021787,52.513760,2017-03-31,2017-04-24,50.941620,7.604520,75.717285,4.782109,9.797762
sz000019,2017-06-01,11.110000,11.240000,10.600000,10.610000,-0.049283,6057012.000000,66240124.680000,4012167404.540000,4791691128.360000,0.016018,51.494546,2017-03-31,2017-04-24,49.952919,7.456928,74.247726,4.689296,9.607602
sz000019,2017-05-31,11.260000,11.370000,11.160000,11.160000,0.000897,4816471.000000,54256347.040000,4220149692.240000,5040082280.160000,0.012737,54.163915,2017-03-31,2017-04-24,52.542373,7.843479,78.096571,4.932379,10.105640
sz000019,2017-05-26,11.300000,11.310000,11.120000,11.150000,-0.008007,4831772.000000,54190999.400000,4216368196.100000,5035566077.400000,0.012777,54.115381,2017-03-31,2017-04-24,52.495292,7.836451,78.026592,4.927959,10.096584
sz000019,2017-05-25,11.080000,11.260000,11.020000,11.240000,0.010791,5778011.000000,64543947.420000,4250401661.360000,5076211902.240000,0.015280,54.552186,2017-03-31,2017-04-24,52.919021,7.899705,78.656403,4.967736,10.178081
sz000019,2017-05-24,11.200000,11.240000,10.710000,11.120000,-0.018535,7060960.000000,77794471.910000,4205023707.680000,5022017469.120000,0.018672,53.969779,2017-03-31,2017-04-24,52.354049,7.815366,77.816655,4.914700,10.069419
sz000019,2017-05-23,12.080000,12.250000,11.200000,11.330000,-0.058188,8845566.000000,103862748.030000,4284435126.620000,5116857727.080000,0.023392,54.988992,2017-03-31,2017-04-24,53.342750,7.962959,79.286214,5.007513,10.259578
sz000019,2017-05-22,12.420000,12.600000,12.000000,12.030000,-0.040670,8083750.000000,99058455.780000,4549139856.420000,5432991920.280000,0.021377,58.386370,2017-03-31,2017-04-24,56.638418,8.454933,84.184745,5.316892,10.893445
sz000019,2017-05-19,12.330000,12.750000,12.320000,12.540000,0.010475,9080250.000000,114110689.150000,4741996159.560000,5663318261.040000,0.024012,60.861603,2017-03-31,2017-04-24,59.039548,8.813372,87.753674,5.542296,11.355262
sz000019,2017-05-18,12.350000,12.570000,12.290000,12.410000,-0.018972,7663718.000000,95285678.570000,4692836709.740000,5604607625.160000,0.020266,60.230661,2017-03-31,2017-04-24,58.427495,8.722005,86.843947,5.484840,11.237544
sz000019,2017-05-17,12.300000,13.300000,12.240000,12.650000,0.021809,13728275.000000,174254593.020000,4783592617.100000,5712996491.400000,0.036304,61.395477,2017-03-31,2017-04-24,59.557439,8.890682,88.523443,5.590913,11.454869
sz000019,2017-05-16,12.100000,12.550000,12.020000,12.380000,0.023140,8045664.000000,98939658.990000,4681492221.320000,5591059016.880000,0.021276,60.085059,2017-03-31,2017-04-24,58.286252,8.700920,86.634010,5.471581,11.210378
sz000019,2017-05-15,12.300000,12.380000,12.070000,12.100000,-0.033546,7603380.000000,92801848.800000,4575610329.400000,5464605339.600000,0.020107,58.726108,2017-03-31,2017-04-24,56.967985,8.504130,84.674598,5.347830,10.956831
sz000019,2017-05-12,12.410000,12.710000,12.300000,12.520000,0.012126,7814451.000000,97855907.300000,4734433167.280000,5654285855.520000,0.020665,60.764535,2017-03-31,2017-04-24,58.945386,8.799315,87.613716,5.533457,11.337151
sz000019,2017-05-11,12.260000,12.720000,11.960000,12.370000,0.001619,6913496.000000,85001103.190000,4677710725.180000,5586542814.120000,0.018282,60.036526,2017-03-31,2017-04-24,58.239171,8.693892,86.564031,5.467162,11.201323
sz000019,2017-05-10,12.510000,12.790000,12.340000,12.350000,-0.010417,5451852.000000,68411871.030000,4670147732.900000,5577510408.600000,0.014417,59.939458,2017-03-31,2017-04-24,58.145009,8.679836,86.424073,5.458322,11.183212
sz000019,2017-05-09,12.400000,12.580000,12.200000,12.480000,0.001605,4739052.000000,58693105.300000,4719307182.720000,5636221044.480000,0.012532,60.570399,2017-03-31,2017-04-24,58.757062,8.771202,87.333800,5.515778,11.300930
sz000019,2017-05-08,13.050000,13.130000,12.420000,12.460000,-0.045211,6112750.000000,77744416.500000,4711744190.440000,5627188638.960000,0.016165,60.473331,2017-03-31,2017-04-24,58.662900,8.757146,87.193842,5.506939,11.282820
sz000019,2017-05-05,13.170000,13.400000,13.030000,13.050000,-0.011364,6099401.000000,80520737.170000,4934852462.700000,5893644601.800000,0.016130,63.336836,2017-03-31,2017-04-24,61.440678,9.171810,91.322603,5.767701,11.817078
sz000019,2017-05-04,13.130000,13.480000,13.130000,13.200000,-0.004525,6725320.000000,89126991.770000,4991574904.800000,5961387643.200000,0.017785,64.064845,2017-03-31,2017-04-24,62.146893,9.277233,92.372288,5.833996,11.952907
sz000019,2017-05-03,12.950000,13.830000,12.820000,13.260000,0.023148,12033477.000000,160392192.020000,5014263881.640000,5988484859.760000,0.031822,64.356049,2017-03-31,2017-04-24,62.429379,9.319402,92.792162,5.860514,12.007238
sz000019,2017-05-02,12.980000,13.120000,12.830000,12.960000,-0.009931,4813451.000000,62480550.860000,4900818997.440000,5852998776.960000,0.012729,62.900030,2017-03-31,2017-04-24,61.016949,9.108556,90.692792,5.727924,11.735581
sz000019,2017-04-28,12.770000,13.220000,12.610000,13.090000,0.027473,9052678.000000,117786254.920000,4949978447.260000,5911709412.840000,0.023939,63.530972,2017-03-31,2017-04-24,61.629002,9.199923,91.602519,5.785380,11.853299
sz000019,2017-04-27,12.630000,12.790000,11.860000,12.740000,0.003940,10820526.000000,132979744.390000,4817626082.360000,5753642316.240000,0.028614,61.832283,2017-03-31,2017-04-24,59.981168,8.953936,89.153254,5.630690,11.536366
sz000019,2017-04-26,12.820000,12.880000,12.550000,12.690000,-0.006265,5512738.000000,69953108.500000,4798718601.660000,5731061302.440000,0.014578,61.589613,2017-03-31,2017-04-24,59.745763,8.918795,88.803359,5.608592,11.491090
sz000019,2017-04-25,12.930000,13.100000,12.740000,12.770000,0.005512,5720479.000000,73837526.890000,4828970570.780000,5767190924.520000,0.015128,61.977884,2017-03-31,2017-04-24,60.122411,8.975020,89.363191,5.643949,11.563532
sz000019,2017-04-24,13.900000,13.900000,12.570000,12.700000,-0.081706,8084480.000000,106137018.740000,4802500097.800000,5735577505.200000,0.021379,61.638147,2017-03-31,2017-04-24,59.792844,8.925823,88.873338,5.613012,11.500145
sz000019,2017-04-21,13.970000,14.080000,13.810000,13.830000,-0.008602,3606761.000000,50273171.960000,5229846516.450000,6245908417.080000,0.009538,67.122486,2016-09-30,2016-10-25,-91.732774,9.720010,-151.709613,6.878202,12.523387
sz000019,2017-04-20,14.090000,14.170000,13.850000,13.950000,-0.007824,4700554.000000,65818905.320000,5275224794.250000,6300102850.200000,0.012430,67.704893,2016-09-30,2016-10-25,-92.528720,9.804349,-153.025965,6.937882,12.632049
sz000019,2017-04-19,14.440000,14.440000,13.810000,14.060000,-0.032347,8664287.000000,121535946.310000,5316821548.900000,6349781080.560000,0.022912,68.238767,2016-09-30,2016-10-25,-93.258338,9.881659,-154.232621,6.992590,12.731657
sz000019,2017-04-18,14.620000,14.780000,14.510000,14.530000,-0.004112,5430814.000000,79481553.400000,5494553136.950000,6562042610.280000,0.014361,70.519864,2016-09-30,2016-10-25,-96.375793,10.211985,-159.388335,7.226339,13.157253
sz000019,2017-04-17,14.940000,14.940000,14.500000,14.590000,-0.028628,10263903.000000,150396773.930000,5517242275.850000,6589139826.840000,0.027142,70.811068,2016-09-30,2016-10-25,-96.773766,10.254154,-160.046511,7.256179,13.211584
sz000019,2017-04-14,15.540000,15.540000,14.930000,15.020000,-0.043921,16802786.000000,255207247.560000,5679847771.300000,6783336545.520000,0.044434,72.898029,2016-09-30,2016-10-25,-99.625905,10.556367,-164.763441,7.470035,13.600959
sz000019,2017-04-13,16.050000,16.180000,15.600000,15.710000,-0.031443,18933230.000000,298751063.580000,5940772868.650000,7094954535.960000,0.050068,76.246873,2016-09-30,2016-10-25,-104.202595,11.041313,-172.332467,7.813199,14.225770
sz000019,2017-04-12,15.680000,16.350000,15.520000,16.220000,0.053247,38721830.000000,618466421.790000,6133630549.300000,7325280876.720000,0.102397,78.722105,2016-09-30,2016-10-25,-107.585365,11.399752,-177.926964,8.066842,14.687587
sz000019,2017-04-11,15.150000,15.530000,14.670000,15.400000,0.017173,17915627.000000,270802511.440000,5823545651.000000,6954952250.400000,0.047377,74.742320,2016-09-30,2016-10-25,-102.146401,10.823439,-168.931890,7.659024,13.945058
sz000019,2017-04-10,15.250000,15.330000,15.000000,15.140000,-0.018158,9193609.000000,139504470.370000,5725226049.100000,6837530978.640000,0.024312,73.480436,2016-09-30,2016-10-25,-100.421851,10.640705,-166.079793,7.529716,13.709622
sz000019,2017-04-07,15.360000,15.890000,15.150000,15.420000,0.004560,11773241.000000,182234818.540000,5831108697.300000,6963984655.920000,0.031134,74.839387,2016-09-30,2016-10-25,-102.279059,10.837495,-169.151282,7.668971,13.963169
sz000019,2017-04-06,15.380000,15.590000,15.270000,15.350000,-0.003247,8372693.000000,129101156.290000,5804638035.250000,6932371236.600000,0.022141,74.499650,2016-09-30,2016-10-25,-101.814757,10.788298,-168.383410,7.634157,13.899782
sz000019,2017-04-05,15.370000,15.550000,15.100000,15.400000,0.011827,8420103.000000,129201581.870000,5823545651.000000,6954952250.400000,0.022266,74.742320,2016-09-30,2016-10-25,-102.146401,10.823439,-168.931890,7.659024,13.945058
sz000019,2017-03-31,15.200000,15.400000,15.130000,15.220000,0.011968,6913809.000000,105279420.460000,5755478234.300000,6873660600.720000,0.018283,73.868708,2016-09-30,2016-10-25,-100.952482,10.696931,-166.957361,7.569503,13.782064
sz000019,2017-03-30,15.800000,15.870000,15.000000,15.040000,-0.057644,18376178.000000,281676636.200000,5687410817.600000,6792368951.040000,0.048595,72.995096,2016-09-30,2016-10-25,-99.758563,10.570423,-164.982833,7.479982,13.619070
sz000019,2017-03-29,16.300000,16.450000,15.930000,15.960000,0.000000,14328114.000000,231206715.780000,6035310947.400000,7207859604.960000,0.037890,77.460222,2016-09-30,2016-10-25,-105.860816,11.217018,-175.074868,7.937534,14.452151
sz000019,2017-03-28,15.910000,16.170000,15.800000,15.960000,-0.000626,11160922.000000,178413594.690000,6035310947.400000,7207859604.960000,0.029514,77.460222,2016-09-30,2016-10-25,-105.860816,11.217018,-175.074868,7.937534,14.452151
sz000019,2017-03-27,15.700000,16.000000,15.660000,15.970000,0.013968,9967624.000000,158018517.650000,6039092470.550000,7212375807.720000,0.026359,77.508756,2016-09-30,2016-10-25,-105.927144,11.224047,-175.184564,7.942508,14.461206
sz000019,2017-03-24,15.770000,15.900000,15.550000,15.750000,0.002546,8205695.000000,128964285.220000,5955898961.250000,7113019347.000000,0.021699,76.441009,2016-09-30,2016-10-25,-104.467910,11.069426,-172.771251,7.833093,14.261991
sz000019,2017-03-23,15.750000,15.980000,15.520000,15.710000,0.001275,8321950.000000,130890905.000000,5940772868.650000,7094954535.960000,0.022007,76.246873,2016-09-30,2016-10-25,-104.202595,11.041313,-172.332467,7.813199,14.225770
sz000019,2017-03-22,15.710000,15.880000,15.650000,15.690000,-0.010719,7140285.000000,112357405.490000,5933209822.350000,7085922130.440000,0.018882,76.149805,2016-09-30,2016-10-25,-104.069937,11.027257,-172.113075,7.803253,14.207660
sz000019,2017-03-21,15.800000,16.030000,15.650000,15.860000,0.003797,7291985.000000,115641830.820000,5997495715.900000,7162697577.360000,0.019283,76.974882,2016-09-30,2016-10-25,-105.197527,11.146736,-173.977907,7.887800,14.361599
sz000019,2017-03-20,15.930000,15.980000,15.640000,15.800000,-0.008161,9549511.000000,150723168.690000,5974806577.000000,7135600360.800000,0.025253,76.683679,2016-09-30,2016-10-25,-104.799554,11.104567,-173.319731,7.857960,14.307267
sz000019,2017-03-17,16.000000,16.190000,15.900000,15.930000,-0.009328,11063271.000000,177505282.240000,6023966377.950000,7194310996.680000,0.029256,77.314620,2016-09-30,2016-10-25,-105.661829,11.195934,-174.745779,7.922614,14.424985
sz000019,2017-03-16,15.860000,16.220000,15.860000,16.080000,0.013871,11787035.000000,189063313.210000,6080689225.200000,7262054038.080000,0.031170,78.042630,2016-09-30,2016-10-25,-106.656762,11.301357,-176.391220,7.997215,14.560814
sz000019,2017-03-15,16.180000,16.190000,15.830000,15.860000,-0.019778,14091196.000000,225190321.170000,5997495715.900000,7162697577.360000,0.037263,76.974882,2016-09-30,2016-10-25,-105.197527,11.146736,-173.977907,7.887800,14.361599
sz000019,2017-03-14,16.210000,16.430000,16.120000,16.180000,-0.008578,15285130.000000,247904872.120000,6118504456.700000,7307216065.680000,0.040421,78.527970,2016-09-30,2016-10-25,-107.320050,11.371639,-177.488180,8.046949,14.651366
sz000019,2017-03-13,16.420000,16.530000,16.110000,16.320000,-0.026834,26772155.000000,435080317.270000,6171445780.800000,7370442904.320000,0.070797,79.207445,2016-09-30,2016-10-25,-108.248654,11.470034,-179.023925,8.116576,14.778140
sz000019,2017-03-10,16.030000,17.310000,16.030000,16.770000,0.035825,46054948.000000,774041598.400000,6341614322.550000,7573672028.520000,0.121789,81.391474,2016-09-30,2016-10-25,-111.233451,11.786303,-183.960246,8.340379,15.185625
sz000019,2017-03-09,16.300000,17.000000,16.120000,16.190000,0.027284,32466201.000000,533392615.540000,6122285979.850000,7311732268.440000,0.085855,78.576503,2016-09-30,2016-10-25,-107.386379,11.378667,-177.597876,8.051922,14.660422
sz000019,2017-03-08,15.860000,15.890000,15.610000,15.760000,-0.008181,7392790.000000,116140249.800000,5959680484.400000,7117535549.760000,0.019550,76.489543,2016-09-30,2016-10-25,-104.534239,11.076454,-172.880947,7.838066,14.271047
sz000019,2017-03-07,15.750000,16.100000,15.700000,15.890000,0.005696,8360205.000000,132998654.790000,6008840285.350000,7176246185.640000,0.022108,77.120484,2016-09-30,2016-10-25,-105.396514,11.167821,-174.306995,7.902720,14.388765
sz000019,2017-03-06,15.620000,15.870000,15.620000,15.800000,0.008940,7249274.000000,114141770.230000,5974806577.000000,7135600360.800000,0.019170,76.683679,2016-09-30,2016-10-25,-104.799554,11.104567,-173.319731,7.857960,14.307267
sz000019,2017-03-03,15.920000,15.920000,15.600000,15.660000,-0.016332,10043265.000000,157737457.200000,5921865252.900000,7072373522.160000,0.026559,76.004203,2016-09-30,2016-10-25,-103.870951,11.006172,-171.783987,7.788332,14.180494
sz000019,2017-03-02,16.170000,16.240000,15.880000,15.920000,-0.012407,8967952.000000,144299670.750000,6020184854.800000,7189794793.920000,0.023715,77.266086,2016-09-30,2016-10-25,-105.595500,11.188906,-174.636083,7.917641,14.415930
sz000019,2017-03-01,16.160000,16.360000,16.040000,16.120000,0.001242,9699372.000000,156916659.210000,6095815317.800000,7280118849.120000,0.025649,78.236766,2016-09-30,2016-10-25,-106.922077,11.329470,-176.830004,8.017108,14.597035
sz000019,2017-02-28,16.000000,16.190000,16.000000,16.100000,-0.003096,8334017.000000,133904007.340000,6088252271.500000,7271086443.600000,0.022039,78.139698,2016-09-30,2016-10-25,-106.789419,11.315413,-176.610612,8.007162,14.578924
sz000019,2017-02-27,16.080000,16.600000,16.000000,16.150000,0.001240,13242078.000000,215648919.440000,6107159887.250000,7293667457.400000,0.035018,78.382368,2016-09-30,2016-10-25,-107.121063,11.350554,-177.159092,8.032029,14.624201
sz000019,2017-02-24,16.020000,16.240000,16.010000,16.130000,0.004359,7307230.000000,117751292.740000,6099596840.950000,7284635051.880000,0.019324,78.285300,2016-09-30,2016-10-25,-106.988406,11.336498,-176.939700,8.022082,14.606090
sz000019,2017-02-23,16.180000,16.340000,15.970000,16.060000,-0.020732,13159264.000000,211668312.390000,6073126178.900000,7253021632.560000,0.034799,77.945562,2016-09-30,2016-10-25,-106.524104,11.287300,-176.171828,7.987268,14.542703
sz000019,2017-02-22,16.170000,17.180000,16.050000,16.400000,0.008610,23292547.000000,386056764.580000,6201697966.000000,7406572526.400000,0.061596,79.595717,2016-09-30,2016-10-25,-108.779284,11.526259,-179.901493,8.156363,14.850581
sz000019,2017-02-21,16.080000,16.350000,15.920000,16.260000,0.009938,15498254.000000,249935989.860000,6148756641.900000,7343345687.760000,0.040984,78.916241,2016-09-30,2016-10-25,-107.850681,11.427865,-178.365749,8.086736,14.723808
sz000019,2017-02-20,15.800000,16.150000,15.710000,16.100000,0.011942,15151346.000000,242470918.500000,6088252271.500000,7271086443.600000,0.040067,78.139698,2016-09-30,2016-10-25,-106.789419,11.315413,-176.610612,8.007162,14.578924
sz000019,2017-02-17,16.310000,16.680000,15.850000,15.910000,-0.035758,23535459.000000,380506455.570000,6016403331.650000,7185278591.160000,0.062238,77.217552,2016-09-30,2016-10-25,-105.529171,11.181877,-174.526387,7.912667,14.406875
sz000019,2017-02-16,16.450000,16.850000,16.120000,16.500000,-0.010791,39434198.000000,649809098.480000,6239513197.500000,7451734554.000000,0.104281,80.081057,2016-09-30,2016-10-25,-109.442572,11.596542,-180.998453,8.206097,14.941134
sz000019,2017-02-15,15.170000,16.680000,15.150000,16.680000,0.100264,44522300.000000,723760000.000000,6308000000.000000,7533000000.000000,0.117729,80.954668,2016-09-30,2016-10-25,-110.636491,11.723049,-182.972982,8.295618,15.104128
sz000019,2017-02-14,15.140000,15.360000,15.110000,15.160000,-0.000659,7007907.000000,106549405.910000,5732789095.400000,6846563384.160000,0.018532,73.577504,2016-09-30,2016-10-25,-100.554509,10.654762,-166.299185,7.539663,13.727733
sz000019,2017-02-13,15.190000,15.430000,15.030000,15.170000,-0.001317,6833783.000000,103756930.110000,5736570618.550000,6851079586.920000,0.018072,73.626038,2016-09-30,2016-10-25,-100.620838,10.661790,-166.408881,7.544636,13.736788
sz000019,2017-02-10,15.370000,15.470000,15.150000,15.190000,-0.021893,11318841.000000,173464020.740000,5744133664.850000,6860111992.440000,0.029932,73.723106,2016-09-30,2016-10-25,-100.753496,10.675846,-166.628273,7.554583,13.754898
sz000019,2017-02-09,15.030000,15.890000,14.930000,15.530000,0.036024,15397514.000000,235126294.180000,5872705451.950000,7013662886.280000,0.040718,75.373261,2016-09-30,2016-10-25,-103.008676,10.914805,-170.357938,7.723678,14.062776
sz000019,2017-02-08,14.920000,14.990000,14.800000,14.990000,-0.003324,6970550.000000,103893073.260000,5668503201.850000,6769787937.240000,0.018433,72.752427,2016-09-30,2016-10-25,-99.426919,10.535282,-164.434352,7.455115,13.573794
sz000019,2017-02-07,14.930000,15.090000,14.710000,15.040000,0.008043,10535070.000000,157358184.680000,5687410817.600000,6792368951.040000,0.027859,72.995096,2016-09-30,2016-10-25,-99.758563,10.570423,-164.982833,7.479982,13.619070
sz000019,2017-02-06,14.700000,14.990000,14.700000,14.920000,0.014966,6834821.000000,101536510.090000,5642032539.800000,6738174517.920000,0.018074,72.412689,2016-09-30,2016-10-25,-98.962617,10.486085,-163.666480,7.420301,13.510407
sz000019,2017-02-03,14.700000,14.830000,14.650000,14.700000,0.000000,4057300.000000,59678984.500000,5558839030.500000,6638818057.200000,0.010729,71.344941,2016-09-30,2016-10-25,-97.503383,10.331464,-161.253167,7.310887,13.311192
sz000019,2017-01-26,14.530000,14.740000,14.520000,14.700000,0.011700,5816629.000000,85074898.360000,5558839030.500000,6638818057.200000,0.015382,71.344941,2016-09-30,2016-10-25,-97.503383,10.331464,-161.253167,7.310887,13.311192
sz000019,2017-01-25,14.420000,14.630000,14.330000,14.530000,0.006930,5903352.000000,85655783.000000,5494553136.950000,6562042610.280000,0.015611,70.519864,2016-09-30,2016-10-25,-96.375793,10.211985,-159.388335,7.226339,13.157253
sz000019,2017-01-24,14.470000,14.680000,14.280000,14.430000,0.002083,6746200.000000,97619286.390000,5456737905.450000,6516880582.680000,0.017840,70.034524,2016-09-30,2016-10-25,-95.712504,10.141703,-158.291375,7.176605,13.066701
sz000019,2017-01-23,14.390000,14.750000,14.380000,14.400000,0.000695,8664355.000000,125913397.650000,5445393336.000000,6503331974.400000,0.022912,69.888922,2016-09-30,2016-10-25,-95.513518,10.120618,-157.962287,7.161685,13.039535
sz000019,2017-01-20,14.230000,14.470000,14.180000,14.390000,0.011244,5708500.000000,82047565.000000,5441611812.850000,6498815771.640000,0.015096,69.840388,2016-09-30,2016-10-25,-95.447189,10.113590,-157.852590,7.156712,13.030480
sz000019,2017-01-19,14.580000,14.580000,14.220000,14.230000,-0.024005,6687295.000000,95878430.520000,5381107442.450000,6426556527.480000,0.017684,69.063845,2016-09-30,2016-10-25,-94.385928,10.001139,-156.097454,7.077137,12.885596
sz000019,2017-01-18,14.420000,14.870000,14.280000,14.580000,0.005517,8708479.000000,127291250.630000,5513460752.700000,6584623624.080000,0.023029,70.762534,2016-09-30,2016-10-25,-96.707437,10.247126,-159.936815,7.251206,13.202529
sz000019,2017-01-17,14.280000,14.760000,13.970000,14.500000,0.016118,9524938.000000,137185809.110000,5483208567.500000,6548494002.000000,0.025188,70.374262,2016-09-30,2016-10-25,-96.176806,10.190900,-159.059247,7.211419,13.130087
sz000019,2017-01-16,15.420000,15.550000,14.030000,14.270000,-0.084670,13111162.000000,192680543.820000,5396233535.050000,6444621338.520000,0.034672,69.257981,2016-09-30,2016-10-25,-94.651243,10.029251,-156.536238,7.097031,12.921817
sz000019,2017-01-13,16.220000,16.300000,15.350000,15.590000,-0.038841,10536885.000000,166862554.950000,5895394590.850000,7040760102.840000,0.027864,75.664465,2016-09-30,2016-10-25,-103.406649,10.956975,-171.016114,7.753519,14.117108
sz000019,2017-01-12,16.410000,16.460000,16.170000,16.220000,-0.005518,7145649.000000,116472852.450000,6133630549.300000,7325280876.720000,0.018896,78.722105,2016-09-30,2016-10-25,-107.585365,11.399752,-177.926964,8.066842,14.687587
sz000019,2017-01-11,16.750000,16.880000,16.300000,16.310000,-0.026269,10974652.000000,181184797.000000,6167664257.650000,7365926701.560000,0.029022,79.158911,2016-09-30,2016-10-25,-108.182325,11.463006,-178.914229,8.111603,14.769084
sz000019,2017-01-10,17.130000,17.200000,16.730000,16.750000,-0.024461,13047400.000000,220762569.330000,6334051276.250000,7564639623.000000,0.034503,81.294406,2016-09-30,2016-10-25,-111.100793,11.772247,-183.740854,8.330432,15.167515
sz000019,2017-01-09,16.920000,17.280000,16.800000,17.170000,0.000000,16927924.000000,288642420.720000,6492875248.550000,7754320138.920000,0.044765,83.332833,2016-09-30,2016-10-25,-113.886604,12.067431,-188.348087,8.539315,15.547834
sz000019,2017-01-06,16.740000,17.500000,16.580000,17.170000,0.023852,27220042.000000,464652489.100000,6492875248.550000,7754320138.920000,0.071982,83.332833,2016-09-30,2016-10-25,-113.886604,12.067431,-188.348087,8.539315,15.547834
sz000019,2017-01-05,16.520000,16.970000,16.430000,16.770000,0.011460,15713516.000000,263105695.910000,6341614322.550000,7573672028.520000,0.041553,81.391474,2016-09-30,2016-10-25,-111.233451,11.786303,-183.960246,8.340379,15.185625
sz000019,2017-01-04,16.380000,16.650000,16.270000,16.580000,0.014688,11186098.000000,184734608.390000,6269765382.700000,7487864176.080000,0.029581,80.469328,2016-09-30,2016-10-25,-109.973203,11.652767,-181.876022,8.245885,15.013576
sz000019,2017-01-03,16.100000,16.670000,16.100000,16.340000,0.009265,6622983.000000,108651509.470000,6179008827.100000,7379475309.840000,0.017514,79.304513,2016-09-30,2016-10-25,-108.381311,11.484090,-179.243317,8.126523,14.796250
sz000019,2016-12-30,16.410000,16.580000,16.100000,16.190000,-0.008573,7264181.000000,118748200.700000,6122285979.850000,7311732268.440000,0.019210,78.576503,2016-09-30,2016-10-25,-107.386379,11.378667,-177.597876,8.051922,14.660422
sz000019,2016-12-29,16.500000,16.570000,15.100000,16.330000,-0.022741,10442580.000000,171066816.610000,6175227303.950000,7374959107.080000,0.027615,79.255979,2016-09-30,2016-10-25,-108.314982,11.477062,-179.133621,8.121550,14.787195
sz000019,2016-12-28,16.580000,17.230000,16.410000,16.710000,0.001198,13540143.000000,227356888.060000,6318925183.650000,7546574811.960000,0.035806,81.100270,2016-09-30,2016-10-25,-110.835478,11.744134,-183.302070,8.310539,15.131294
sz000019,2016-12-27,16.800000,16.920000,16.680000,16.690000,-0.005364,8383254.000000,140799577.470000,6311362137.350000,7537542406.440000,0.022169,81.003202,2016-09-30,2016-10-25,-110.702820,11.730077,-183.082678,8.300592,15.113183
sz000019,2016-12-26,16.760000,16.850000,16.460000,16.780000,0.000596,8654811.000000,144015217.150000,6345395845.700000,7578188231.280000,0.022887,81.440008,2016-09-30,2016-10-25,-111.299780,11.793331,-184.069942,8.345352,15.194680
sz000019,2016-12-23,17.310000,17.400000,16.760000,16.770000,-0.040618,16499828.000000,280002021.830000,6341614322.550000,7573672028.520000,0.043633,81.391474,2016-09-30,2016-10-25,-111.233451,11.786303,-183.960246,8.340379,15.185625
sz000019,2016-12-22,17.130000,17.680000,17.040000,17.480000,0.018055,17208889.000000,299613965.060000,6610102466.200000,7894322424.480000,0.045508,84.837386,2016-09-30,2016-10-25,-115.942798,12.285306,-191.748664,8.693490,15.828547
sz000019,2016-12-21,17.220000,17.480000,17.010000,17.170000,-0.009804,13549831.000000,232654547.370000,6492875248.550000,7754320138.920000,0.035832,83.332833,2016-09-30,2016-10-25,-113.886604,12.067431,-188.348087,8.539315,15.547834
sz000019,2016-12-20,18.060000,18.060000,17.140000,17.340000,-0.034521,19900209.000000,347594959.420000,6557161142.100000,7831095585.840000,0.052625,84.157910,2016-09-30,2016-10-25,-115.014194,12.186911,-190.212920,8.623862,15.701773
sz000019,2016-12-19,17.960000,18.390000,17.800000,17.960000,0.008422,26996600.000000,487920721.100000,6791615577.400000,8111100156.960000,0.071391,87.167017,2016-09-30,2016-10-25,-119.126582,12.622660,-197.014074,8.932213,16.263198
sz000019,2016-12-16,17.350000,18.190000,17.350000,17.810000,0.018296,30893640.000000,551817117.680000,6734892730.150000,8043357115.560000,0.081696,86.439007,2016-09-30,2016-10-25,-118.131649,12.517237,-195.368634,8.857612,16.127369
sz000019,2016-12-15,16.810000,17.590000,16.780000,17.490000,0.021016,23706083.000000,411506602.420000,6613883989.350000,7898838627.240000,0.062689,84.885920,2016-09-30,2016-10-25,-116.009127,12.292334,-191.858360,8.698463,15.837602
sz000019,2016-12-14,16.750000,17.860000,16.400000,17.130000,0.023909,27767680.000000,477024138.960000,6477749155.950000,7736255327.880000,0.073430,83.138697,2016-09-30,2016-10-25,-113.621289,12.039319,-187.909303,8.519421,15.511613
sz000019,2016-12-13,16.810000,17.000000,15.840000,16.730000,-0.017616,17206876.000000,284931290.230000,6326488229.950000,7555607217.480000,0.045503,81.197338,2016-09-30,2016-10-25,-110.968136,11.758190,-183.521462,8.320485,15.149404
sz000019,2016-12-12,17.310000,17.830000,16.730000,17.030000,-0.029076,27066584.000000,468694039.920000,6439933924.450000,7691093300.280000,0.071576,82.653357,2016-09-30,2016-10-25,-112.958001,11.969037,-186.812343,8.469687,15.421061
sz000019,2016-12-09,17.130000,18.180000,17.130000,17.540000,0.036643,32431820.000000,576639393.590000,6632791605.100000,7921419641.040000,0.085764,85.128590,2016-09-30,2016-10-25,-116.340771,12.327475,-192.406841,8.723330,15.882878
sz000019,2016-12-08,17.100000,17.180000,16.850000,16.920000,-0.007042,10606278.000000,180560643.150000,6398337169.800000,7641415069.920000,0.028048,82.119484,2016-09-30,2016-10-25,-112.228383,11.891726,-185.605687,8.414980,15.321453
sz000019,2016-12-07,16.980000,17.060000,16.780000,17.040000,0.005903,8248436.000000,139674640.650000,6443715447.600000,7695609503.040000,0.021812,82.701891,2016-09-30,2016-10-25,-113.024329,11.976065,-186.922039,8.474661,15.430116
sz000019,2016-12-06,16.610000,17.160000,16.610000,16.940000,0.005341,8475169.000000,143282214.330000,6405900216.100000,7650447475.440000,0.022412,82.216552,2016-09-30,2016-10-25,-112.361041,11.905783,-185.825079,8.424927,15.339564
sz000019,2016-12-05,16.890000,17.470000,16.780000,16.850000,0.004172,11136469.000000,189722934.440000,6371866507.750000,7609801650.600000,0.029450,81.779746,2016-09-30,2016-10-25,-111.764082,11.842529,-184.837814,8.380166,15.258067
sz000019,2016-12-02,17.200000,17.340000,16.700000,16.780000,-0.024985,12153067.000000,205863006.660000,6345395845.700000,7578188231.280000,0.032138,81.440008,2016-09-30,2016-10-25,-111.299780,11.793331,-184.069942,8.345352,15.194680
sz000019,2016-12-01,17.150000,17.320000,17.070000,17.210000,-0.004627,9620869.000000,165655105.660000,6508001341.150000,7772384949.960000,0.025442,83.526969,2016-09-30,2016-10-25,-114.151920,12.095544,-188.786872,8.559208,15.584055
sz000019,2016-11-30,17.100000,17.400000,16.600000,17.290000,0.016461,20532808.000000,349947180.950000,6538253526.350000,7808514572.040000,0.054298,83.915241,2016-09-30,2016-10-25,-114.682550,12.151770,-189.664440,8.598995,15.656497
sz000019,2016-11-29,17.880000,17.890000,17.000000,17.010000,-0.050251,22809159.000000,398415578.390000,6432370878.150000,7682060894.760000,0.060317,82.556289,2016-09-30,2016-10-25,-112.825343,11.954980,-186.592951,8.459740,15.402951
sz000019,2016-11-28,18.180000,18.310000,17.780000,17.910000,-0.014851,13798002.000000,248540561.410000,6772707961.650000,8088519143.160000,0.036488,86.924347,2016-09-30,2016-10-25,-118.794938,12.587519,-196.465594,8.907346,16.217922
sz000019,2016-11-25,17.770000,18.250000,17.600000,18.180000,0.024225,18062127.000000,325299714.710000,6874809086.700000,8210456617.680000,0.047764,88.234764,2016-09-30,2016-10-25,-120.585816,12.777280,-199.427387,9.041627,16.462413
sz000019,2016-11-24,18.310000,18.550000,17.700000,17.750000,-0.035326,22072776.000000,399122583.150000,6712203591.250000,8016259899.000000,0.058370,86.147803,2016-09-30,2016-10-25,-117.733676,12.475067,-194.710457,8.827771,16.073038
sz000019,2016-11-23,18.610000,18.750000,18.350000,18.400000,-0.010221,14783851.000000,273205392.500000,6958002596.000000,8309813078.400000,0.039095,89.302512,2016-09-30,2016-10-25,-122.045051,12.931901,-201.840699,9.151042,16.661628
sz000019,2016-11-22,18.410000,18.800000,18.400000,18.590000,0.010875,18065200.000000,335519601.820000,7029851535.850000,8395620930.840000,0.047772,90.224657,2016-09-30,2016-10-25,-123.305298,13.065437,-203.924924,9.245536,16.833677
sz000019,2016-11-21,18.550000,18.860000,18.220000,18.390000,-0.016051,21865264.000000,403982383.590000,6954221072.850000,8305296875.640000,0.057821,89.253978,2016-09-30,2016-10-25,-121.978722,12.924873,-201.731003,9.146069,16.652573
sz000019,2016-11-18,19.010000,19.100000,18.600000,18.690000,-0.033109,32707885.000000,615328383.310000,7067666767.350000,8440782958.440000,0.086494,90.709997,2016-09-30,2016-10-25,-123.968587,13.135719,-205.021884,9.295270,16.924230
sz000019,2016-11-17,19.500000,20.390000,19.250000,19.330000,-0.033500,40021129.000000,789253910.970000,7309684248.950000,8729819935.080000,0.105833,93.816171,2016-09-30,2016-10-25,-128.213632,13.585524,-212.042430,9.613567,17.503765
sz000019,2016-11-16,19.300000,21.080000,19.240000,20.000000,0.031460,59926540.000000,1203638832.230000,7563046300.000000,9032405520.000000,0.158472,97.067947,2016-09-30,2016-10-25,-132.657664,14.056414,-219.392065,9.946785,18.110465
sz000019,2016-11-15,19.150000,19.640000,18.880000,19.390000,0.007796,29850615.000000,574710266.870000,7332373387.850000,8756917151.639999,0.078938,94.107375,2016-09-30,2016-10-25,-128.611605,13.627693,-212.700607,9.643408,17.558096
sz000019,2016-11-14,19.300000,19.580000,19.000000,19.240000,-0.020367,31067599.000000,597100305.530000,7275650540.600000,8689174110.240000,0.082156,93.379365,2016-09-30,2016-10-25,-127.616672,13.522270,-211.055166,9.568807,17.422267
sz000019,2016-11-11,18.990000,20.210000,18.800000,19.640000,0.031513,55932686.000000,1088024749.830000,7426911466.600000,8869822220.639999,0.147910,95.320724,2016-09-30,2016-10-25,-130.269826,13.803399,-215.443007,9.767743,17.784477
sz000019,2016-11-10,19.200000,19.280000,18.810000,19.040000,0.014925,35499690.000000,675604323.550000,7200020077.600000,8598850055.040001,0.093877,92.408686,2016-09-30,2016-10-25,-126.290096,13.381706,-208.861245,9.469339,17.241163
sz000019,2016-11-09,19.120000,19.360000,18.420000,18.760000,-0.033488,47662311.000000,898567178.820000,7094137429.400000,8472396377.760000,0.126040,91.049735,2016-09-30,2016-10-25,-124.432888,13.184916,-205.789757,9.330084,16.987616
sz000019,2016-11-08,18.920000,19.560000,18.900000,19.410000,-0.009694,57000249.000000,1090344019.260000,7339936434.150000,8765949557.160000,0.150734,94.204443,2016-09-30,2016-10-25,-128.744263,13.641750,-212.919999,9.653355,17.576206
sz000019,2016-11-07,20.000000,21.200000,19.600000,19.600000,-0.010601,107160780.000000,2184802578.970000,7411785374.000000,8851757409.600000,0.283380,95.126589,2016-09-30,2016-10-25,-130.004510,13.775286,-215.004223,9.747849,17.748256
sz000019,2016-11-04,18.240000,19.810000,18.240000,19.810000,0.099944,61383641.000000,1207377909.200000,7491197360.150000,8946597667.559999,0.162325,96.145802,2016-09-30,2016-10-25,-131.397416,13.922878,-217.307840,9.852290,17.938416
sz000019,2016-11-03,17.810000,18.190000,17.610000,18.010000,-0.004972,38662296.000000,690825279.310000,6810523193.150000,8133681170.760000,0.102240,87.409687,2016-09-30,2016-10-25,-119.458226,12.657801,-197.562554,8.957080,16.308474
sz000019,2016-11-02,17.600000,18.600000,17.510000,18.100000,0.020293,55006056.000000,999432123.890000,6844556901.500000,8174326995.600000,0.145460,87.846492,2016-09-30,2016-10-25,-120.055186,12.721055,-198.549818,9.001840,16.389971
sz000019,2016-11-01,17.400000,17.790000,17.300000,17.740000,0.019540,36137361.000000,636470254.290000,6708422068.100000,8011743696.240000,0.095563,86.099269,2016-09-30,2016-10-25,-117.667348,12.468039,-194.600761,8.822798,16.063983
sz000019,2016-10-31,17.040000,17.600000,16.860000,17.400000,0.009281,21994074.000000,381749313.510000,6579850281.000000,7858192802.400000,0.058162,84.449114,2016-09-30,2016-10-25,-115.412167,12.229080,-190.871096,8.653703,15.756105
sz000019,2016-10-28,17.250000,17.630000,17.180000,17.240000,-0.006912,19439798.000000,337572083.970000,6519345910.600000,7785933558.240000,0.051407,83.672571,2016-09-30,2016-10-25,-114.350906,12.116629,-189.115960,8.574128,15.611221
sz000019,2016-10-27,17.150000,17.600000,17.100000,17.360000,0.006377,21234864.000000,369838048.140000,6564724188.400000,7840127991.360000,0.056154,84.254978,2016-09-30,2016-10-25,-115.146852,12.200967,-190.432312,8.633809,15.719884
sz000019,2016-10-26,17.490000,17.580000,17.150000,17.250000,-0.024321,22162438.000000,383897351.570000,6523127433.750000,7790449761.000000,0.058607,83.721105,2016-09-30,2016-10-25,-114.417235,12.123657,-189.225656,8.579102,15.620276
sz000019,2016-10-25,17.130000,18.000000,17.010000,17.680000,0.029104,38546728.000000,676335259.590000,6685732929.200000,7984646479.680000,0.101934,85.808066,2016-09-30,2016-10-25,-117.269375,12.425870,-193.942585,8.792958,16.009651
sz000019,2016-10-24,17.000000,17.450000,17.000000,17.180000,0.005855,17712241.000000,305340251.090000,6496656771.700000,7758836341.680000,0.046839,83.381367,2016-06-30,2016-08-23,-102.163390,12.074460,-110.494395,8.428592,15.556890
sz000019,2016-10-21,17.100000,17.250000,16.900000,17.080000,-0.004082,17616386.000000,300225959.450000,6458841540.200000,7713674314.080000,0.046585,82.896027,2016-06-30,2016-08-23,-101.568725,12.004178,-109.851238,8.379532,15.466337
sz000019,2016-10-20,17.350000,17.480000,17.100000,17.150000,-0.020000,22416865.000000,386022000.140000,6485312202.250000,7745287733.400000,0.059280,83.235765,2016-06-30,2016-08-23,-101.984991,12.053375,-110.301448,8.413874,15.529724
sz000019,2016-10-19,17.370000,17.900000,17.220000,17.500000,0.009227,32512563.000000,571972362.360000,6617665512.500000,7903354830.000000,0.085977,84.934454,2016-06-30,2016-08-23,-104.066317,12.299362,-112.552498,8.585586,15.846657
sz000019,2016-10-18,17.380000,17.470000,16.900000,17.340000,0.004053,22343102.000000,384201897.270000,6557161142.100000,7831095585.840000,0.059085,84.157910,2016-06-30,2016-08-23,-103.114854,12.186911,-111.523446,8.507089,15.701773
sz000019,2016-10-17,17.220000,17.570000,17.040000,17.270000,0.005239,22207600.000000,383647053.130000,6530690480.050000,7799482166.520000,0.058727,83.818173,2016-06-30,2016-08-23,-102.698588,12.137713,-111.073236,8.472747,15.638387
sz000019,2016-10-14,17.210000,17.490000,17.020000,17.180000,-0.010369,21738563.000000,373656452.050000,6496656771.700000,7758836341.680000,0.057486,83.381367,2016-06-30,2016-08-23,-102.163390,12.074460,-110.494395,8.428592,15.556890
sz000019,2016-10-13,17.700000,17.970000,17.300000,17.360000,-0.018100,28516525.000000,502868784.470000,6564724188.400000,7840127991.360000,0.075410,84.254978,2016-06-30,2016-08-23,-103.233786,12.200967,-111.652078,8.516901,15.719884
sz000019,2016-10-12,17.620000,17.990000,17.600000,17.680000,-0.025358,38120634.000000,677126293.180000,6685732929.200000,7984646479.680000,0.100808,85.808066,2016-06-30,2016-08-23,-105.136713,12.425870,-113.710181,8.673895,16.009651
sz000019,2016-10-11,17.270000,18.900000,16.980000,18.140000,0.032442,76913505.000000,1383831550.710000,6859682994.100000,8192391806.640000,0.203393,88.040628,2016-06-30,2016-08-23,-107.872171,12.749168,-116.668703,8.899573,16.426192
sz000019,2016-10-10,18.220000,18.800000,17.500000,17.570000,0.028087,69701270.000000,1256286768.340000,6644136174.550000,7934968249.320000,0.184321,85.274192,2016-06-30,2016-08-23,-104.482582,12.348560,-113.002708,8.619928,15.910044
sz000019,2016-09-30,16.190000,17.340000,16.160000,17.090000,0.044621,49587188.000000,836502294.560000,6462623063.350000,7718190516.840000,0.131130,82.944561,2016-06-30,2016-08-23,-101.628192,12.011206,-109.915553,8.384438,15.475392
sz000019,2016-09-29,16.700000,16.890000,16.160000,16.360000,0.002451,27983599.000000,459728608.950000,6186571873.400000,7388507715.360000,0.074001,79.401581,2016-06-30,2016-08-23,-97.287140,11.498147,-105.220506,8.026296,14.814360
sz000019,2016-09-28,16.080000,16.500000,15.910000,16.320000,0.014925,25222699.000000,411791564.810000,6171445780.800000,7370442904.320000,0.066700,79.207445,2016-06-30,2016-08-23,-97.049274,11.470034,-104.963244,8.006672,14.778140
sz000019,2016-09-27,15.990000,16.270000,15.610000,16.080000,-0.011678,23504553.000000,373869525.110000,6080689225.200000,7262054038.080000,0.062156,78.042630,2016-06-30,2016-08-23,-95.622079,11.301357,-103.419666,7.888927,14.560814
sz000019,2016-09-26,16.000000,16.900000,15.920000,16.270000,0.009932,39045325.000000,643614237.990000,6152538165.050000,7347861890.520000,0.103253,78.964775,2016-06-30,2016-08-23,-96.751942,11.434893,-104.641665,7.982142,14.732863
sz000019,2016-09-23,16.220000,16.390000,15.900000,16.110000,-0.000620,18620140.000000,300802625.660000,6092033794.650000,7275602646.360000,0.049240,78.188232,2016-06-30,2016-08-23,-95.800478,11.322441,-103.612614,7.903645,14.587980
sz000019,2016-09-22,16.230000,16.670000,16.110000,16.120000,0.003111,23455695.000000,383735291.110000,6095815317.800000,7280118849.120000,0.062027,78.236766,2016-06-30,2016-08-23,-95.859945,11.329470,-103.676929,7.908551,14.597035
sz000019,2016-09-21,16.460000,16.500000,16.040000,16.070000,-0.038300,26886097.000000,436818382.470000,6076907702.050000,7257537835.320000,0.071099,77.994096,2016-06-30,2016-08-23,-95.562612,11.294329,-103.355351,7.884021,14.551759
sz000019,2016-09-20,15.500000,17.000000,15.450000,16.710000,0.077369,40664182.000000,657315633.290000,6318925183.650000,7546574811.960000,0.107534,81.100270,2016-06-30,2016-08-23,-99.368466,11.744134,-107.471556,8.198008,15.131294
sz000019,2016-09-19,15.410000,15.650000,15.400000,15.510000,0.006489,13211191.000000,204737154.230000,5865142405.650000,7004630480.760000,0.034936,75.276193,2016-06-30,2016-08-23,-92.232490,10.900749,-99.753671,7.609282,14.044666
sz000019,2016-09-14,15.710000,15.790000,15.300000,15.410000,-0.034461,18563629.000000,288875107.810000,5827327174.150000,6959468453.160000,0.049090,74.790854,2016-06-30,2016-08-23,-91.637825,10.830467,-99.110514,7.560222,13.954113
sz000019,2016-09-13,15.770000,16.380000,15.770000,15.960000,0.010127,22073109.000000,353656940.490000,6035310947.400000,7207859604.960000,0.058371,77.460222,2016-06-30,2016-08-23,-94.908481,11.217018,-102.647878,7.830054,14.452151
sz000019,2016-09-12,15.400000,16.690000,15.200000,15.800000,-0.019851,34012711.000000,549723114.690000,5974806577.000000,7135600360.800000,0.089944,76.683679,2016-06-30,2016-08-23,-93.957018,11.104567,-101.618826,7.751558,14.307267
sz000019,2016-09-09,16.460000,16.520000,16.100000,16.120000,-0.020656,21053355.000000,342272989.280000,6095815317.800000,7280118849.120000,0.055674,78.236766,2016-06-30,2016-08-23,-95.859945,11.329470,-103.676929,7.908551,14.597035
sz000019,2016-09-08,16.730000,16.880000,16.230000,16.460000,-0.027187,31748096.000000,525172117.680000,6224387104.900000,7433669742.960000,0.083956,79.886921,2016-06-30,2016-08-23,-97.881804,11.568429,-105.863664,8.075357,14.904913
sz000019,2016-09-07,17.100000,17.570000,16.900000,16.920000,-0.017422,33906307.000000,582121052.590000,6398337169.800000,7641415069.920000,0.089663,82.119484,2016-06-30,2016-08-23,-100.617262,11.891726,-108.822186,8.301035,15.321453
sz000019,2016-09-06,17.170000,17.360000,16.870000,17.220000,-0.014310,38949456.000000,666600799.660000,6511782864.300000,7776901152.720000,0.102999,83.575503,2016-06-30,2016-08-23,-102.401256,12.102572,-110.751658,8.448217,15.593110
sz000019,2016-09-05,16.580000,17.730000,16.450000,17.470000,0.054315,60063065.000000,1027774458.180000,6606320943.050000,7889806221.720000,0.158833,84.788852,2016-06-30,2016-08-23,-103.887918,12.278278,-112.359551,8.570868,15.819491
sz000019,2016-09-02,16.210000,16.610000,16.030000,16.570000,0.021578,29167807.000000,476312681.460000,6265983859.550000,7483347973.320000,0.077132,80.420794,2016-06-30,2016-08-23,-98.535936,11.645739,-106.571136,8.129323,15.004520
sz000019,2016-09-01,16.690000,16.750000,16.150000,16.220000,-0.037389,38726718.000000,634281169.640000,6133630549.300000,7325280876.720000,0.102410,78.722105,2016-06-30,2016-08-23,-96.454609,11.399752,-104.320086,7.957612,14.687587
sz000019,2016-08-31,16.650000,17.410000,16.580000,16.850000,-0.002368,48732467.000000,828098445.010000,6371866507.750000,7609801650.600000,0.128870,81.779746,2016-06-30,2016-08-23,-100.200997,11.842529,-108.371976,8.266693,15.258067
sz000019,2016-08-30,16.420000,17.090000,16.150000,16.890000,0.028624,53090016.000000,889059511.190000,6386992600.350000,7627866461.640000,0.140393,81.973882,2016-06-30,2016-08-23,-100.438863,11.870642,-108.629239,8.286317,15.294288
sz000019,2016-08-29,16.100000,16.490000,16.000000,16.420000,0.002442,29750231.000000,483334059.580000,6209261012.300000,7415604931.920000,0.078673,79.692785,2016-06-30,2016-08-23,-97.643939,11.540316,-105.606401,8.055733,14.868692
sz000019,2016-08-26,16.600000,17.130000,16.370000,16.380000,-0.013847,52428932.000000,877423273.900000,6194134919.700000,7397540120.880000,0.138645,79.498649,2016-06-30,2016-08-23,-97.406073,11.512203,-105.349138,8.036109,14.832471
sz000019,2016-08-25,16.540000,16.880000,16.110000,16.610000,-0.018322,49807779.000000,820024415.350000,6281110035.200000,7501412784.360000,0.131714,80.614930,2016-06-30,2016-08-23,-98.773801,11.673852,-106.828399,8.148948,15.040741
sz000019,2016-08-24,17.320000,17.660000,16.700000,16.920000,-0.017992,63670468.000000,1096181102.580000,6398337254.400000,7641415069.920000,0.168373,82.119484,2016-06-30,2016-08-23,-100.617262,11.891726,-108.822186,8.301035,15.321453
sz000019,2016-08-23,17.280000,17.660000,16.860000,17.230000,-0.012607,60250097.000000,1041037211.980000,6515564473.600000,7781417355.480000,0.159328,83.624037,2016-06-30,2016-08-23,-102.460722,12.109601,-110.815973,8.453123,15.602166
sz000019,2016-08-22,17.800000,18.160000,16.960000,17.450000,-0.030017,80067275.000000,1399146482.200000,6598757984.000000,7880773816.200000,0.211733,84.691784,2016-03-31,2016-04-26,-247.117628,18.402026,-98.624399,8.481730,15.801381
sz000019,2016-08-19,19.680000,19.820000,17.640000,17.990000,-0.046635,121342243.000000,2231377969.520000,6802960236.800000,8124648765.240000,0.320882,87.312619,2016-03-31,2016-04-26,-254.764822,18.971486,-101.676386,8.744202,16.290363
sz000019,2016-08-18,17.270000,18.870000,17.110000,18.870000,0.100292,88474241.000000,1589644374.130000,7135734278.400000,8522074608.120000,0.233965,91.583608,2016-03-31,2016-04-26,-267.226914,19.899497,-106.649994,9.171934,17.087224
sz000019,2016-08-17,16.200000,17.150000,16.050000,17.150000,0.100064,128880731.000000,2181514122.020000,6485312288.000000,7745287733.400000,0.340817,83.235765,2016-03-31,2016-04-26,-242.869188,18.085658,-96.928850,8.335913,15.529724
sz000019,2016-08-16,14.030000,15.590000,14.010000,15.590000,0.100212,57356188.000000,846815769.210000,5895394668.800000,7040760102.840000,0.151675,75.664465,2016-03-31,2016-04-26,-220.777297,16.440549,-88.111998,7.577660,14.117108
sz000019,2016-08-15,13.560000,14.500000,13.530000,14.170000,0.038856,59154623.000000,825332140.160000,5358418374.400000,6399459310.920000,0.156431,68.772641,2016-03-31,2016-04-26,-200.668011,14.943077,-80.086403,6.887457,12.831265
sz000019,2016-08-12,13.300000,13.680000,13.180000,13.640000,0.002941,37672138.000000,504641119.620000,5157997644.800000,6160100564.640000,0.099622,66.200340,2016-03-31,2016-04-26,-193.162433,14.384162,-77.090934,6.629845,12.351337
sz000019,2016-08-11,13.380000,14.190000,13.370000,13.600000,0.006662,65161779.000000,899882673.760000,5142871552.000000,6142035753.600000,0.172316,66.006204,2016-03-31,2016-04-26,-192.595974,14.341980,-76.864861,6.610403,12.315116
sz000019,2016-08-10,12.920000,13.750000,12.840000,13.510000,0.037634,55975161.000000,746367158.940000,5108837843.200000,6101389928.760000,0.148023,65.569399,2016-03-31,2016-04-26,-191.321442,14.247070,-76.356196,6.566658,12.233619
sz000019,2016-08-09,12.840000,13.300000,12.800000,13.020000,0.012442,24302631.000000,317044147.870000,4923543206.400000,5880095993.520000,0.064267,63.191234,2016-03-31,2016-04-26,-184.382322,13.730337,-73.586801,6.328489,11.789913
sz000019,2016-08-08,12.790000,12.950000,12.640000,12.860000,-0.006950,21016042.000000,269142502.600000,4863038835.200000,5807836749.360000,0.055576,62.414690,2016-03-31,2016-04-26,-182.116487,13.561607,-72.682508,6.250719,11.645029
sz000019,2016-08-05,13.050000,13.280000,12.830000,12.950000,-0.005376,26411976.000000,344336275.620000,4897072544.000000,5848482574.200000,0.069845,62.851496,2016-03-31,2016-04-26,-183.391019,13.656518,-73.191173,6.294465,11.726526
sz000019,2016-08-04,13.130000,13.230000,12.790000,13.020000,-0.017358,32548841.000000,421591697.750000,4919905952.220000,5880095993.520000,0.086137,63.191234,2016-03-31,2016-04-26,-184.382322,13.730337,-73.586801,6.328489,11.789913
sz000019,2016-08-03,12.620000,13.700000,12.500000,13.250000,0.041667,50700862.000000,673265292.010000,5006816733.250000,5983968657.000000,0.134174,64.307515,2016-03-31,2016-04-26,-187.639460,13.972885,-74.886721,6.440282,11.998183
sz000019,2016-08-02,12.200000,12.880000,12.020000,12.720000,-0.020785,45155734.000000,562577024.610000,4806544063.920000,5744609910.720000,0.119500,61.735215,2016-03-31,2016-04-26,-180.133882,13.413969,-71.891252,6.182671,11.518256
sz000019,2016-08-01,13.410000,14.280000,12.960000,12.990000,-0.050439,66034851.000000,908128263.740000,4908569763.390000,5866547385.240000,0.174754,63.045632,2016-03-31,2016-04-26,-183.957478,13.698700,-73.417246,6.313907,11.762747
sz000019,2016-07-29,12.860000,13.830000,12.860000,13.680000,0.038724,66283208.000000,898143419.540000,5169302106.480000,6178165375.680000,0.175411,66.394476,2016-03-31,2016-04-26,-193.728892,14.426344,-77.317007,6.649288,12.387558
sz000019,2016-07-28,13.300000,13.390000,12.730000,13.170000,-0.022997,35717526.000000,468702869.680000,4976586896.370000,5947839034.920000,0.094523,63.919243,2016-03-31,2016-04-26,-186.506543,13.888520,-74.434575,6.401398,11.925741
sz000019,2016-07-27,12.930000,13.620000,12.010000,13.480000,0.038521,65346480.000000,859757569.650000,5093727514.280000,6087841320.480000,0.172932,65.423797,2016-03-31,2016-04-26,-190.896598,14.215433,-76.186641,6.552076,12.206453
sz000019,2016-07-26,12.900000,13.070000,12.830000,12.980000,0.013271,11185277.000000,144781832.060000,4904791033.780000,5862031182.480000,0.029601,62.997098,2016-03-31,2016-04-26,-183.815863,13.688154,-73.360727,6.309046,11.753692
sz000019,2016-07-25,12.820000,13.070000,12.740000,12.810000,-0.000780,11591746.000000,149376859.290000,4840552630.410000,5785255735.560000,0.030676,62.172020,2016-03-31,2016-04-26,-181.408414,13.508879,-72.399917,6.226416,11.599753
sz000019,2016-07-22,13.090000,13.130000,12.800000,12.820000,-0.021374,18837342.000000,243625185.670000,4844331360.020000,5789771938.320000,0.049851,62.220554,2016-03-31,2016-04-26,-181.550028,13.519425,-72.456435,6.231277,11.608808
sz000019,2016-07-21,12.980000,13.370000,12.900000,13.100000,0.006918,25810330.000000,339010485.560000,4950135789.100000,5916225615.600000,0.068304,63.579506,2016-03-31,2016-04-26,-185.515240,13.814701,-74.038947,6.367373,11.862355
sz000019,2016-07-20,13.240000,13.300000,13.000000,13.010000,-0.017372,21583001.000000,282839404.870000,4916127222.610000,5875579790.760000,0.057117,63.142700,2016-03-31,2016-04-26,-184.240708,13.719791,-73.530282,6.323628,11.780858
sz000019,2016-07-19,12.740000,13.380000,12.600000,13.240000,0.039246,35218819.000000,461913674.270000,5003038003.640000,5979452454.240000,0.093203,64.258981,2016-03-31,2016-04-26,-187.497845,13.962339,-74.830203,6.435422,11.989128
sz000019,2016-07-18,12.950000,12.950000,12.590000,12.740000,-0.031915,22920596.000000,292370224.020000,4814101523.140000,5753642316.240000,0.060657,61.832283,2016-03-31,2016-04-26,-180.417111,13.435060,-72.004289,6.192392,11.536366
sz000019,2016-07-15,13.000000,13.640000,13.000000,13.160000,0.013087,37443483.000000,499946051.330000,4972808166.760000,5943322832.160000,0.099090,63.870709,2016-03-31,2016-04-26,-186.364928,13.877975,-74.378056,6.396537,11.916686
sz000019,2016-07-14,13.010000,13.130000,12.920000,12.990000,-0.012918,16994264.000000,220764530.440000,4908569763.390000,5866547385.240000,0.044973,63.045632,2016-03-31,2016-04-26,-183.957478,13.698700,-73.417246,6.313907,11.762747
sz000019,2016-07-13,13.000000,13.180000,12.850000,13.160000,0.013867,22962442.000000,298946870.650000,4972808166.760000,5943322832.160000,0.060768,63.870709,2016-03-31,2016-04-26,-186.364928,13.877975,-74.378056,6.396537,11.916686
sz000019,2016-07-12,13.000000,13.100000,12.590000,12.980000,-0.004601,22926342.000000,294818465.790000,4904791033.780000,5862031182.480000,0.060672,62.997098,2016-03-31,2016-04-26,-183.815863,13.688154,-73.360727,6.309046,11.753692
sz000019,2016-07-11,13.240000,13.240000,13.020000,13.040000,-0.006098,17614174.000000,230627903.940000,4927463411.440000,5889128399.040000,0.046614,63.288302,2016-03-31,2016-04-26,-184.665552,13.751428,-73.699837,6.338210,11.808023
sz000019,2016-07-08,13.180000,13.280000,13.010000,13.120000,-0.006061,17442614.000000,228998978.390000,4957693248.320000,5925258021.120000,0.046160,63.676574,2016-03-31,2016-04-26,-185.798469,13.835792,-74.151983,6.377095,11.880465
sz000019,2016-07-07,13.310000,13.330000,13.050000,13.200000,-0.020772,31641064.000000,416411586.580000,4987923085.200000,5961387643.200000,0.083735,64.064845,2016-03-31,2016-04-26,-186.931387,13.920157,-74.604130,6.415979,11.952907
sz000019,2016-07-06,13.210000,13.860000,13.190000,13.480000,0.010495,37390322.000000,506619237.940000,5093727514.280000,6087841320.480000,0.098949,65.423797,2016-03-31,2016-04-26,-190.896598,14.215433,-76.186641,6.552076,12.206453
sz000019,2016-07-05,13.500000,13.640000,13.270000,13.340000,-0.012583,35318139.000000,473631344.290000,5040825299.740000,6024614481.840000,0.093466,64.744321,2016-03-31,2016-04-26,-188.913992,14.067795,-75.395386,6.484028,12.079680
sz000019,2016-07-04,13.000000,13.580000,12.900000,13.510000,-0.010981,46950479.000000,621041998.780000,5105063703.110000,6101389928.760000,0.124249,65.569399,2016-03-31,2016-04-26,-191.321442,14.247070,-76.356196,6.566658,12.233619
sz000019,2016-07-01,14.100000,14.440000,13.620000,13.660000,0.007375,77633355.000000,1088472481.360000,5161744647.260000,6169132970.160000,0.205448,66.297408,2016-03-31,2016-04-26,-193.445662,14.405253,-77.203970,6.639566,12.369448
sz000019,2016-06-30,13.150000,13.740000,12.850000,13.560000,0.029613,64865886.000000,866943045.460000,5123957351.160000,6123970942.560000,0.171661,65.812068,2016-03-31,2016-04-26,-192.029515,14.299797,-76.638788,6.590961,12.278895
sz000019,2016-06-29,13.150000,13.590000,13.000000,13.170000,-0.018629,50203325.000000,662301413.650000,4976586896.370000,5947839034.920000,0.132858,63.919243,2016-03-31,2016-04-26,-186.506543,13.888520,-74.434575,6.401398,11.925741
sz000019,2016-06-28,12.990000,13.980000,12.900000,13.420000,0.010542,80440805.000000,1092009007.960000,5071055136.620000,6060744103.920000,0.212878,65.132593,2016-03-31,2016-04-26,-190.046910,14.152159,-75.847532,6.522912,12.152122
sz000019,2016-06-27,13.080000,13.460000,12.500000,13.280000,-0.028530,85577400.000000,1121894585.040000,5018152922.080000,5997517265.280000,0.226471,64.453117,2016-03-31,2016-04-26,-188.064304,14.004521,-75.056276,6.454864,12.025349
sz000019,2016-06-24,12.590000,13.670000,12.240000,13.670000,0.099759,116918574.000000,1533382590.670000,5165523376.870000,6173649172.920000,0.309412,66.345942,2016-03-31,2016-04-26,-193.587277,14.415799,-77.260489,6.644427,12.378503
sz000019,2016-06-23,13.040000,13.040000,12.210000,12.430000,0.048945,75495172.000000,955721350.670000,4696960905.230000,5613640030.680000,0.199790,60.327729,2016-03-31,2016-04-26,-176.027056,13.108148,-70.252222,6.041714,11.255654
sz000019,2016-06-22,10.690000,11.850000,10.610000,11.850000,0.100279,14654503.000000,171057816.000000,4477794587.850000,5351700270.600000,0.038782,57.512759,2016-03-31,2016-04-26,-167.813404,12.496504,-66.974162,5.759800,10.730451
sz000019,2016-06-21,16.540000,16.880000,16.030000,16.160000,-0.021792,12813785.000000,211961263.030000,4070951361.120000,4865455773.440000,0.050865,52.271090,2016-03-31,2016-04-26,-152.519018,11.357583,-60.870188,5.234856,9.752485
sz000019,2016-06-20,16.700000,16.850000,16.210000,16.520000,-0.022485,13336202.000000,220228500.340000,4161640871.640000,4973844639.680000,0.052939,53.435545,2016-03-31,2016-04-26,-155.916719,11.610598,-62.226207,5.351474,9.969744
sz000019,2016-06-17,15.810000,17.300000,15.800000,16.900000,0.068944,24292824.000000,402884031.880000,4257368688.300000,5088255109.600000,0.096433,54.664692,2016-03-31,2016-04-26,-159.503181,11.877670,-63.657560,5.474571,10.199072
sz000019,2016-06-16,16.040000,16.180000,15.700000,15.810000,-0.016791,10181104.000000,162170888.910000,3982781003.670000,4760077709.040000,0.040415,51.138981,2016-03-31,2016-04-26,-149.215697,11.111595,-59.551836,5.121477,9.541262
sz000019,2016-06-15,15.460000,16.180000,15.300000,16.080000,0.032755,13230371.000000,210421257.710000,4050798136.560000,4841369358.720000,0.052519,52.012322,2016-03-31,2016-04-26,-151.763973,11.301357,-60.568850,5.208941,9.704206
sz000019,2016-06-14,15.270000,15.600000,15.150000,15.570000,0.007767,12095572.000000,186243146.020000,3922321329.990000,4687818464.880000,0.048014,50.362677,2016-03-31,2016-04-26,-146.950563,10.942918,-58.647823,5.043732,9.396423
sz000019,2016-06-13,16.800000,16.830000,15.450000,15.450000,-0.093310,15616256.000000,254886923.540000,3892091493.150000,4651688842.800000,0.061990,49.974526,2016-03-31,2016-04-26,-145.817996,10.858580,-58.195817,5.004859,9.324004
sz000019,2016-06-08,17.120000,17.470000,16.920000,17.040000,-0.005254,14642999.000000,251886036.710000,4292636831.280000,5130406335.360000,0.058127,55.117535,2016-03-31,2016-04-26,-160.824509,11.976065,-64.184901,5.519922,10.283561
sz000019,2016-06-07,17.050000,17.290000,16.810000,17.130000,0.000000,14263201.000000,243202125.010000,4315309208.910000,5157503551.920000,0.056619,55.408649,2016-03-31,2016-04-26,-161.673934,12.039319,-64.523905,5.549077,10.337876
sz000019,2016-06-06,17.180000,17.470000,16.790000,17.130000,-0.000583,19455719.000000,331941324.270000,4315309208.910000,5157503551.920000,0.077231,55.408649,2016-03-31,2016-04-26,-161.673934,12.039319,-64.523905,5.549077,10.337876
sz000019,2016-06-03,17.450000,17.900000,17.010000,17.140000,-0.002328,25726122.000000,448314158.770000,4317828361.980000,5160514353.760000,0.102122,55.440995,2016-03-31,2016-04-26,-161.768315,12.046347,-64.561573,5.552316,10.343911
sz000019,2016-06-02,16.550000,17.470000,16.490000,17.180000,0.035564,26259146.000000,448350199.500000,4327904974.260000,5172557561.120000,0.104238,55.570379,2016-03-31,2016-04-26,-162.145837,12.074460,-64.712241,5.565274,10.368051
sz000019,2016-06-01,16.500000,16.800000,16.380000,16.590000,0.005455,20914544.000000,347397248.840000,4179274943.130000,4994920252.560000,0.083022,53.661966,2016-03-31,2016-04-26,-156.577383,11.659795,-62.489877,5.374150,10.011988
sz000019,2016-05-31,15.770000,16.500000,15.750000,16.500000,0.046290,18529107.000000,301229710.470000,4156602565.500000,4967823036.000000,0.073553,53.370853,2016-03-31,2016-04-26,-155.727957,11.596542,-62.150872,5.344995,9.957674
sz000019,2016-05-30,15.840000,16.080000,15.650000,15.770000,-0.029538,13659596.000000,216484110.100000,3972704391.390000,4748034501.680000,0.054223,51.009597,2016-03-31,2016-04-26,-148.838175,11.083482,-59.401167,5.108520,9.517122
sz000019,2016-05-27,15.690000,16.800000,15.520000,16.250000,0.035032,25007665.000000,407001576.300000,4093623738.750000,4892552990.000000,0.099270,52.562203,2016-03-31,2016-04-26,-153.368443,11.420836,-61.209192,5.264010,9.806800
sz000019,2016-05-26,15.660000,15.900000,15.010000,15.700000,-0.006958,13055488.000000,201030531.120000,3955070319.900000,4726958888.800000,0.051825,50.783175,2016-03-31,2016-04-26,-148.177511,11.034285,-59.137497,5.085844,9.474878
sz000019,2016-05-25,16.200000,16.350000,15.680000,15.810000,-0.014953,11133333.000000,177922990.020000,3982781003.670000,4760077709.040000,0.044195,51.138981,2016-03-31,2016-04-26,-149.215697,11.111595,-59.551836,5.121477,9.541262
sz000019,2016-05-24,16.400000,16.490000,15.910000,16.050000,-0.023723,11615487.000000,187325264.880000,4043240677.350000,4832336953.200000,0.046109,51.915284,2016-03-31,2016-04-26,-151.480831,11.280272,-60.455848,5.199223,9.686101
sz000019,2016-05-23,16.460000,16.820000,16.380000,16.440000,0.003663,14916740.000000,246625302.150000,4141487647.080000,4949758224.960000,0.059213,53.176777,2016-03-31,2016-04-26,-155.161674,11.554372,-61.924869,5.325559,9.921464
sz000019,2016-05-20,16.000000,16.800000,15.700000,16.380000,0.000611,14905038.000000,242759343.320000,4126372728.660000,4931693413.920000,0.059167,52.982701,2016-03-31,2016-04-26,-154.595390,11.512203,-61.698866,5.306122,9.885254
sz000019,2016-05-19,16.370000,16.850000,16.230000,16.370000,-0.012666,21352005.000000,354089801.540000,4123853575.590000,4928682612.080000,0.084759,52.950355,2016-03-31,2016-04-26,-154.501010,11.505175,-61.661199,5.302883,9.879219
sz000019,2016-05-18,15.790000,16.950000,15.400000,16.580000,0.021565,22897117.000000,367366681.130000,4176755790.060000,4991909450.720000,0.090892,53.629621,2016-03-31,2016-04-26,-156.483002,11.652767,-62.452210,5.370910,10.005954
sz000019,2016-05-17,16.400000,16.730000,16.120000,16.230000,-0.004294,17073592.000000,279180516.290000,4088585432.610000,4886531386.320000,0.067775,52.497512,2016-03-31,2016-04-26,-153.179682,11.406780,-61.133858,5.257532,9.794730
sz000019,2016-05-16,15.670000,16.310000,15.420000,16.300000,0.027095,15339035.000000,244518473.200000,4106219504.100000,4907606999.200000,0.060890,52.723933,2016-03-31,2016-04-26,-153.840346,11.455977,-61.397528,5.280207,9.836975
sz000019,2016-05-13,15.790000,16.350000,15.610000,15.870000,0.005703,13512235.000000,215397893.280000,3997895922.090000,4778142520.080000,0.053638,51.333057,2016-03-31,2016-04-26,-149.781981,11.153765,-59.777839,5.140914,9.577472
sz000019,2016-05-12,16.000000,16.020000,15.000000,15.780000,-0.043636,18779678.000000,292571379.520000,3975223544.460000,4751045303.520000,0.074548,51.041943,2016-03-31,2016-04-26,-148.932556,11.090511,-59.438834,5.111759,9.523157
sz000019,2016-05-11,16.240000,17.290000,16.150000,16.500000,0.018519,25723926.000000,431008167.970000,4156602565.500000,4967823036.000000,0.102113,53.370853,2016-03-31,2016-04-26,-155.727957,11.596542,-62.150872,5.344995,9.957674
sz000019,2016-05-10,15.950000,16.600000,15.950000,16.200000,0.020151,16992550.000000,276533834.340000,4081027973.400000,4877498980.800000,0.067453,52.400474,2016-03-31,2016-04-26,-152.896540,11.385695,-61.020856,5.247813,9.776625
sz000019,2016-05-09,17.000000,17.000000,15.670000,15.880000,-0.087881,23236960.000000,376023542.150000,4000415075.160000,4781153321.920000,0.092241,51.365403,2016-03-31,2016-04-26,-149.876361,11.160793,-59.815506,5.144153,9.583507
sz000019,2016-05-06,19.190000,19.250000,17.230000,17.410000,-0.085129,27746802.000000,507597010.960000,4385845494.870000,5241806003.440000,0.110143,56.314336,2016-03-31,2016-04-26,-164.316590,12.236108,-65.578587,5.639780,10.506855
sz000019,2016-05-05,19.010000,19.200000,18.700000,19.030000,-0.011429,20112443.000000,381224086.090000,4793948292.210000,5729555901.520000,0.079838,61.554383,2016-03-31,2016-04-26,-179.606244,13.374678,-71.680673,6.164561,11.484517
sz000019,2016-05-04,19.140000,19.790000,18.820000,19.250000,0.002082,29647649.000000,572870169.790000,4849369659.750000,5795793542.000000,0.117689,62.265995,2016-03-31,2016-04-26,-181.682617,13.529298,-72.509351,6.235828,11.617286
sz000019,2016-05-03,18.630000,19.360000,18.510000,19.210000,0.030027,21806655.000000,415891516.760000,4839293047.470000,5783750334.640000,0.086563,62.136611,2016-03-31,2016-04-26,-181.305095,13.501186,-72.358682,6.222870,11.593146
sz000019,2016-04-29,18.900000,19.140000,18.500000,18.650000,-0.008506,17699488.000000,332558780.750000,4698220475.550000,5615145431.600000,0.070260,60.325237,2016-03-31,2016-04-26,-176.019782,13.107606,-70.249319,6.041464,11.255189
sz000019,2016-04-28,19.400000,19.400000,18.160000,18.810000,-0.042261,31627848.000000,595420026.380000,4738526924.670000,5663318261.040000,0.125550,60.842772,2016-03-31,2016-04-26,-177.529871,13.220057,-70.851994,6.093294,11.351748
sz000019,2016-04-27,19.700000,20.260000,19.420000,19.640000,-0.012072,32349735.000000,640040346.150000,4947616629.480000,5913214813.760000,0.128415,63.527488,2016-03-31,2016-04-26,-185.363460,13.803399,-73.978371,6.362164,11.852649
sz000019,2016-04-26,19.900000,20.250000,19.100000,19.880000,0.002016,34543545.000000,678496544.450000,5008076303.160000,5985474057.920000,0.137124,64.303791,2016-03-31,2016-04-26,-187.628594,13.972076,-74.882384,6.439909,11.997488
sz000019,2016-04-25,19.690000,20.300000,19.370000,19.840000,0.001009,37106285.000000,738517425.210000,4997999690.880000,5973430850.560000,0.147297,64.174407,2015-09-30,2015-10-27,153.304074,13.943963,88.068573,6.205208,11.973348
sz000019,2016-04-22,21.000000,21.330000,19.820000,19.820000,-0.099909,52977701.000000,1082936160.780000,4992961384.740000,5967409246.880000,0.210300,64.109715,2015-09-30,2015-10-27,153.149533,13.929906,87.979794,6.198953,11.961279
sz000019,2016-04-21,20.530000,23.430000,20.530000,22.020000,0.033803,80414795.000000,1792644208.690000,5547175060.140000,6629785651.680000,0.319214,71.225829,2015-09-30,2015-10-27,170.148977,15.476112,97.745462,6.887031,13.288968
sz000019,2016-04-20,19.970000,21.300000,19.360000,21.300000,0.100207,81071183.000000,1649972264.470000,5365796039.100000,6413007919.200000,0.321819,68.896919,2015-09-30,2015-10-27,164.585523,14.970081,94.549425,6.661842,12.854452
sz000019,2016-04-19,17.620000,19.360000,17.620000,19.360000,0.100000,37706604.000000,706044309.350000,4877080343.520000,5828912362.240000,0.149680,62.621801,2015-09-30,2015-10-27,149.595104,13.606609,85.937881,6.055082,11.683671
sz000019,2016-04-18,18.050000,18.050000,17.600000,17.600000,-0.035088,16209400.000000,287730000.000000,4440000000.000000,5299000000.000000,0.064253,56.928910,2015-09-30,2015-10-27,135.995549,12.369644,78.125347,5.504620,10.621519
sz000019,2016-04-15,17.790000,18.380000,17.600000,18.240000,0.012771,25812300.000000,466360000.000000,4601000000.000000,5492000000.000000,0.102329,58.999052,2015-09-30,2015-10-27,140.940842,12.819450,80.966268,5.704788,11.007756
sz000019,2016-04-14,17.900000,18.450000,17.760000,18.010000,0.014648,22750300.000000,411250000.000000,4543000000.000000,5422000000.000000,0.090190,58.255094,2015-09-30,2015-10-27,139.163627,12.657801,79.945312,5.632853,10.868952
sz000019,2016-04-13,17.750000,18.200000,17.460000,17.750000,0.005666,28333900.000000,505880000.000000,4477000000.000000,5344000000.000000,0.112336,57.414099,2015-09-30,2015-10-27,137.154602,12.475067,78.791188,5.551535,10.712043
sz000019,2016-04-12,17.050000,17.980000,16.710000,17.650000,0.023782,26441800.000000,460730000.000000,4452000000.000000,5314000000.000000,0.104829,57.090639,2015-09-30,2015-10-27,136.381900,12.404785,78.347294,5.520259,10.651694
sz000019,2016-04-11,17.310000,17.560000,17.200000,17.240000,0.005834,15052200.000000,260900000.000000,4349000000.000000,5191000000.000000,0.059669,55.764455,2015-09-30,2015-10-27,133.213822,12.116629,76.527328,5.392026,10.404260
sz000019,2016-04-08,17.200000,17.410000,16.800000,17.140000,-0.040851,25245300.000000,431420000.000000,4324000000.000000,5161000000.000000,0.100070,55.440995,2015-09-30,2015-10-27,132.441120,12.046347,76.083434,5.360750,10.343911
sz000019,2016-04-07,17.830000,18.990000,17.500000,17.870000,0.002806,36185400.000000,664910000.000000,4508000000.000000,5380000000.000000,0.143441,57.802251,2015-09-30,2015-10-27,138.081845,12.559406,79.323861,5.589066,10.784463
sz000019,2016-04-06,17.700000,17.880000,17.460000,17.820000,-0.005580,19603800.000000,346550000.000000,4495000000.000000,5365000000.000000,0.077717,57.640521,2015-09-30,2015-10-27,137.695494,12.524265,79.101914,5.573428,10.754288
sz000019,2016-04-05,17.200000,18.140000,17.050000,17.920000,0.054118,28633200.000000,507790000.000000,4520000000.000000,5395000000.000000,0.113519,57.963981,2015-09-30,2015-10-27,138.468196,12.594547,79.545808,5.604704,10.814637
sz000019,2016-04-01,17.010000,17.100000,16.550000,17.000000,-0.016773,17718900.000000,297660000.000000,4288000000.000000,5118000000.000000,0.070248,54.988151,2015-09-30,2015-10-27,131.359337,11.947952,75.461983,5.316963,10.259422
sz000019,2016-03-31,17.510000,17.880000,17.170000,17.290000,-0.012000,22489300.000000,393660000.000000,4361000000.000000,5206000000.000000,0.089163,55.926184,2015-09-30,2015-10-27,133.600173,12.151770,76.749275,5.407664,10.434435
sz000019,2016-03-30,17.200000,17.540000,16.960000,17.500000,0.029412,20419400.000000,352650000.000000,4414000000.000000,5269000000.000000,0.080956,56.605450,2015-09-30,2015-10-27,135.222847,12.299362,77.681453,5.473344,10.561169
sz000019,2016-03-29,17.300000,17.540000,16.570000,17.000000,-0.040632,21869700.000000,372170000.000000,4288000000.000000,5118000000.000000,0.086704,54.988151,2015-09-30,2015-10-27,131.359337,11.947952,75.461983,5.316963,10.259422
sz000019,2016-03-28,18.280000,18.580000,17.600000,17.720000,-0.029041,21903200.000000,396940000.000000,4470000000.000000,5335000000.000000,0.086829,57.317061,2015-09-30,2015-10-27,136.922792,12.453983,78.658020,5.542152,10.693938
sz000019,2016-03-25,18.330000,18.760000,17.900000,18.250000,-0.028739,27883900.000000,510080000.000000,4604000000.000000,5495000000.000000,0.110530,59.031398,2015-09-30,2015-10-27,141.018112,12.826478,81.010658,5.707916,11.013791
sz000019,2016-03-24,18.500000,19.880000,18.010000,18.790000,-0.000532,46604900.000000,891680000.000000,4740000000.000000,5657000000.000000,0.184748,60.778080,2015-09-30,2015-10-27,145.190703,13.206001,83.407686,5.876808,11.339678
sz000019,2016-03-23,18.710000,19.300000,18.210000,18.800000,-0.015707,34580100.000000,644360000.000000,4742000000.000000,5660000000.000000,0.137095,60.810426,2015-09-30,2015-10-27,145.267973,13.213029,83.452075,5.879935,11.345713
sz000019,2016-03-22,18.300000,19.750000,18.080000,19.100000,0.017039,46580200.000000,887200000.000000,4818000000.000000,5751000000.000000,0.184658,61.780805,2015-09-30,2015-10-27,147.586079,13.423875,84.783757,5.973764,11.526762
sz000019,2016-03-21,17.810000,18.980000,17.500000,18.780000,0.069476,45006100.000000,820450000.000000,4737000000.000000,5654000000.000000,0.178428,60.745734,2015-09-30,2015-10-27,145.113433,13.198973,83.363296,5.873680,11.333643
sz000019,2016-03-18,17.300000,18.170000,17.200000,17.560000,0.034158,41569100.000000,732060000.000000,4430000000.000000,5287000000.000000,0.164775,56.799526,2015-09-30,2015-10-27,135.686468,12.341532,77.947789,5.492110,10.597379
sz000019,2016-03-17,16.190000,17.000000,16.060000,16.980000,0.048796,28738000.000000,477130000.000000,4283000000.000000,5112000000.000000,0.113932,54.923459,2015-09-30,2015-10-27,131.204797,11.933895,75.373204,5.310708,10.247352
sz000019,2016-03-16,17.230000,17.340000,15.890000,16.190000,-0.052108,27768300.000000,457380000.000000,4084000000.000000,4874000000.000000,0.110081,52.368128,2015-09-30,2015-10-27,125.100451,11.378667,71.866441,5.063625,9.770590
sz000019,2016-03-15,16.990000,17.650000,16.850000,17.080000,-0.006399,26228300.000000,452740000.000000,4308000000.000000,5142000000.000000,0.103988,55.246919,2015-09-30,2015-10-27,131.977499,12.004178,75.817098,5.341984,10.307701
sz000019,2016-03-14,16.910000,17.650000,16.700000,17.190000,0.041187,28511600.000000,491070000.000000,4336000000.000000,5176000000.000000,0.113034,55.602725,2015-09-30,2015-10-27,132.827471,12.081488,76.305381,5.376388,10.374086
sz000019,2016-03-11,16.900000,17.170000,16.320000,16.510000,-0.057110,27072800.000000,452260000.000000,4165000000.000000,4971000000.000000,0.107316,53.403199,2015-09-30,2015-10-27,127.573098,11.603570,73.286902,5.163709,9.963709
sz000019,2016-03-10,17.350000,18.400000,17.000000,17.510000,0.007480,37022400.000000,659320000.000000,4417000000.000000,5272000000.000000,0.146765,56.637796,2015-09-30,2015-10-27,135.300117,12.306390,77.725842,5.476472,10.567204
sz000019,2016-03-09,16.990000,18.500000,16.700000,17.380000,-0.030675,32967300.000000,582590000.000000,4384000000.000000,5233000000.000000,0.130696,56.217298,2015-09-30,2015-10-27,134.295605,12.215024,77.148780,5.435813,10.488750
sz000019,2016-03-08,17.610000,18.600000,16.180000,17.930000,0.007870,42646100.000000,738280000.000000,4523000000.000000,5398000000.000000,0.169057,57.996327,2015-09-30,2015-10-27,138.545466,12.601575,79.590197,5.607832,10.820672
sz000019,2016-03-07,17.000000,18.100000,16.800000,17.790000,0.035506,35806800.000000,627500000.000000,4488000000.000000,5356000000.000000,0.141935,57.543483,2015-09-30,2015-10-27,137.463683,12.503180,78.968745,5.564045,10.736183
sz000019,2016-03-04,18.490000,19.340000,17.180000,17.180000,-0.100052,44904800.000000,804910000.000000,4334000000.000000,5173000000.000000,0.178003,55.570379,2015-09-30,2015-10-27,132.750201,12.074460,76.260992,5.373260,10.368051
sz000019,2016-03-03,18.850000,20.980000,18.840000,19.090000,-0.008312,58086400.000000,1155090000.000000,4815000000.000000,5748000000.000000,0.230295,61.748459,2015-09-30,2015-10-27,147.508809,13.416847,84.739368,5.970637,11.520727
sz000019,2016-03-02,18.050000,19.900000,17.850000,19.250000,0.046196,51255000.000000,964160000.000000,4856000000.000000,5796000000.000000,0.203183,62.265995,2015-09-30,2015-10-27,148.745132,13.529298,85.449598,6.020679,11.617286
sz000019,2016-03-01,18.100000,18.950000,17.300000,18.400000,0.005464,48293300.000000,886060000.000000,4641000000.000000,5540000000.000000,0.191467,59.516587,2015-09-30,2015-10-27,142.177165,12.931901,81.676499,5.754830,11.104315
sz000019,2016-02-29,18.310000,19.160000,17.110000,18.300000,-0.026596,46780800.000000,848700000.000000,4616000000.000000,5510000000.000000,0.185461,59.193128,2015-09-30,2015-10-27,141.404463,12.861619,81.232605,5.723554,11.043966
sz000019,2016-02-26,20.240000,20.550000,18.400000,18.800000,-0.069307,49642300.000000,961120000.000000,4742000000.000000,5660000000.000000,0.196810,60.810426,2015-09-30,2015-10-27,145.267973,13.213029,83.452075,5.879935,11.345713
sz000019,2016-02-25,21.200000,21.610000,19.720000,20.200000,-0.043108,47991900.000000,982750000.000000,5095000000.000000,6082000000.000000,0.190272,65.338862,2015-09-30,2015-10-27,156.085801,14.196978,89.666591,6.317803,12.190607
sz000019,2016-02-24,21.730000,22.360000,20.800000,21.110000,-0.080575,52905800.000000,1139750000.000000,5325000000.000000,6356000000.000000,0.209735,68.282346,2015-09-30,2015-10-27,163.117389,14.836545,93.706027,6.602417,12.739788
sz000019,2016-02-23,21.960000,23.940000,21.400000,22.960000,0.045537,61919200.000000,1394770000.000000,5792000000.000000,6913000000.000000,0.245453,74.266350,2015-09-30,2015-10-27,177.412376,16.136763,101.918066,7.181028,13.856254
sz000019,2016-02-22,21.420000,21.960000,20.920000,21.960000,0.026168,40160300.000000,862620000.000000,5539000000.000000,6612000000.000000,0.159220,71.031753,2015-09-30,2015-10-27,169.685356,15.433943,97.479126,6.868265,13.252759
sz000019,2016-02-19,21.150000,22.670000,20.680000,21.400000,0.000468,45728500.000000,984750000.000000,5398000000.000000,6443000000.000001,0.181287,69.220379,2015-09-30,2015-10-27,165.358225,15.040363,94.993319,6.693118,12.914801
sz000019,2016-02-18,20.900000,22.880000,20.410000,21.390000,0.006115,51988400.000000,1120170000.000000,5396000000.000000,6440000000.000001,0.206084,69.188033,2015-09-30,2015-10-27,165.280954,15.033335,94.948930,6.689990,12.908766
sz000019,2016-02-17,21.000000,22.250000,20.700000,21.260000,-0.003282,49216500.000000,1048770000.000000,5363000000.000000,6401000000.000001,0.195104,68.767535,2015-09-30,2015-10-27,164.276442,14.941968,94.371868,6.649331,12.830312
sz000019,2016-02-16,20.900000,22.090000,20.500000,21.330000,0.062251,56354300.000000,1208010000.000000,5381000000.000000,6422000000.000000,0.223385,68.993957,2015-09-30,2015-10-27,164.817333,14.991166,94.682594,6.671225,12.872557
sz000019,2016-02-15,18.020000,20.080000,17.850000,20.080000,0.100274,30468800.000000,580170000.000000,5065000000.000000,6046000000.000000,0.120792,64.950710,2015-09-30,2015-10-27,155.158558,14.112640,89.133918,6.280272,12.118187
sz000019,2016-02-05,18.180000,19.490000,17.230000,18.250000,0.013889,55741900.000000,1034290000.000000,4604000000.000000,5495000000.000000,0.220958,59.031398,2015-09-30,2015-10-27,141.018112,12.826478,81.010658,5.707916,11.013791
sz000019,2016-02-04,17.500000,18.000000,17.080000,18.000000,0.100244,24692300.000000,435750000.000000,4541000000.000000,5419000000.000000,0.097877,58.222748,2015-09-30,2015-10-27,139.086357,12.650773,79.900923,5.629725,10.862917
sz000019,2016-02-03,14.800000,16.360000,14.470000,16.360000,0.100202,32957500.000000,520320000.000000,4127000000.000000,4926000000.000000,0.130648,52.918009,2015-09-30,2015-10-27,126.414045,11.498147,72.621061,5.116795,9.873185
sz000019,2016-02-02,13.190000,14.870000,12.910000,14.870000,0.099852,37253100.000000,509290000.000000,3751000000.000000,4477000000.000000,0.147682,48.098459,2015-09-30,2015-10-27,114.900785,10.450944,66.007040,4.650779,8.973976
sz000019,2016-02-01,13.520000,13.520000,12.910000,13.520000,0.100081,40083700.000000,537830000.000000,3410000000.000000,4071000000.000000,0.158924,43.731753,2015-09-30,2015-10-27,104.469308,9.502136,60.014471,4.228549,8.159258
sz000019,2016-01-29,12.290000,12.290000,12.290000,12.290000,0.100269,2876100.000000,35350000.000000,3100000000.000000,3700000000.000000,0.011402,39.753199,2015-09-30,2015-10-27,94.965074,8.637666,54.554575,3.843851,7.416958
sz000019,2016-01-28,9.980000,11.170000,9.960000,11.170000,0.100493,9595000.000000,106320000.000000,2818000000.000000,3363000000.000000,0.038033,36.130450,2015-09-30,2015-10-27,86.310812,7.850507,49.582962,3.493557,6.741043
sz000019,2016-01-27,10.380000,10.570000,9.600000,10.150000,-0.030564,7387800.000000,74310000.000000,2560000000.000000,3056000000.000000,0.029291,32.831161,2015-09-30,2015-10-27,78.429251,7.133630,45.055243,3.174540,6.125478
sz000019,2016-01-26,11.580000,11.580000,10.470000,10.470000,-0.099742,7245100.000000,79860000.000000,2641000000.000000,3152000000.000000,0.028723,33.866232,2015-09-30,2015-10-27,80.901898,7.358533,46.475703,3.274624,6.318597
sz000019,2016-01-25,11.500000,11.930000,11.430000,11.630000,0.017498,6082400.000000,70880000.000000,2934000000.000000,3502000000.000000,0.024110,37.618365,2015-09-30,2015-10-27,89.865241,8.173805,51.624874,3.637428,7.018651
sz000019,2016-01-22,11.280000,11.550000,10.890000,11.430000,0.029730,7010000.000000,78630000.000000,2883000000.000000,3441000000.000000,0.027792,36.971445,2015-09-30,2015-10-27,88.319837,8.033241,50.737086,3.574876,6.897952
sz000019,2016-01-21,11.750000,12.080000,11.100000,11.100000,-0.064869,8598000.000000,100200000.000000,2800000000.000000,3342000000.000000,0.034085,35.904028,2015-09-30,2015-10-27,85.769920,7.801310,49.272236,3.471664,6.698799
sz000019,2016-01-20,11.900000,12.450000,11.750000,11.870000,-0.019008,9379300.000000,112680000.000000,2994000000.000000,3574000000.000000,0.037185,38.394668,2015-09-30,2015-10-27,91.719726,8.342482,52.690220,3.712491,7.163490
sz000019,2016-01-19,11.470000,12.160000,11.410000,12.100000,0.044003,11551500.000000,136210000.000000,3052000000.000000,3643000000.000000,0.045797,39.138625,2015-09-30,2015-10-27,93.496940,8.504130,53.711176,3.784427,7.302294
sz000019,2016-01-18,10.870000,11.690000,10.630000,11.590000,0.038530,8901800.000000,101370000.000000,2924000000.000000,3490000000.000000,0.035284,37.488981,2015-09-30,2015-10-27,89.556160,8.145692,51.447316,3.624918,6.994512
sz000019,2016-01-15,11.110000,11.880000,11.030000,11.160000,-0.010638,9483800.000000,108480000.000000,2815000000.000000,3360000000.000000,0.037598,36.098104,2015-09-30,2015-10-27,86.233541,7.843479,49.538572,3.490430,6.735009
sz000019,2016-01-14,10.270000,11.400000,10.270000,11.280000,0.025455,8350300.000000,90960000.000000,2845000000.000000,3396000000.000000,0.033108,36.486256,2015-09-30,2015-10-27,87.160784,7.927818,50.071245,3.527961,6.807428
sz000019,2016-01-13,11.640000,11.860000,10.880000,11.000000,-0.049265,5671500.000000,65420000.000000,2775000000.000000,3312000000.000000,0.022482,35.580568,2015-09-30,2015-10-27,84.997218,7.731028,48.828342,3.440388,6.638449
sz000019,2016-01-12,11.610000,11.850000,11.100000,11.570000,-0.003445,7619100.000000,87910000.000000,2919000000.000000,3483000000.000000,0.030200,37.424289,2015-09-30,2015-10-27,89.401620,8.131636,51.358538,3.618662,6.982442
sz000019,2016-01-11,12.560000,12.560000,11.610000,11.610000,-0.100000,8612700.000000,102920000.000000,2929000000.000000,3496000000.000000,0.034139,37.553673,2015-09-30,2015-10-27,89.710700,8.159748,51.536095,3.631173,7.006581
sz000019,2016-01-08,13.150000,13.580000,11.830000,12.900000,-0.015267,8893700.000000,114700000.000000,3254000000.000000,3884000000.000000,0.035258,41.726303,2015-09-30,2015-10-27,99.678556,9.066387,57.262328,4.034637,7.785091
sz000019,2016-01-07,14.470000,14.470000,13.100000,13.100000,-0.099656,2166600.000000,29120000.000000,3305000000.000000,3944000000.000000,0.008588,42.373222,2015-09-30,2015-10-27,101.223960,9.206951,58.150116,4.097189,7.905790
sz000019,2016-01-06,14.300000,14.700000,14.030000,14.550000,0.028996,7918900.000000,114600000.000000,3670000000.000000,4381000000.000000,0.031395,47.063388,2015-09-30,2015-10-27,112.428139,10.226041,64.586579,4.550695,8.780858
sz000019,2016-01-05,14.330000,14.880000,13.820000,14.140000,-0.079427,11551600.000000,165060000.000000,3567000000.000000,4257000000.000000,0.045792,45.737203,2015-09-30,2015-10-27,109.260061,9.937885,62.766614,4.422462,8.533425
sz000019,2016-01-04,16.880000,17.350000,15.350000,15.360000,-0.099120,6757300.000000,108790000.000000,3875000000.000000,4625000000.000000,0.026785,49.683412,2015-09-30,2015-10-27,118.687025,10.795326,68.182121,4.804032,9.269689
sz000019,2015-12-31,17.260000,17.490000,17.020000,17.050000,-0.010447,4980400.000000,85640000.000000,4301000000.000000,5133000000.000000,0.019743,55.149881,2015-09-30,2015-10-27,131.745688,11.983093,75.683930,5.332601,10.289596
sz000019,2015-12-30,17.590000,17.650000,17.100000,17.230000,-0.016553,6855100.000000,118750000.000000,4346000000.000000,5188000000.000000,0.027177,55.732109,2015-09-30,2015-10-27,133.136552,12.109601,76.482939,5.388898,10.398226
sz000019,2015-12-29,17.250000,17.590000,17.000000,17.520000,0.007476,6052900.000000,105010000.000000,4419000000.000000,5275000000.000000,0.023998,56.670142,2015-09-30,2015-10-27,135.377388,12.313419,77.770232,5.479599,10.573239
sz000019,2015-12-28,17.550000,17.990000,17.100000,17.390000,-0.033889,12934000.000000,227310000.000000,4387000000.000000,5236000000.000000,0.051270,56.249644,2015-09-30,2015-10-27,134.372875,12.222052,77.193169,5.438940,10.494785
sz000019,2015-12-25,17.920000,18.270000,17.710000,18.000000,0.006711,7834900.000000,141140000.000000,4541000000.000000,5419000000.000000,0.031057,58.222748,2015-09-30,2015-10-27,139.086357,12.650773,79.900923,5.629725,10.862917
sz000019,2015-12-24,18.300000,18.690000,17.770000,17.880000,-0.046908,15938500.000000,287850000.000000,4510000000.000000,5383000000.000000,0.063189,57.834597,2015-09-30,2015-10-27,138.159115,12.566434,79.368250,5.592194,10.790498
sz000019,2015-12-23,19.020000,19.990000,18.500000,18.760000,-0.005302,28928700.000000,554940000.000000,4732000000.000000,5648000000.000000,0.114688,60.681042,2015-09-30,2015-10-27,144.958892,13.184916,83.274517,5.867425,11.321573
sz000019,2015-12-22,18.210000,19.330000,17.910000,18.860000,0.042565,24300700.000000,453580000.000000,4757000000.000000,5678000000.000000,0.096345,61.004502,2015-09-30,2015-10-27,145.731594,13.255198,83.718411,5.898701,11.381923
sz000019,2015-12-21,18.220000,18.950000,17.500000,18.090000,-0.006590,15374000.000000,280420000.000000,4563000000.000000,5447000000.000000,0.060950,58.513862,2015-09-30,2015-10-27,139.781789,12.714026,80.300427,5.657874,10.917232
sz000019,2015-12-18,18.150000,18.300000,17.550000,18.210000,0.000000,16415600.000000,295450000.000000,4594000000.000000,5483000000.000000,0.065069,58.902014,2015-09-30,2015-10-27,140.709031,12.798365,80.833100,5.695406,10.989651
sz000019,2015-12-17,17.500000,18.500000,17.500000,18.210000,0.037607,16188400.000000,294110000.000000,4594000000.000000,5483000000.000000,0.064169,58.902014,2015-09-30,2015-10-27,140.709031,12.798365,80.833100,5.695406,10.989651
sz000019,2015-12-16,17.040000,17.990000,16.910000,17.550000,0.029930,12182900.000000,212970000.000000,4427000000.000000,5284000000.000000,0.048297,56.767180,2015-09-30,2015-10-27,135.609198,12.334503,77.903400,5.488982,10.591344
sz000019,2015-12-15,17.010000,17.350000,16.920000,17.040000,0.003534,7050400.000000,120750000.000000,4298000000.000000,5130000000.000000,0.027952,55.117535,2015-09-30,2015-10-27,131.668418,11.976065,75.639540,5.329473,10.283561
sz000019,2015-12-14,16.600000,17.090000,16.210000,16.980000,0.013126,7723100.000000,129400000.000000,4283000000.000000,5112000000.000000,0.030618,54.923459,2015-09-30,2015-10-27,131.204797,11.933895,75.373204,5.310708,10.247352
sz000019,2015-12-11,16.800000,17.390000,16.680000,16.760000,-0.012956,8640300.000000,147050000.000000,4228000000.000000,5046000000.000000,0.034251,54.211848,2015-09-30,2015-10-27,129.504853,11.779275,74.396637,5.241900,10.114583
sz000019,2015-12-10,17.840000,17.840000,16.880000,16.980000,-0.049272,16129600.000000,278610000.000000,4283000000.000000,5112000000.000000,0.063946,54.923459,2015-09-30,2015-10-27,131.204797,11.933895,75.373204,5.310708,10.247352
sz000019,2015-12-09,18.200000,18.440000,17.510000,17.860000,-0.031978,13680200.000000,245600000.000000,4505000000.000000,5377000000.000000,0.054235,57.769905,2015-09-30,2015-10-27,138.004574,12.552378,79.279471,5.585939,10.778428
sz000019,2015-12-08,18.600000,19.190000,18.120000,18.450000,-0.028947,20826400.000000,386580000.000000,4654000000.000000,5555000000.000000,0.082563,59.678317,2015-09-30,2015-10-27,142.563516,12.967042,81.898446,5.770469,11.134490
sz000019,2015-12-07,18.210000,19.150000,17.280000,19.000000,0.044530,25932400.000000,472420000.000000,4793000000.000000,5721000000.000000,0.102799,61.457346,2015-09-30,2015-10-27,146.813377,13.353593,84.339863,5.942488,11.466412
sz000019,2015-12-04,17.330000,19.400000,17.320000,18.190000,0.031179,30837700.000000,572340000.000000,4588000000.000000,5477000000.000000,0.122262,58.837322,2015-09-30,2015-10-27,140.554491,12.784309,80.744321,5.689150,10.977581
sz000019,2015-12-03,16.970000,18.050000,16.680000,17.640000,0.039481,14671300.000000,254170000.000000,4450000000.000000,5311000000.000000,0.058158,57.058293,2015-09-30,2015-10-27,136.304630,12.397757,78.302904,5.517131,10.645659
sz000019,2015-12-02,17.900000,18.200000,16.630000,16.970000,-0.081710,23473000.000000,402350000.000000,4281000000.000000,5109000000.000000,0.093048,54.891113,2015-09-30,2015-10-27,131.127527,11.926867,75.328814,5.307580,10.241317
sz000019,2015-12-01,16.950000,18.740000,16.600000,18.480000,0.084507,31900500.000000,585000000.000000,4662000000.000000,5564000000.000000,0.126452,59.775355,2015-09-30,2015-10-27,142.795327,12.988127,82.031614,5.779851,11.152595
sz000019,2015-11-30,16.610000,17.500000,15.660000,17.040000,0.004717,19711000.000000,333500000.000000,4298000000.000000,5130000000.000000,0.078147,55.117535,2015-09-30,2015-10-27,131.668418,11.976065,75.639540,5.329473,10.283561
sz000019,2015-11-27,17.850000,19.160000,16.560000,16.960000,-0.078261,26108600.000000,474450000.000000,4278000000.000000,5106000000.000000,0.103507,54.858767,2015-09-30,2015-10-27,131.050257,11.919839,75.284425,5.304452,10.235282
sz000019,2015-11-26,19.000000,19.270000,18.300000,18.400000,-0.051546,28286100.000000,530830000.000000,4641000000.000000,5540000000.000000,0.112145,59.516587,2015-09-30,2015-10-27,142.177165,12.931901,81.676499,5.754830,11.104315
sz000019,2015-11-25,17.330000,19.400000,17.300000,19.400000,0.099773,39886700.000000,759210000.000000,4894000000.000000,5841000000.000000,0.158112,62.751184,2015-09-30,2015-10-27,149.904185,13.634722,86.115439,6.067593,11.707811
sz000019,2015-11-24,17.250000,17.980000,16.600000,17.640000,0.013793,20126300.000000,351000000.000000,4450000000.000000,5311000000.000000,0.079782,57.058293,2015-09-30,2015-10-27,136.304630,12.397757,78.302904,5.517131,10.645659
sz000019,2015-11-23,17.270000,17.950000,16.750000,17.400000,0.006362,20816900.000000,362520000.000000,4389000000.000000,5239000000.000000,0.082528,56.281990,2015-09-30,2015-10-27,134.450145,12.229080,77.237559,5.442068,10.500820
sz000019,2015-11-20,17.400000,17.490000,16.800000,17.290000,-0.005750,18611400.000000,318700000.000000,4361000000.000000,5206000000.000000,0.073788,55.926184,2015-09-30,2015-10-27,133.600173,12.151770,76.749275,5.407664,10.434435
sz000019,2015-11-19,17.120000,17.590000,16.500000,17.390000,0.025959,19754900.000000,336600000.000000,4387000000.000000,5236000000.000000,0.078308,56.249644,2015-09-30,2015-10-27,134.372875,12.222052,77.193169,5.438940,10.494785
sz000019,2015-11-18,18.000000,18.360000,16.400000,16.950000,-0.056761,24773100.000000,431240000.000000,4276000000.000000,5103000000.000000,0.098200,54.826421,2015-09-30,2015-10-27,130.972986,11.912811,75.240036,5.301325,10.229247
sz000019,2015-11-17,19.000000,20.130000,17.970000,17.970000,-0.058176,26683800.000000,507850000.000000,4533000000.000000,5410000000.000000,0.105782,58.125711,2015-09-30,2015-10-27,138.854547,12.629688,79.767755,5.620343,10.844812
sz000019,2015-11-16,18.580000,19.570000,17.780000,19.080000,0.006860,23128200.000000,434900000.000000,4813000000.000000,5745000000.000000,0.091686,61.716113,2015-09-30,2015-10-27,147.431539,13.409819,84.694978,5.967509,11.514692
sz000019,2015-11-13,19.300000,20.410000,18.600000,18.950000,-0.025707,32007700.000000,627250000.000000,4780000000.000000,5705000000.000000,0.126892,61.295616,2015-09-30,2015-10-27,146.427026,13.318452,84.117916,5.926850,11.436238
sz000019,2015-11-12,20.000000,21.160000,18.980000,19.450000,0.010915,42795600.000000,867600000.000000,4906000000.000000,5856000000.000000,0.169665,62.912914,2015-09-30,2015-10-27,150.290536,13.669863,86.337386,6.083231,11.737985
sz000019,2015-11-11,17.730000,19.240000,17.020000,19.240000,0.100057,28250700.000000,517070000.000000,4853000000.000000,5793000000.000000,0.112002,62.233649,2015-09-30,2015-10-27,148.667862,13.522270,85.405209,6.017551,11.611251
sz000019,2015-11-10,15.500000,17.490000,15.080000,17.490000,0.100000,42439200.000000,708440000.000000,4412000000.000000,5266000000.000000,0.168237,56.573104,2015-09-30,2015-10-27,135.145577,12.292334,77.637063,5.470217,10.555134
sz000019,2015-11-09,17.000000,17.770000,15.900000,15.900000,-0.029304,51012100.000000,847090000.000000,4011000000.000000,4787000000.000000,0.202217,51.430094,2015-09-30,2015-10-27,122.859616,11.174849,70.579149,4.972924,9.595577
sz000019,2015-11-06,15.200000,16.380000,15.000000,16.380000,0.100067,16917600.000000,269780000.000000,4132000000.000000,4932000000.000000,0.067064,52.982701,2015-09-30,2015-10-27,126.568585,11.512203,72.709840,5.123050,9.885254
sz000019,2015-11-05,13.620000,14.890000,13.430000,14.890000,0.099705,31980300.000000,451950000.000000,3756000000.000000,4483000000.000000,0.126780,48.163151,2015-09-30,2015-10-27,115.055325,10.465000,66.095819,4.657034,8.986046
sz000019,2015-11-04,12.870000,13.790000,12.730000,13.540000,0.059468,27182500.000000,363970000.000000,3415000000.000000,4077000000.000000,0.107775,43.796445,2015-09-30,2015-10-27,104.623849,9.516192,60.103250,4.234805,8.171328
sz000019,2015-11-03,13.410000,13.880000,12.600000,12.780000,-0.065789,23181800.000000,305600000.000000,3224000000.000000,3848000000.000000,0.091893,41.338151,2015-09-30,2015-10-27,98.751314,8.982049,56.729655,3.997105,7.712671
sz000019,2015-11-02,13.700000,14.870000,13.680000,13.680000,-0.100000,33915800.000000,477470000.000000,3451000000.000000,4119000000.000000,0.134445,44.249289,2015-09-30,2015-10-27,105.705631,9.614587,60.724701,4.278591,8.255817
sz000019,2015-10-30,16.180000,16.180000,14.810000,15.200000,0.033311,59087000.000000,930300000.000000,3834000000.000000,4576000000.000000,0.234252,49.165876,2015-09-30,2015-10-27,117.450702,10.682875,67.471890,4.753990,9.173130
sz000019,2015-10-29,13.390000,14.710000,13.180000,14.710000,0.100224,29599000.000000,425810000.000000,3711000000.000000,4429000000.000000,0.117327,47.580924,2015-09-30,2015-10-27,113.664462,10.338493,65.296810,4.600737,8.877417
sz000019,2015-10-28,12.500000,14.070000,12.450000,13.370000,0.045348,34263500.000000,469760000.000000,3373000000.000000,4025000000.000000,0.135815,43.246564,2015-09-30,2015-10-27,103.310255,9.396713,59.348630,4.181635,8.068733
sz000019,2015-10-27,12.100000,13.090000,12.030000,12.790000,-0.033258,24609900.000000,309580000.000000,3226000000.000000,3851000000.000000,0.097570,41.370497,2015-09-30,2015-10-27,98.828584,8.989077,56.774045,4.000233,7.718706
sz000019,2015-10-26,13.570000,13.570000,12.770000,13.230000,0.072123,48380600.000000,646810000.000000,3337000000.000000,3983000000.000000,0.191812,42.793720,2015-06-30,2015-08-25,94.787069,9.639464,130.298613,4.080422,7.984244
sz000019,2015-10-23,12.340000,12.340000,12.340000,12.340000,0.099822,2258700.000000,27870000.000000,3113000000.000000,3715000000.000000,0.008954,39.914929,2015-06-30,2015-08-25,88.410615,8.991004,121.533249,3.805926,7.447133
sz000019,2015-10-22,10.110000,11.220000,10.110000,11.220000,0.100000,8506600.000000,93250000.000000,2830000000.000000,3378000000.000000,0.033726,36.292180,2015-06-30,2015-08-25,80.386313,8.174965,110.502679,3.460494,6.771218
sz000019,2015-10-21,11.020000,11.590000,9.980000,10.200000,-0.071038,18285900.000000,200620000.000000,2573000000.000000,3071000000.000000,0.072490,32.992891,2015-06-30,2015-08-25,73.078466,7.431786,100.456981,3.145903,6.155653
sz000019,2015-10-20,10.960000,11.150000,10.690000,10.980000,-0.009025,11306800.000000,123200000.000000,2770000000.000000,3306000000.000000,0.044819,35.515877,2015-06-30,2015-08-25,78.666820,8.000099,108.138985,3.386472,6.626379
sz000019,2015-10-19,10.600000,11.170000,10.500000,11.080000,0.039400,17627200.000000,191920000.000000,2795000000.000000,3336000000.000000,0.069878,35.839336,2015-06-30,2015-08-25,79.383275,8.072960,109.123858,3.417315,6.686729
sz000019,2015-10-16,10.400000,10.730000,10.180000,10.660000,0.037975,15686400.000000,163420000.000000,2689000000.000000,3210000000.000000,0.062186,34.480805,2015-06-30,2015-08-25,76.374162,7.766945,104.987394,3.287777,6.433261
sz000019,2015-10-15,9.900000,10.310000,9.800000,10.270000,0.037374,9315000.000000,94650000.000000,2591000000.000000,3092000000.000000,0.036922,33.219313,2015-06-30,2015-08-25,73.579985,7.482788,101.146391,3.167493,6.197898
sz000019,2015-10-14,9.980000,10.330000,9.900000,9.900000,-0.019802,9490000.000000,96060000.000000,2497000000.000000,2981000000.000000,0.037626,32.022512,2015-06-30,2015-08-25,70.929100,7.213204,97.502364,3.053377,5.974604
sz000019,2015-10-13,9.910000,10.220000,9.810000,10.100000,0.000991,9046800.000000,90880000.000000,2548000000.000000,3041000000.000000,0.035861,32.669431,2015-06-30,2015-08-25,72.362011,7.358925,99.472108,3.115061,6.095303
sz000019,2015-10-12,9.320000,10.250000,9.320000,10.090000,0.074547,11885900.000000,117000000.000000,2545000000.000000,3038000000.000000,0.047123,32.637085,2015-06-30,2015-08-25,72.290365,7.351639,99.373621,3.111977,6.089268
sz000019,2015-10-09,9.080000,9.700000,9.000000,9.390000,0.035281,8744800.000000,81900000.000000,2369000000.000000,2827000000.000000,0.034662,30.372867,2015-06-30,2015-08-25,67.275176,6.841615,92.479515,2.896082,5.666822
sz000019,2015-10-08,9.050000,9.190000,8.910000,9.070000,0.042529,6880100.000000,62330000.000000,2288000000.000000,2731000000.000000,0.027274,29.337796,2015-06-30,2015-08-25,64.982518,6.608461,89.327923,2.797387,5.473703
sz000019,2015-09-30,8.640000,8.810000,8.580000,8.700000,0.015169,3913300.000000,34050000.000000,2195000000.000000,2619000000.000000,0.015511,28.140995,2015-06-30,2015-08-25,62.331633,6.338876,85.683895,2.683270,5.250410
sz000019,2015-09-29,8.600000,8.680000,8.420000,8.570000,-0.023918,4509300.000000,38590000.000000,2162000000.000000,2580000000.000000,0.017875,27.720497,2015-06-30,2015-08-25,61.400241,6.244157,84.403561,2.643176,5.171955
sz000019,2015-09-28,8.650000,8.820000,8.380000,8.780000,0.020930,5228600.000000,45220000.000000,2215000000.000000,2643000000.000000,0.020726,28.399763,2015-06-30,2015-08-25,62.904797,6.397165,86.471793,2.707944,5.298690
sz000019,2015-09-25,9.100000,9.270000,8.510000,8.600000,-0.060109,8489400.000000,76000000.000000,2169000000.000000,2589000000.000000,0.033660,27.817535,2015-06-30,2015-08-25,61.615177,6.266016,84.699023,2.652428,5.190060
sz000019,2015-09-24,9.100000,9.280000,8.950000,9.150000,0.011050,8045100.000000,73330000.000000,2308000000.000000,2755000000.000000,0.031895,29.596564,2015-06-30,2015-08-25,65.555683,6.666749,90.115821,2.822060,5.521983
sz000019,2015-09-23,8.720000,9.140000,8.650000,9.050000,0.006674,9892700.000000,88200000.000000,2283000000.000000,2725000000.000000,0.039215,29.273104,2015-06-30,2015-08-25,64.839227,6.593889,89.130949,2.791218,5.461633
sz000019,2015-09-22,9.030000,9.180000,8.840000,8.990000,0.001114,10141600.000000,91610000.000000,2268000000.000000,2707000000.000000,0.040200,29.079028,2015-06-30,2015-08-25,64.409354,6.550172,88.540025,2.772713,5.425424
sz000019,2015-09-21,8.380000,9.050000,8.360000,8.980000,0.041763,9232300.000000,80600000.000000,2265000000.000000,2704000000.000000,0.036603,29.046682,2015-06-30,2015-08-25,64.337708,6.542886,88.441538,2.769629,5.419389
sz000019,2015-09-18,8.410000,8.750000,8.290000,8.620000,0.036058,8818300.000000,75370000.000000,2174000000.000000,2595000000.000000,0.034965,27.882227,2015-06-30,2015-08-25,61.758469,6.280588,84.895997,2.658597,5.202130
sz000019,2015-09-17,8.500000,9.100000,8.280000,8.320000,-0.011876,14118400.000000,121710000.000000,2099000000.000000,2505000000.000000,0.055962,26.911848,2015-06-30,2015-08-25,59.609102,6.062006,81.941380,2.566070,5.021082
sz000019,2015-09-16,7.760000,8.420000,7.710000,8.420000,0.100654,9807600.000000,78800000.000000,2124000000.000000,2535000000.000000,0.038879,27.235308,2015-06-30,2015-08-25,60.325557,6.134867,82.926253,2.596912,5.081431
sz000019,2015-09-15,8.250000,8.350000,7.650000,7.650000,-0.100000,9405100.000000,74800000.000000,1930000000.000000,2303000000.000000,0.037279,24.744668,2015-06-30,2015-08-25,54.808850,5.573840,75.342736,2.359427,4.616740
sz000019,2015-09-14,9.610000,9.780000,8.470000,8.500000,-0.096706,16973900.000000,158050000.000000,2144000000.000000,2559000000.000000,0.067294,27.494076,2015-06-30,2015-08-25,60.898722,6.193155,83.714151,2.621586,5.129711
sz000019,2015-09-11,9.360000,9.550000,9.110000,9.410000,0.006417,10483500.000000,98000000.000000,2374000000.000000,2833000000.000000,0.041554,30.437559,2015-06-30,2015-08-25,67.418467,6.856187,92.676489,2.902250,5.678892
sz000019,2015-09-10,9.500000,9.850000,9.310000,9.350000,-0.046891,8347700.000000,79860000.000000,2359000000.000000,2815000000.000000,0.033086,30.243483,2015-06-30,2015-08-25,66.988594,6.812471,92.085566,2.883745,5.642682
sz000019,2015-09-09,9.200000,9.930000,9.110000,9.810000,0.080396,13824900.000000,129740000.000000,2475000000.000000,2954000000.000000,0.054797,31.731398,2015-06-30,2015-08-25,70.284290,7.147630,96.615979,3.025619,5.920290
sz000019,2015-09-08,8.410000,9.140000,8.200000,9.080000,0.074556,8157000.000000,70490000.000000,2290000000.000000,2734000000.000000,0.032343,29.370142,2015-06-30,2015-08-25,65.054164,6.615747,89.426410,2.800471,5.479738
sz000019,2015-09-07,8.350000,8.790000,8.220000,8.450000,0.029233,7705300.000000,65610000.000000,2132000000.000000,2544000000.000000,0.030539,27.332346,2015-06-30,2015-08-25,60.540494,6.156725,83.221714,2.606165,5.099536
sz000019,2015-09-02,8.280000,9.000000,8.000000,8.210000,-0.061714,8112700.000000,68740000.000000,2071000000.000000,2472000000.000000,0.032161,26.556042,2015-06-30,2015-08-25,58.821001,5.981859,80.858021,2.532144,4.954697
sz000019,2015-09-01,9.200000,9.200000,8.360000,8.750000,-0.050976,14350600.000000,125570000.000000,2207000000.000000,2634000000.000000,0.056895,28.302725,2015-06-30,2015-08-25,62.689861,6.375307,86.176332,2.698692,5.280585
sz000019,2015-08-31,10.020000,10.080000,9.210000,9.220000,-0.085317,12276800.000000,118740000.000000,2326000000.000000,2776000000.000000,0.048664,29.822986,2015-06-30,2015-08-25,66.057202,6.717752,90.805232,2.843650,5.564227
sz000019,2015-08-28,9.200000,10.090000,9.200000,10.080000,0.099237,16668500.000000,159380000.000000,2543000000.000000,3035000000.000000,0.066071,32.604739,2015-06-30,2015-08-25,72.218720,7.344353,99.275134,3.108893,6.083234
sz000019,2015-08-27,9.000000,9.200000,8.140000,9.170000,0.056452,15409900.000000,136380000.000000,2313000000.000000,2761000000.000000,0.061093,29.661256,2015-06-30,2015-08-25,65.698974,6.681321,90.312795,2.828229,5.534053
sz000019,2015-08-26,9.680000,10.110000,8.680000,8.680000,-0.099585,16803100.000000,156750000.000000,2190000000.000000,2613000000.000000,0.066599,28.076303,2015-06-30,2015-08-25,62.188342,6.324304,85.486921,2.677102,5.238340
sz000019,2015-08-25,9.640000,9.950000,9.640000,9.640000,-0.099907,9003000.000000,87090000.000000,2432000000.000000,2902000000.000000,0.035686,31.181516,2015-06-30,2015-08-25,69.066315,7.023766,94.941696,2.973187,5.817696
sz000019,2015-08-24,10.980000,11.420000,10.710000,10.710000,-0.100000,7038900.000000,75790000.000000,2702000000.000000,3225000000.000000,0.027900,34.642535,2015-03-31,2015-04-21,289.162896,9.134295,76.239262,3.354213,6.463436
sz000019,2015-08-21,12.910000,13.150000,11.880000,11.900000,-0.098485,10349600.000000,129310000.000000,3002000000.000000,3583000000.000000,0.041026,38.491706,2015-03-31,2015-04-21,321.292107,10.149216,84.710292,3.726903,7.181595
sz000019,2015-08-20,14.120000,14.620000,13.200000,13.200000,-0.097127,13825500.000000,192130000.000000,3330000000.000000,3974000000.000000,0.054804,42.696682,2015-03-31,2015-04-21,356.391244,11.257954,93.964357,4.134044,7.966139
sz000019,2015-08-19,13.250000,15.170000,13.190000,14.620000,-0.002048,20189400.000000,278360000.000000,3688000000.000000,4402000000.000000,0.080035,47.289810,2015-03-31,2015-04-21,394.730302,12.469037,104.072644,4.578767,8.823103
sz000019,2015-08-18,16.200000,16.450000,14.650000,14.650000,-0.100123,22822100.000000,349740000.000000,3695000000.000000,4411000000.000000,0.090485,47.386848,2015-03-31,2015-04-21,395.540282,12.494623,104.286199,4.588162,8.841207
sz000019,2015-08-17,15.300000,16.450000,14.990000,16.280000,0.050323,27600200.000000,431120000.000000,4107000000.000000,4902000000.000000,0.109406,52.659241,2015-03-31,2015-04-21,439.549201,13.884810,115.889374,5.098654,9.824905
sz000019,2015-08-14,14.930000,15.500000,14.370000,15.500000,0.058743,35209300.000000,527240000.000000,3910000000.000000,4667000000.000000,0.139577,50.136256,2015-03-31,2015-04-21,418.489719,13.219567,110.336934,4.854370,9.354179
sz000019,2015-08-13,13.810000,14.900000,13.720000,14.640000,0.051724,27581200.000000,398120000.000000,3693000000.000000,4408000000.000000,0.109339,47.354502,2015-03-31,2015-04-21,395.270289,12.486095,104.215014,4.585031,8.835172
sz000019,2015-08-12,13.230000,14.250000,13.230000,13.920000,0.034944,17055300.000000,235940000.000000,3511000000.000000,4191000000.000000,0.067619,45.025592,2015-03-31,2015-04-21,375.830767,11.872024,99.089686,4.359537,8.400656
sz000019,2015-08-11,13.550000,14.180000,13.350000,13.450000,-0.007380,16260000.000000,223990000.000000,3393000000.000000,4050000000.000000,0.064455,43.505331,2015-03-31,2015-04-21,363.141078,11.471173,95.743985,4.212340,8.117013
sz000019,2015-08-10,13.000000,13.860000,12.910000,13.550000,0.050388,17516600.000000,233520000.000000,3418000000.000000,4080000000.000000,0.069441,43.828791,2015-03-31,2015-04-21,365.841012,11.556461,96.455836,4.243659,8.177363
sz000019,2015-08-07,12.150000,13.050000,12.010000,12.900000,0.061728,14314500.000000,179600000.000000,3254000000.000000,3884000000.000000,0.056748,41.726303,2015-03-31,2015-04-21,348.291443,11.002092,91.828803,4.040088,7.785091
sz000019,2015-08-06,11.660000,12.350000,11.380000,12.150000,0.034043,10144400.000000,121990000.000000,3065000000.000000,3658000000.000000,0.040214,39.300355,2015-03-31,2015-04-21,328.041941,10.362435,86.489919,3.805200,7.332469
sz000019,2015-08-05,11.800000,12.370000,11.650000,11.750000,-0.015088,12908000.000000,155000000.000000,2964000000.000000,3538000000.000000,0.051170,38.006516,2015-03-31,2015-04-21,317.242206,10.021285,83.642515,3.679925,7.091071
sz000019,2015-08-04,11.370000,11.930000,10.940000,11.930000,0.067084,10031600.000000,115830000.000000,3009000000.000000,3592000000.000000,0.039773,38.588744,2015-03-31,2015-04-21,322.102087,10.174803,84.923847,3.736299,7.199700
sz000019,2015-08-03,11.400000,12.000000,10.800000,11.180000,-0.019298,10459600.000000,119800000.000000,2820000000.000000,3366000000.000000,0.041467,36.162796,2015-03-31,2015-04-21,301.852584,9.535146,79.584963,3.501410,6.747078
sz000019,2015-07-31,11.350000,11.950000,11.280000,11.400000,-0.019776,7034300.000000,81760000.000000,2876000000.000000,3432000000.000000,0.027883,36.874407,2015-03-31,2015-04-21,307.792438,9.722779,81.151036,3.570311,6.879847
sz000019,2015-07-30,11.860000,12.450000,11.400000,11.630000,-0.014407,10157500.000000,122530000.000000,2934000000.000000,3502000000.000000,0.040263,37.618365,2015-03-31,2015-04-21,314.002286,9.918940,82.788293,3.642343,7.018651
sz000019,2015-07-29,11.350000,11.900000,10.500000,11.800000,0.076642,12002900.000000,135910000.000000,2977000000.000000,3553000000.000000,0.047576,38.168246,2015-03-31,2015-04-21,318.592173,10.063929,83.998440,3.695585,7.121246
sz000019,2015-07-28,11.100000,12.150000,10.940000,10.960000,-0.097942,15968100.000000,180150000.000000,2765000000.000000,3300000000.000000,0.063295,35.451185,2015-03-31,2015-04-21,295.912730,9.347514,78.018890,3.432509,6.614309
sz000019,2015-07-27,13.030000,13.480000,12.150000,12.150000,-0.100000,14960900.000000,191380000.000000,3065000000.000000,3658000000.000000,0.059307,39.300355,2015-03-31,2015-04-21,328.041941,10.362435,86.489919,3.805200,7.332469
sz000019,2015-07-24,14.000000,14.560000,13.300000,13.500000,-0.033644,18483600.000000,260130000.000000,3405000000.000000,4065000000.000000,0.073283,43.667061,2015-03-31,2015-04-21,364.491045,11.513817,96.099911,4.228000,8.147188
sz000019,2015-07-23,13.250000,14.150000,13.070000,13.970000,0.057532,18115900.000000,247580000.000000,3524000000.000000,4206000000.000000,0.071816,45.187322,2015-03-31,2015-04-21,377.180733,11.914668,99.445611,4.375197,8.430831
sz000019,2015-07-22,13.200000,13.850000,12.760000,13.210000,-0.008258,17246300.000000,227470000.000000,3332000000.000000,3977000000.000000,0.068374,42.729028,2015-03-31,2015-04-21,356.661238,11.266483,94.035542,4.137176,7.972174
sz000019,2015-07-21,12.700000,13.450000,12.510000,13.320000,0.023041,22371800.000000,293380000.000000,3360000000.000000,4010000000.000000,0.088688,43.084834,2015-03-31,2015-04-21,359.631165,11.360299,94.818578,4.171626,8.038559
sz000019,2015-07-20,12.680000,13.180000,12.140000,13.020000,0.033333,15902600.000000,203500000.000000,3284000000.000000,3920000000.000000,0.063049,42.114455,2015-03-31,2015-04-21,351.531364,11.104437,92.683025,4.077671,7.857510
sz000019,2015-07-17,12.120000,13.130000,12.120000,12.600000,0.038747,9915500.000000,126910000.000000,3178000000.000000,3794000000.000000,0.039313,40.755924,2015-03-31,2015-04-21,340.191642,10.746229,89.693250,3.946133,7.604042
sz000019,2015-07-16,11.200000,12.660000,11.200000,12.130000,0.002479,9300300.000000,111020000.000000,3060000000.000000,3652000000.000000,0.036867,39.235663,2015-03-31,2015-04-21,327.501954,10.345378,86.347549,3.798936,7.320399
sz000019,2015-07-15,12.770000,13.080000,12.000000,12.100000,-0.092273,13462700.000000,164920000.000000,3052000000.000000,3643000000.000000,0.053374,39.138625,2015-03-31,2015-04-21,326.691974,10.319791,86.133994,3.789540,7.302294
sz000019,2015-07-14,13.700000,14.480000,13.020000,13.330000,-0.034757,20273800.000000,276930000.000000,3363000000.000000,4013000000.000000,0.080360,43.117180,2015-03-31,2015-04-21,359.901158,11.368828,94.889764,4.174758,8.044594
sz000019,2015-07-13,13.100000,13.810000,12.600000,13.810000,0.100398,24359500.000000,324430000.000000,3484000000.000000,4158000000.000000,0.096557,44.669786,2015-03-31,2015-04-21,372.860840,11.778208,98.306649,4.325087,8.334271
sz000019,2015-07-10,11.650000,12.550000,11.650000,12.550000,0.099912,13574800.000000,168890000.000000,3166000000.000000,3779000000.000000,0.053810,40.594194,2015-03-31,2015-04-21,338.841675,10.703585,89.337324,3.930474,7.573867
sz000019,2015-07-09,9.330000,11.410000,9.330000,11.410000,0.100289,19295600.000000,201920000.000000,2878000000.000000,3435000000.000000,0.076499,36.906753,2015-03-31,2015-04-21,308.062432,9.731307,81.222221,3.573443,6.885882
sz000019,2015-07-08,10.370000,10.370000,10.370000,10.370000,-0.099826,2958600.000000,30680000.000000,2616000000.000000,3122000000.000000,0.011728,33.542772,2015-03-31,2015-04-21,279.983121,8.844317,73.818968,3.247730,6.258247
sz000019,2015-07-07,11.800000,13.830000,11.520000,11.520000,-0.100000,16557100.000000,204010000.000000,2906000000.000000,3468000000.000000,0.065636,37.262559,2015-03-31,2015-04-21,311.032359,9.825124,82.005257,3.607893,6.952267
sz000019,2015-07-06,12.800000,12.800000,10.500000,12.800000,0.096829,24291300.000000,271950000.000000,3229000000.000000,3854000000.000000,0.096293,41.402843,2015-03-31,2015-04-21,345.591510,10.916804,91.116952,4.008770,7.724741
sz000019,2015-07-03,11.670000,12.880000,11.670000,11.670000,-0.100231,9629200.000000,114620000.000000,2944000000.000000,3514000000.000000,0.038170,37.747749,2015-03-31,2015-04-21,315.082259,9.953055,83.073034,3.654871,7.042791
sz000019,2015-07-02,14.000000,14.730000,12.970000,12.970000,-0.099931,10762900.000000,145640000.000000,3272000000.000000,3905000000.000000,0.042663,41.952725,2015-03-31,2015-04-21,350.181397,11.061793,92.327099,4.062011,7.827335
sz000019,2015-07-01,14.800000,16.200000,14.080000,14.410000,-0.051974,13444900.000000,206710000.000000,3635000000.000000,4339000000.000000,0.053299,46.610545,2015-03-31,2015-04-21,389.060442,12.289933,102.577756,4.512998,8.696369
sz000019,2015-06-30,14.280000,15.990000,13.610000,15.200000,0.005291,12353100.000000,181010000.000000,3834000000.000000,4576000000.000000,0.048974,49.165876,2015-03-31,2015-04-21,410.389918,12.963705,108.201381,4.760414,9.173130
sz000019,2015-06-29,16.970000,17.560000,15.120000,15.120000,-0.100000,10717600.000000,167550000.000000,3814000000.000000,4552000000.000000,0.042488,48.907109,2015-03-31,2015-04-21,408.229971,12.895475,107.631900,4.735359,9.124850
sz000019,2015-06-26,17.930000,17.930000,16.800000,16.800000,-0.100161,8014900.000000,138390000.000000,4238000000.000000,5058000000.000000,0.031772,54.341232,2015-03-31,2015-04-21,453.588856,14.328305,119.591000,5.261510,10.138723
sz000019,2015-06-25,18.670000,19.580000,18.200000,18.670000,0.005385,12391400.000000,234710000.000000,4710000000.000000,5621000000.000000,0.049118,60.389929,2015-03-31,2015-04-21,504.077616,15.923182,132.902617,5.847167,11.267259
sz000019,2015-06-24,18.730000,18.750000,17.510000,18.570000,0.016420,10894200.000000,199480000.000000,4684000000.000000,5591000000.000000,0.043191,60.066469,2015-03-31,2015-04-21,501.377682,15.837895,132.190766,5.815848,11.206909
sz000019,2015-06-23,18.650000,18.930000,16.770000,18.270000,-0.016155,8037000.000000,143750000.000000,4609000000.000000,5501000000.000000,0.031859,59.096090,2015-03-31,2015-04-21,493.277881,15.582032,130.055212,5.721893,11.025861
sz000019,2015-06-19,19.670000,19.980000,18.080000,18.570000,-0.072891,8777000.000000,165890000.000000,4684000000.000000,5591000000.000000,0.034797,60.066469,2015-03-31,2015-04-21,501.377682,15.837895,132.190766,5.815848,11.206909
sz000019,2015-06-18,21.420000,22.280000,19.430000,20.030000,-0.066200,15997400.000000,337610000.000000,5053000000.000000,6031000000.000000,0.063413,64.788981,2015-03-31,2015-04-21,540.796714,17.083093,142.583793,6.273099,12.088013
sz000019,2015-06-17,21.030000,21.580000,20.030000,21.450000,0.016588,8544400.000000,177280000.000000,5411000000.000000,6458000000.000000,0.033871,69.382109,2015-03-31,2015-04-21,579.135772,18.294176,152.692080,6.717821,12.944976
sz000019,2015-06-16,22.500000,22.500000,20.540000,21.100000,-0.066372,9905000.000000,210820000.000000,5323000000.000000,6353000000.000000,0.039263,68.250000,2015-03-31,2015-04-21,569.686004,17.995669,150.200601,6.608207,12.733753
sz000019,2015-06-15,23.540000,23.800000,22.400000,22.600000,-0.039932,11886200.000000,270600000.000000,5701000000.000000,6804000000.000001,0.047119,73.101895,2015-03-31,2015-04-21,610.185009,19.274982,160.878369,7.077984,13.638996
sz000019,2015-06-12,23.110000,24.500000,23.000000,23.540000,0.018607,15482600.000000,370100000.000000,5938000000.000000,7087000000.000000,0.061378,76.142417,2015-03-31,2015-04-21,635.564386,20.076685,167.569770,7.372378,14.206281
sz000019,2015-06-11,22.900000,24.550000,22.400000,23.110000,-0.002590,11569500.000000,269950000.000000,5830000000.000000,6958000000.000000,0.045861,74.751540,2015-03-31,2015-04-21,623.954671,19.709949,164.508810,7.237709,13.946778
sz000019,2015-06-10,22.200000,24.000000,21.500000,23.170000,0.022958,15134000.000000,349360000.000000,5845000000.000000,6976000000.000001,0.059992,74.945616,2015-03-31,2015-04-21,625.574631,19.761121,164.935921,7.256500,13.982988
sz000019,2015-06-09,20.850000,23.100000,20.510000,22.650000,0.052999,19834800.000000,435930000.000000,5714000000.000000,6819000000.000000,0.078624,73.263625,2015-03-31,2015-04-21,611.534976,19.317626,161.234294,7.093644,13.669171
sz000019,2015-06-08,19.720000,21.560000,18.800000,21.510000,0.090771,13817400.000000,273860000.000000,5426000000.000000,6476000000.000001,0.054776,69.576184,2015-03-31,2015-04-21,580.755732,18.345348,153.119191,6.736613,12.981186
sz000019,2015-06-05,20.320000,20.500000,19.290000,19.720000,0.019648,12028600.000000,238840000.000000,4974000000.000000,5937000000.000000,0.047689,63.786256,2015-03-31,2015-04-21,532.426919,16.818701,140.377055,6.176011,11.900929
sz000019,2015-06-04,20.080000,20.080000,18.210000,19.340000,-0.042100,8372700.000000,161080000.000000,4879000000.000000,5823000000.000000,0.033189,62.557109,2015-03-31,2015-04-21,522.167171,16.494609,137.672020,6.057001,11.671601
sz000019,2015-06-03,20.380000,20.420000,19.800000,20.190000,-0.010294,8643700.000000,173180000.000000,5093000000.000000,6079000000.000000,0.034266,65.306516,2015-03-31,2015-04-21,545.116608,17.219553,143.722755,6.323208,12.184572
sz000019,2015-06-02,20.280000,20.590000,19.810000,20.400000,0.005917,14677700.000000,295480000.000000,5146000000.000000,6142000000.000000,0.058186,65.985782,2015-03-31,2015-04-21,550.786468,17.398657,145.217643,6.388977,12.311306
sz000019,2015-06-01,18.780000,20.350000,18.780000,20.280000,0.079872,15036800.000000,297580000.000000,5116000000.000000,6106000000.000000,0.059606,65.597630,2015-03-31,2015-04-21,547.546548,17.296312,144.363421,6.351395,12.238886
sz000019,2015-05-29,18.310000,19.170000,17.500000,18.780000,0.018991,11219500.000000,208410000.000000,4737000000.000000,5654000000.000000,0.044480,60.745734,2015-03-31,2015-04-21,507.047543,16.016999,133.685653,5.881617,11.333643
sz000019,2015-05-28,19.240000,19.450000,18.430000,18.430000,-0.052929,16699200.000000,316060000.000000,4649000000.000000,5549000000.000000,0.066201,59.613625,2015-03-31,2015-04-21,497.597775,15.718492,131.194174,5.772002,11.122420
sz000019,2015-05-27,18.800000,19.470000,18.250000,19.460000,0.025290,18378000.000000,345960000.000000,4909000000.000000,5859000000.000000,0.072853,62.945260,2015-03-31,2015-04-21,525.407092,16.596954,138.526241,6.094583,11.744020
sz000019,2015-05-26,18.190000,19.020000,17.880000,18.980000,0.033769,14844400.000000,273410000.000000,4788000000.000000,5714000000.000000,0.058844,61.392654,2015-03-31,2015-04-21,512.447410,16.187574,135.109356,5.944254,11.454342
sz000019,2015-05-25,18.400000,18.960000,17.600000,18.360000,-0.014493,23863800.000000,429750000.000000,4631000000.000000,5528000000.000000,0.094610,59.387203,2015-03-31,2015-04-21,495.707822,15.658791,130.695878,5.750079,11.080175
sz000019,2015-05-22,18.850000,19.930000,18.410000,18.630000,-0.002142,10514100.000000,199440000.000000,4699000000.000000,5609000000.000000,0.041685,60.260545,2015-03-31,2015-04-21,502.997642,15.889067,132.617877,5.834639,11.243119
sz000019,2015-05-21,16.960000,18.670000,16.960000,18.670000,0.100177,12607400.000000,231790000.000000,4710000000.000000,5621000000.000000,0.049975,60.389929,2015-03-31,2015-04-21,504.077616,15.923182,132.902617,5.847167,11.267259
sz000019,2015-05-20,16.190000,17.770000,15.960000,16.970000,0.048178,10512197.000000,177846258.560000,4280722680.000000,4577097220.000000,0.041673,54.891113,2015-03-31,2015-04-21,458.178744,14.473294,120.801147,5.314752,10.241317
sz000019,2015-05-19,15.580000,16.430000,15.300000,16.190000,0.037821,11806626.000000,189777226.300000,4083965840.000000,4366717970.000000,0.046805,52.368122,2015-03-31,2015-04-21,437.119214,13.808050,115.248695,5.070467,9.770589
sz000019,2015-05-18,14.830000,15.750000,14.760000,15.600000,0.051922,10004764.000000,152546458.110000,3935136940.000000,4207584950.000000,0.039662,50.459686,2015-03-31,2015-04-21,421.189409,13.304847,111.048721,4.885686,9.414523
sz000019,2015-05-15,15.180000,15.180000,14.700000,14.830000,-0.019828,5747025.000000,85593987.230000,3740902620.000000,3999902870.000000,0.022783,47.969038,2015-03-31,2015-04-21,400.399848,12.648131,105.567448,4.644532,8.949830
sz000019,2015-05-14,14.800000,15.260000,14.700000,15.130000,0.022989,9669257.000000,145096158.310000,3816578330.000000,4080817970.000000,0.038332,48.939408,2015-03-31,2015-04-21,408.499578,12.903991,107.702983,4.738487,9.130877
sz000019,2015-05-13,15.240000,15.780000,14.600000,14.790000,-0.026333,16595304.000000,247537092.000000,3730812520.000000,3989114190.000000,0.065788,47.839623,2015-03-31,2015-04-21,399.319619,12.614008,105.282641,4.632002,8.925684
sz000019,2015-05-12,14.800000,15.380000,14.630000,15.190000,0.026351,6509875.000000,97835851.960000,3831713470.000000,4097000990.000000,0.025807,49.133455,2015-03-31,2015-04-21,410.119291,12.955156,108.130029,4.757275,9.167081
sz000019,2015-05-11,14.680000,15.120000,14.500000,14.800000,0.027778,5196658.000000,77010363.700000,3733335050.000000,3991811360.000000,0.020601,47.871980,2015-03-31,2015-04-21,399.589702,12.622540,105.353849,4.635135,8.931721
sz000019,2015-05-08,13.480000,14.490000,13.480000,14.400000,0.071429,5239669.000000,72872803.290000,3632434100.000000,3883924570.000000,0.020772,46.578133,2015-03-31,2015-04-21,388.789897,12.281387,102.506426,4.509860,8.690321
sz000019,2015-05-07,13.770000,13.770000,13.210000,13.440000,-0.030303,3949806.000000,53077076.180000,3390271830.000000,3624996260.000000,0.015658,43.472906,2015-03-31,2015-04-21,362.870425,11.462623,95.672626,4.209201,8.110963
sz000019,2015-05-06,14.460000,14.720000,13.800000,13.860000,-0.044138,5394355.000000,77123858.780000,3496217820.000000,3738277400.000000,0.021385,44.831433,2015-03-31,2015-04-21,374.210114,11.820830,98.662392,4.340738,8.364431
sz000019,2015-05-05,14.250000,14.820000,14.060000,14.500000,0.004851,8723145.000000,125784160.830000,3657659340.000000,3910896270.000000,0.034581,46.901575,2015-03-31,2015-04-21,391.489686,12.366670,103.218239,4.541177,8.750668
sz000019,2015-05-04,15.460000,15.460000,14.010000,14.430000,-0.066624,15433670.000000,224893703.080000,3640001670.000000,3892016080.000000,0.061183,46.675154,2015-03-31,2015-04-21,389.599738,12.306969,102.719944,4.519254,8.708423
sz000019,2015-04-30,14.950000,16.290000,14.780000,15.460000,0.035499,12493941.000000,196191751.850000,3899821610.000000,4169824570.000000,0.049530,50.006807,2015-03-31,2015-04-21,417.409209,13.185436,110.052052,4.841836,9.330027
sz000019,2015-04-29,13.640000,15.180000,13.280000,14.930000,0.081884,15266554.000000,221867005.670000,3766127850.000000,4026874570.000000,0.060521,48.292473,2015-03-31,2015-04-21,403.099577,12.733412,106.279245,4.675848,9.010175
sz000019,2015-04-28,13.880000,13.990000,13.050000,13.800000,-0.014286,12100076.000000,164074733.350000,3481082680.000000,3722094380.000000,0.047968,44.637385,2015-03-31,2015-04-21,372.590386,11.769665,98.235343,4.321950,8.328226
sz000019,2015-04-27,13.400000,14.200000,13.310000,14.000000,0.038576,15011615.000000,208308058.650000,3531533150.000000,3776037780.000000,0.059510,45.284317,2015-03-31,2015-04-21,377.990356,11.940243,99.659072,4.384588,8.448927
sz000019,2015-04-24,13.400000,13.490000,12.690000,13.480000,-0.000741,13984985.000000,183489655.300000,3400361920.000000,3635784940.000000,0.055440,43.602314,2015-03-31,2015-04-21,363.950598,11.496745,95.957419,4.221730,8.135108
sz000019,2015-04-23,12.990000,13.880000,12.680000,13.490000,0.063042,17302012.000000,227516039.180000,3402884440.000000,3638482110.000000,0.068590,43.634647,2015-03-31,2015-04-21,364.220485,11.505270,96.028576,4.224861,8.141140
sz000019,2015-04-22,11.800000,12.690000,11.600000,12.690000,0.099653,22099055.000000,270877987.720000,3201082550.000000,3422708530.000000,0.087607,41.046965,2015-03-31,2015-04-21,342.620974,10.822969,90.333755,3.974312,7.658343
sz000019,2015-04-21,11.140000,11.560000,11.120000,11.540000,0.029438,5002537.000000,56887783.610000,2910992330.000000,3112534000.000000,0.019831,37.327197,2015-03-31,2015-04-21,311.571899,9.842167,82.147510,3.614151,6.964327
sz000019,2015-04-20,11.710000,11.710000,11.000000,11.210000,-0.047579,8181905.000000,93047200.470000,2827749050.000000,3023527390.000000,0.032435,36.259782,2014-09-30,2014-10-24,-72.511663,11.436276,-69.707925,3.653948,6.765174
sz000019,2015-04-17,11.630000,11.990000,11.630000,11.770000,0.013781,5889028.000000,69254541.940000,2969010370.000000,3174568900.000000,0.023346,38.071170,2014-09-30,2014-10-24,-76.134045,12.007585,-73.190243,3.836484,7.103134
sz000019,2015-04-16,11.540000,11.890000,11.110000,11.610000,-0.004288,5396360.000000,62546612.100000,2928649990.000000,3131414180.000000,0.021393,37.553643,2014-09-30,2014-10-24,-75.099104,11.844358,-72.195320,3.784332,7.006576
sz000019,2015-04-15,12.230000,12.270000,11.660000,11.660000,-0.046607,6301853.000000,75328677.860000,2941262610.000000,3144900030.000000,0.024982,37.715367,2014-09-30,2014-10-24,-75.422516,11.895365,-72.506226,3.800630,7.036750
sz000019,2015-04-14,12.660000,12.660000,12.100000,12.230000,-0.037008,8834162.000000,108666750.620000,3085046460.000000,3298638710.000000,0.035021,39.559098,2014-09-30,2014-10-24,-79.109576,12.476875,-76.050722,3.986425,7.380744
sz000019,2015-04-13,12.480000,13.010000,12.300000,12.700000,0.022544,8191903.000000,103519259.490000,3203605070.000000,3425405700.000000,0.032475,41.079363,2014-09-30,2014-10-24,-82.149774,12.956364,-78.973369,4.139624,7.664388
sz000019,2015-04-10,12.050000,12.660000,11.900000,12.420000,0.029851,7758232.000000,95676679.880000,3132974410.000000,3349884940.000000,0.030756,40.173687,2014-09-30,2014-10-24,-80.338621,12.670715,-77.232245,4.048358,7.495411
sz000019,2015-04-09,12.210000,12.600000,11.330000,12.060000,-0.008224,8657852.000000,103144239.020000,3042163560.000000,3252786830.000000,0.034322,39.009223,2014-09-30,2014-10-24,-78.009946,12.303445,-74.993611,3.931013,7.278151
sz000019,2015-04-08,12.260000,12.700000,12.120000,12.160000,-0.012185,9537001.000000,117854444.810000,3067388790.000000,3279758530.000000,0.037807,39.332695,2014-09-30,2014-10-24,-78.656819,12.405468,-75.615473,3.963610,7.338503
sz000019,2015-04-07,11.870000,12.490000,11.870000,12.310000,0.043220,8512348.000000,104462562.360000,3105226650.000000,3320216070.000000,0.033745,39.817876,2014-09-30,2014-10-24,-79.627075,12.558493,-76.548213,4.012502,7.429025
sz000019,2015-04-03,11.670000,11.840000,11.460000,11.800000,0.012007,7801558.000000,90824084.430000,2976577940.000000,3182660410.000000,0.030928,38.168244,2014-09-30,2014-10-24,-76.328172,12.038202,-73.376864,3.846267,7.121245
sz000019,2015-04-02,11.080000,12.180000,11.060000,11.660000,0.047619,9448094.000000,110082665.400000,2941262610.000000,3144900030.000000,0.037455,37.715396,2014-09-30,2014-10-24,-75.422573,11.895374,-72.506282,3.800632,7.036755
sz000019,2015-04-01,10.780000,11.150000,10.670000,11.130000,0.032468,7138675.000000,77883445.710000,2807568860.000000,3001950030.000000,0.028300,36.001061,2014-09-30,2014-10-24,-71.994277,11.354676,-69.210545,3.627877,6.716903
sz000019,2015-03-31,11.000000,11.060000,10.700000,10.780000,-0.020890,5483524.000000,59474402.280000,2719280530.000000,2907549090.000000,0.021738,34.868936,2014-09-30,2014-10-24,-69.730275,10.997605,-67.034082,3.513791,6.505676
sz000019,2015-03-30,10.930000,11.090000,10.800000,11.010000,0.000000,4957124.000000,54402737.470000,2777298570.000000,2969583990.000000,0.019651,35.612890,2014-09-30,2014-10-24,-71.218019,11.232247,-68.464301,3.588760,6.644480
sz000019,2015-03-27,10.770000,11.100000,10.770000,11.010000,0.011949,3928940.000000,42989027.650000,2777298570.000000,2969583990.000000,0.015575,35.612890,2014-09-30,2014-10-24,-71.218019,11.232247,-68.464301,3.588760,6.644480
sz000019,2015-03-26,11.230000,11.290000,10.790000,10.880000,-0.030303,5208046.000000,57445151.310000,2744505760.000000,2934520790.000000,0.020646,35.192376,2014-09-30,2014-10-24,-70.377083,11.099618,-67.655881,3.546384,6.566022
sz000019,2015-03-25,10.960000,11.330000,10.950000,11.220000,0.024658,7151834.000000,79702618.550000,2830271570.000000,3026224560.000000,0.028352,36.292137,2014-09-30,2014-10-24,-72.576365,11.446480,-69.770125,3.657209,6.771210
sz000019,2015-03-24,10.870000,11.370000,10.720000,10.950000,0.002747,7976186.000000,88319087.120000,2762163430.000000,2953400970.000000,0.031620,35.418780,2014-09-30,2014-10-24,-70.829843,11.171025,-68.091134,3.569199,6.608264
sz000019,2015-03-23,10.880000,10.990000,10.650000,10.920000,0.001835,7221798.000000,78307478.940000,2754595860.000000,2945309470.000000,0.028629,35.321751,2014-09-30,2014-10-24,-70.635806,11.140423,-67.904600,3.559422,6.590160
sz000019,2015-03-20,10.930000,11.120000,10.760000,10.900000,-0.008189,5702159.000000,62140852.820000,2749550810.000000,2939915130.000000,0.022605,35.257055,2014-09-30,2014-10-24,-70.506427,11.120017,-67.780223,3.552902,6.578090
sz000019,2015-03-19,10.400000,11.100000,10.250000,10.990000,0.052682,9753572.000000,103963414.460000,2772253520.000000,2964189650.000000,0.038666,35.548159,2014-09-30,2014-10-24,-71.088571,11.211831,-68.339859,3.582237,6.632402
sz000019,2015-03-18,10.290000,10.660000,10.100000,10.440000,0.002882,8955041.000000,93193454.710000,2633514720.000000,2815845310.000000,0.035500,33.769133,2014-09-30,2014-10-24,-67.530908,10.650729,-64.919756,3.402962,6.300480
sz000019,2015-03-17,9.520000,10.420000,9.520000,10.410000,0.099261,14576770.000000,147066943.890000,2625947150.000000,2807753800.000000,0.057786,33.672090,2014-09-30,2014-10-24,-67.336843,10.620122,-64.733195,3.393183,6.282375
sz000019,2015-03-16,9.350000,9.500000,9.250000,9.470000,0.013919,4535896.000000,42718885.060000,2388829920.000000,2554219840.000000,0.017982,30.631570,2014-09-30,2014-10-24,-61.256465,9.661147,-58.887921,3.086786,5.715089
sz000019,2015-03-13,9.400000,9.430000,9.250000,9.340000,0.002146,3304077.000000,30806584.380000,2356037120.000000,2519156630.000000,0.013098,30.211062,2014-09-30,2014-10-24,-60.415541,9.528520,-58.079512,3.044410,5.636633
sz000019,2015-03-12,9.220000,9.470000,9.110000,9.320000,0.010846,5411913.000000,50355985.360000,2350992070.000000,2513762290.000000,0.021454,30.146368,2014-09-30,2014-10-24,-60.286167,9.508115,-57.955140,3.037891,5.624563
sz000019,2015-03-11,8.950000,9.280000,8.920000,9.220000,0.025584,5951874.000000,54404969.610000,2325766830.000000,2486790590.000000,0.023595,29.822909,2014-09-30,2014-10-24,-59.639319,9.406097,-57.333303,3.005296,5.564213
sz000019,2015-03-10,9.000000,9.110000,8.960000,8.990000,-0.002220,3583114.000000,32439449.620000,2267748790.000000,2424755690.000000,0.014204,29.078953,2014-09-30,2014-10-24,-58.151569,9.171454,-55.903079,2.930326,5.425409
sz000019,2015-03-09,8.890000,9.050000,8.830000,9.010000,0.013498,2656580.000000,23829650.120000,2272793840.000000,2430150030.000000,0.010531,29.143652,2014-09-30,2014-10-24,-58.280953,9.191860,-56.027460,2.936846,5.437481
sz000019,2015-03-06,9.010000,9.140000,8.800000,8.890000,-0.013319,2990776.000000,26643213.700000,2242523550.000000,2397783990.000000,0.011856,28.755510,2014-09-30,2014-10-24,-57.504754,9.069441,-55.281273,2.897732,5.365063
sz000019,2015-03-05,9.090000,9.090000,8.940000,9.010000,-0.010977,3375435.000000,30359582.560000,2272793840.000000,2430150030.000000,0.013381,29.143675,2014-09-30,2014-10-24,-58.280999,9.191867,-56.027504,2.936848,5.437485
sz000019,2015-03-04,8.930000,9.300000,8.920000,9.110000,0.021300,5353527.000000,48931196.180000,2298019070.000000,2457121720.000000,0.021223,29.467135,2014-09-30,2014-10-24,-58.927850,9.293886,-56.649344,2.969444,5.497835
sz000019,2015-03-03,8.920000,8.990000,8.780000,8.920000,0.000000,3664407.000000,32534185.250000,2250091120.000000,2405875500.000000,0.014527,28.852575,2014-09-30,2014-10-24,-57.698864,9.100055,-55.467878,2.907514,5.383173
sz000019,2015-03-02,8.740000,8.940000,8.730000,8.920000,0.021764,4396515.000000,38810243.490000,2250091120.000000,2405875500.000000,0.017429,28.852575,2014-09-30,2014-10-24,-57.698864,9.100055,-55.467878,2.907514,5.383173
sz000019,2015-02-27,8.790000,8.830000,8.680000,8.730000,-0.006826,3165680.000000,27692423.980000,2202163170.000000,2354629270.000000,0.012550,28.238004,2014-09-30,2014-10-24,-56.469854,8.906220,-54.286389,2.845583,5.268509
sz000019,2015-02-26,8.780000,8.840000,8.710000,8.790000,0.001139,2193481.000000,19272898.070000,2217298310.000000,2370812290.000000,0.008696,28.432081,2014-09-30,2014-10-24,-56.857966,8.967432,-54.659495,2.865140,5.304719
sz000019,2015-02-25,8.820000,8.920000,8.710000,8.780000,-0.001138,1998058.000000,17553898.240000,2214775790.000000,2368115120.000000,0.007921,28.399734,2014-09-30,2014-10-24,-56.793279,8.957229,-54.597308,2.861880,5.298684
sz000019,2015-02-17,8.780000,8.880000,8.720000,8.790000,0.000000,2197001.000000,19336014.800000,2217298310.000000,2370812290.000000,0.008710,28.432089,2014-09-30,2014-10-24,-56.857983,8.967434,-54.659511,2.865141,5.304721
sz000019,2015-02-16,8.590000,8.840000,8.540000,8.790000,0.020906,3162138.000000,27654529.700000,2217298310.000000,2370812290.000000,0.012536,28.432089,2014-09-30,2014-10-24,-56.857983,8.967434,-54.659511,2.865141,5.304721
sz000019,2015-02-13,8.680000,8.700000,8.560000,8.610000,0.000000,2857920.000000,24619651.280000,2171892890.000000,2322263230.000000,0.011330,27.849860,2014-09-30,2014-10-24,-55.693652,8.783800,-53.540199,2.806469,5.196091
sz000019,2015-02-12,8.300000,8.690000,8.300000,8.610000,0.041112,3443014.000000,29445576.960000,2171892890.000000,2322263230.000000,0.013649,27.849860,2014-09-30,2014-10-24,-55.693652,8.783800,-53.540199,2.806469,5.196091
sz000019,2015-02-11,8.270000,8.350000,8.220000,8.270000,0.002424,1163112.000000,9624843.880000,2086127080.000000,2230559460.000000,0.004611,26.750110,2014-09-30,2014-10-24,-53.494390,8.436941,-51.425975,2.695645,4.990905
sz000019,2015-02-10,8.270000,8.340000,8.100000,8.250000,-0.002418,2014354.000000,16501465.110000,2081082040.000000,2225165120.000000,0.007985,26.685424,2014-09-30,2014-10-24,-53.365033,8.416539,-51.301620,2.689127,4.978837
sz000019,2015-02-09,8.340000,8.430000,8.260000,8.270000,-0.017815,1809440.000000,15071326.380000,2086127080.000000,2230559460.000000,0.007173,26.750106,2014-09-30,2014-10-24,-53.494383,8.436940,-51.425968,2.695645,4.990905
sz000019,2015-02-06,8.510000,8.550000,8.400000,8.420000,-0.009412,2117635.000000,17939570.580000,2123964940.000000,2271017010.000000,0.008395,27.235303,2014-09-30,2014-10-24,-54.464671,8.589970,-52.358738,2.744539,5.081430
sz000019,2015-02-05,8.390000,8.550000,8.390000,8.500000,0.011905,3102493.000000,26288130.260000,2144145130.000000,2292594360.000000,0.012299,27.494077,2014-09-30,2014-10-24,-54.982163,8.671587,-52.856221,2.770616,5.129711
sz000019,2015-02-04,8.420000,8.550000,8.300000,8.400000,0.000000,2228387.000000,18815964.450000,2118919890.000000,2265622670.000000,0.008834,27.170611,2014-09-30,2014-10-24,-54.335301,8.569566,-52.234371,2.738020,5.069360
sz000019,2015-02-03,8.350000,8.480000,8.340000,8.400000,0.000000,1907623.000000,16071912.390000,2118919890.000000,2265622670.000000,0.007562,27.170611,2014-09-30,2014-10-24,-54.335301,8.569566,-52.234371,2.738020,5.069360
sz000019,2015-02-02,8.420000,8.500000,8.230000,8.400000,-0.014085,3213671.000000,26898186.610000,2118919890.000000,2265622670.000000,0.012740,27.170611,2014-09-30,2014-10-24,-54.335301,8.569566,-52.234371,2.738020,5.069360
sz000019,2015-01-30,8.320000,8.600000,8.160000,8.520000,0.026506,5281632.000000,44356343.740000,2149190180.000000,2297988700.000000,0.020938,27.558776,2014-09-30,2014-10-24,-55.111547,8.691993,-52.980603,2.777136,5.141782
sz000019,2015-01-29,8.410000,8.410000,8.250000,8.300000,-0.011905,2042077.000000,16968288.070000,2093694650.000000,2238650970.000000,0.008095,26.847165,2014-09-30,2014-10-24,-53.688481,8.467552,-51.612560,2.705426,5.009013
sz000019,2015-01-28,8.400000,8.470000,8.330000,8.400000,0.000000,1882745.000000,15833276.400000,2118919890.000000,2265622670.000000,0.007464,27.170632,2014-09-30,2014-10-24,-54.335343,8.569573,-52.234411,2.738022,5.069364
sz000019,2015-01-27,8.300000,8.490000,8.270000,8.400000,0.001192,3059384.000000,25683288.640000,2118919890.000000,2265622670.000000,0.012128,27.170632,2014-09-30,2014-10-24,-54.335343,8.569573,-52.234411,2.738022,5.069364
sz000019,2015-01-26,8.210000,8.480000,8.190000,8.390000,0.023171,2696719.000000,22465299.000000,2116397370.000000,2262925500.000000,0.010691,27.138283,2014-09-30,2014-10-24,-54.270652,8.559370,-52.172222,2.734762,5.063329
sz000019,2015-01-23,8.260000,8.300000,8.170000,8.200000,-0.007264,2096267.000000,17233721.550000,2068469420.000000,2211679270.000000,0.008310,26.523702,2014-09-30,2014-10-24,-53.041625,8.365532,-50.990716,2.672830,4.948663
sz000019,2015-01-22,8.240000,8.320000,8.180000,8.260000,0.007317,2932723.000000,24176630.760000,2083604560.000000,2227862290.000000,0.011626,26.717780,2014-09-30,2014-10-24,-53.429738,8.426744,-51.363823,2.692388,4.984873
sz000019,2015-01-21,8.130000,8.230000,8.050000,8.200000,0.021171,2701638.000000,22029344.020000,2068469420.000000,2211679270.000000,0.010710,26.523706,2014-09-30,2014-10-24,-53.041633,8.365533,-50.990723,2.672830,4.948664
sz000019,2015-01-20,7.850000,8.080000,7.800000,8.030000,0.029487,2954809.000000,23578674.690000,2025586520.000000,2165827380.000000,0.011714,25.973815,2014-09-30,2014-10-24,-51.941969,8.192099,-49.933580,2.617417,4.846068
sz000019,2015-01-19,7.640000,7.980000,7.640000,7.800000,-0.025000,1912725.000000,14978625.170000,1967568470.000000,2103792480.000000,0.007583,25.229862,2014-09-30,2014-10-24,-50.454226,7.957457,-48.503361,2.542448,4.707265
sz000019,2015-01-16,8.050000,8.060000,7.900000,8.000000,0.007557,1562459.000000,12453110.290000,2018018940.000000,2157735870.000000,0.006194,25.876781,2014-09-30,2014-10-24,-51.747924,8.161494,-49.747037,2.607639,4.827964
sz000019,2015-01-15,7.750000,8.070000,7.700000,7.940000,0.031169,3432608.000000,27197168.090000,2002883800.000000,2141552850.000000,0.013608,25.682697,2014-09-30,2014-10-24,-51.359798,8.100281,-49.373918,2.588081,4.791753
sz000019,2015-01-14,7.700000,7.750000,7.650000,7.700000,-0.002591,1630546.000000,12565324.900000,1942343230.000000,2076820780.000000,0.006464,24.906390,2014-09-30,2014-10-24,-49.807352,7.855435,-47.881500,2.509851,4.646913
sz000019,2015-01-13,7.620000,7.750000,7.560000,7.720000,0.009150,1743458.000000,13353996.680000,1947388280.000000,2082215120.000000,0.006912,24.971090,2014-09-30,2014-10-24,-49.936738,7.875841,-48.005883,2.516371,4.658984
sz000019,2015-01-12,7.850000,7.850000,7.510000,7.650000,-0.025478,2930557.000000,22374602.790000,1929730620.000000,2063334930.000000,0.011618,24.744676,2014-09-30,2014-10-24,-49.483960,7.804430,-47.570612,2.493555,4.616741
sz000019,2015-01-09,7.850000,8.060000,7.810000,7.850000,-0.005070,2389838.000000,19017000.840000,1980181090.000000,2117278320.000000,0.009474,25.391603,2014-09-30,2014-10-24,-50.777674,8.008470,-48.814303,2.558747,4.737442
sz000019,2015-01-08,7.860000,7.950000,7.800000,7.890000,0.003817,2754844.000000,21727430.440000,1990271180.000000,2128067000.000000,0.010921,25.520995,2014-09-30,2014-10-24,-51.036428,8.049280,-49.063052,2.571786,4.761583
sz000019,2015-01-07,7.900000,7.950000,7.770000,7.860000,-0.003802,2237083.000000,17565358.830000,1982703610.000000,2119975490.000000,0.008868,25.423952,2014-09-30,2014-10-24,-50.842363,8.018673,-48.876491,2.562007,4.743477
sz000019,2015-01-06,7.700000,7.900000,7.650000,7.890000,0.016753,3211000.000000,25007004.390000,1990271180.000000,2128067000.000000,0.012729,25.520982,2014-09-30,2014-10-24,-51.036404,8.049276,-49.063029,2.571785,4.761581
sz000019,2015-01-05,7.690000,7.830000,7.600000,7.760000,0.009103,3596858.000000,27766077.070000,1957478380.000000,2093003800.000000,0.014259,25.100474,2014-09-30,2014-10-24,-50.195479,7.916648,-48.254619,2.529409,4.683124
sz000019,2014-12-31,7.620000,7.760000,7.580000,7.690000,-0.006460,3220460.000000,24631808.620000,1939820710.000000,2074123610.000000,0.012767,24.874046,2014-09-30,2014-10-24,-49.742671,7.845233,-47.819320,2.506592,4.640878
sz000019,2014-12-30,7.850000,7.950000,7.720000,7.740000,-0.014013,2056098.000000,16077206.230000,1952433330.000000,2087609460.000000,0.008151,25.035777,2014-09-30,2014-10-24,-50.066098,7.896243,-48.130241,2.522890,4.671053
sz000019,2014-12-29,7.770000,7.960000,7.770000,7.850000,0.010296,3168911.000000,24872629.010000,1980181090.000000,2117278320.000000,0.012562,25.391589,2014-09-30,2014-10-24,-50.777645,8.008466,-48.814275,2.558745,4.737439
sz000019,2014-12-26,7.800000,7.840000,7.700000,7.770000,-0.007663,3062748.000000,23768577.590000,1960000900.000000,2095700970.000000,0.012142,25.132822,2014-09-30,2014-10-24,-50.260167,7.926851,-48.316806,2.532669,4.689160
sz000019,2014-12-25,7.820000,7.930000,7.720000,7.830000,0.002561,1818624.000000,14254767.410000,1975136040.000000,2111883980.000000,0.007210,25.326902,2014-09-30,2014-10-24,-50.648284,7.988063,-48.689916,2.552227,4.725370
sz000019,2014-12-24,7.630000,7.850000,7.630000,7.810000,0.023591,2617558.000000,20218913.330000,1970090990.000000,2106489650.000000,0.010377,25.262205,2014-09-30,2014-10-24,-50.518905,7.967658,-48.565540,2.545707,4.713299
sz000019,2014-12-23,7.700000,7.820000,7.600000,7.630000,-0.006510,2369169.000000,18278530.600000,1924685570.000000,2057940590.000000,0.009392,24.679980,2014-09-30,2014-10-24,-49.354582,7.784025,-47.446236,2.487036,4.604670
sz000019,2014-12-22,8.240000,8.250000,7.550000,7.680000,-0.073583,4845253.000000,37997182.370000,1937298190.000000,2071426440.000000,0.019208,24.841699,2014-09-30,2014-10-24,-49.677985,7.835031,-47.757135,2.503332,4.634843
sz000019,2014-12-19,8.420000,8.500000,8.200000,8.290000,-0.014269,2764625.000000,23045052.220000,2091172130.000000,2235953800.000000,0.010960,26.814814,2014-09-30,2014-10-24,-53.623784,8.457348,-51.550365,2.702166,5.002977
sz000019,2014-12-18,8.410000,8.550000,8.370000,8.410000,-0.011751,3763370.000000,31688305.200000,2121442410.000000,2268319840.000000,0.014919,27.202973,2014-09-30,2014-10-24,-54.400018,8.579773,-52.296585,2.741281,5.075398
sz000019,2014-12-17,8.600000,8.670000,8.420000,8.510000,-0.008159,3130043.000000,26654732.800000,2146667650.000000,2295291530.000000,0.012408,27.526436,2014-09-30,2014-10-24,-55.046874,8.681793,-52.918430,2.773877,5.135748
sz000019,2014-12-16,8.760000,8.760000,8.550000,8.580000,-0.011521,2837175.000000,24427757.250000,2164325320.000000,2314171720.000000,0.011247,27.752872,2014-09-30,2014-10-24,-55.499696,8.753210,-53.353743,2.796695,5.177996
sz000019,2014-12-15,8.590000,8.750000,8.540000,8.680000,0.009302,3157564.000000,27377748.180000,2189550550.000000,2341143420.000000,0.012517,28.076339,2014-09-30,2014-10-24,-56.146560,8.855231,-53.975596,2.829291,5.238347
sz000019,2014-12-12,8.530000,8.680000,8.320000,8.600000,0.005848,3730989.000000,31945897.510000,2169370360.000000,2319566060.000000,0.014791,27.817580,2014-09-30,2014-10-24,-55.629098,8.773619,-53.478142,2.803216,5.190069
sz000019,2014-12-11,8.310000,8.590000,8.160000,8.550000,0.030120,4179606.000000,35228487.010000,2156757750.000000,2306080210.000000,0.016569,27.655849,2014-09-30,2014-10-24,-55.305671,8.722609,-53.167220,2.786918,5.159894
sz000019,2014-12-10,8.100000,8.330000,8.050000,8.300000,0.019656,2563202.000000,21122080.390000,2093694650.000000,2238650970.000000,0.010161,26.847211,2014-09-30,2014-10-24,-53.688571,8.467566,-51.612647,2.705430,5.009022
sz000019,2014-12-09,8.520000,8.520000,8.140000,8.140000,-0.047953,6596182.000000,54385621.120000,2053334280.000000,2195496250.000000,0.026149,26.329675,2014-09-30,2014-10-24,-52.653612,8.304336,-50.617706,2.653278,4.912463
sz000019,2014-12-08,8.540000,8.680000,8.450000,8.550000,-0.026196,6500079.000000,55442229.490000,2156757750.000000,2306080210.000000,0.025768,27.655856,2014-09-30,2014-10-24,-55.305685,8.722612,-53.167234,2.786919,5.159895
sz000019,2014-12-05,9.190000,9.230000,8.600000,8.780000,-0.043573,6280145.000000,55641585.630000,2214775790.000000,2368115120.000000,0.024896,28.399817,2014-09-30,2014-10-24,-56.793446,8.957256,-54.597469,2.861889,5.298700
sz000019,2014-12-04,9.000000,9.620000,8.960000,9.180000,0.047945,11968913.000000,110553696.140000,2315676740.000000,2476001910.000000,0.047448,29.693659,2014-09-30,2014-10-24,-59.380848,9.365331,-57.084827,2.992271,5.540098
sz000019,2014-12-03,8.770000,8.780000,8.530000,8.760000,-0.001140,4995384.000000,43192456.770000,2209730740.000000,2362720780.000000,0.019803,28.335131,2014-09-30,2014-10-24,-56.664088,8.936854,-54.473113,2.855370,5.286631
sz000019,2014-12-02,8.690000,8.850000,8.630000,8.770000,0.003432,2986535.000000,26194364.160000,2212253270.000000,2365417950.000000,0.011839,28.367470,2014-09-30,2014-10-24,-56.728759,8.947054,-54.535283,2.858629,5.292665
sz000019,2014-12-01,8.910000,8.920000,8.600000,8.740000,-0.017978,4230743.000000,36771999.170000,2204685700.000000,2357326440.000000,0.016772,28.270446,2014-09-30,2014-10-24,-56.534732,8.916452,-54.348758,2.848852,5.274562
sz000019,2014-11-28,8.850000,9.150000,8.740000,8.900000,0.005650,5498616.000000,49132515.820000,2245046080.000000,2400481160.000000,0.021798,28.787997,2014-09-30,2014-10-24,-57.569720,9.079687,-55.343728,2.901006,5.371124
sz000019,2014-11-27,8.680000,8.930000,8.680000,8.850000,0.019585,5111385.000000,45051974.300000,2232433460.000000,2386995310.000000,0.020263,28.626258,2014-09-30,2014-10-24,-57.246279,9.028675,-55.032793,2.884708,5.340948
sz000019,2014-11-26,8.650000,8.740000,8.580000,8.680000,0.003468,2264186.000000,19574205.590000,2189550550.000000,2341143420.000000,0.008976,28.076382,2014-09-30,2014-10-24,-56.146647,8.855245,-53.975679,2.829296,5.238355
sz000019,2014-11-25,8.610000,8.720000,8.530000,8.650000,0.005814,2365393.000000,20447276.400000,2181982980.000000,2333051910.000000,0.009377,27.979350,2014-09-30,2014-10-24,-55.952603,8.824641,-53.789138,2.819518,5.220251
sz000019,2014-11-24,8.660000,8.720000,8.510000,8.600000,-0.005780,3603106.000000,31086180.450000,2169370360.000000,2319566060.000000,0.014284,27.817618,2014-09-30,2014-10-24,-55.629175,8.773631,-53.478216,2.803220,5.190076
sz000019,2014-11-21,8.330000,8.770000,8.270000,8.650000,0.043426,4974570.000000,42349146.180000,2181982980.000000,2333051910.000000,0.019721,27.979339,2014-09-30,2014-10-24,-55.952581,8.824638,-53.789117,2.819517,5.220249
sz000019,2014-11-20,8.350000,8.370000,8.260000,8.290000,-0.009558,1181606.000000,9816012.160000,2091172130.000000,2235953800.000000,0.004684,26.814876,2014-09-30,2014-10-24,-53.623909,8.457368,-51.550486,2.702172,5.002989
sz000019,2014-11-19,8.350000,8.410000,8.260000,8.370000,0.001196,2386522.000000,19889253.590000,2111352320.000000,2257531160.000000,0.009461,27.073646,2014-09-30,2014-10-24,-54.141393,8.538984,-52.047960,2.728249,5.051269
sz000019,2014-11-18,8.280000,8.380000,8.190000,8.360000,0.010883,1638955.000000,13630270.800000,2108829800.000000,2254833990.000000,0.006497,27.041305,2014-09-30,2014-10-24,-54.076717,8.528783,-51.985785,2.724990,5.045235
sz000019,2014-11-17,8.190000,8.320000,8.170000,8.270000,-0.002413,2021957.000000,16690978.730000,2086127080.000000,2230559460.000000,0.008016,26.750182,2014-09-30,2014-10-24,-53.494536,8.436964,-51.426115,2.695653,4.990919
sz000019,2014-11-14,8.150000,8.330000,8.010000,8.290000,0.012210,2667444.000000,21789977.020000,2091172130.000000,2235953800.000000,0.010575,26.814887,2014-09-30,2014-10-24,-53.623930,8.457371,-51.550506,2.702173,5.002991
sz000019,2014-11-13,8.500000,8.530000,8.000000,8.190000,-0.029621,2718465.000000,22465868.830000,2065946890.000000,2208982100.000000,0.010777,26.491426,2014-09-30,2014-10-24,-52.977080,8.355353,-50.928667,2.669578,4.942641
sz000019,2014-11-12,8.350000,8.460000,8.310000,8.440000,0.011990,2009505.000000,16842051.940000,2129009990.000000,2276411340.000000,0.007966,27.300082,2014-09-30,2014-10-24,-54.594216,8.610401,-52.483274,2.751067,5.093516
sz000019,2014-11-11,8.820000,8.880000,8.220000,8.340000,-0.054422,3878119.000000,33271773.840000,2103784750.000000,2249439650.000000,0.015374,26.976632,2014-09-30,2014-10-24,-53.947386,8.508386,-51.861455,2.718472,5.033169
sz000019,2014-11-10,8.630000,8.920000,8.530000,8.820000,0.018476,3354769.000000,29474299.810000,2224865890.000000,2378903800.000000,0.013299,28.529251,2014-09-30,2014-10-24,-57.052286,8.998079,-54.846301,2.874932,5.322849
sz000019,2014-11-07,8.820000,8.840000,8.640000,8.660000,-0.017026,2703810.000000,23600128.530000,2184505510.000000,2335749080.000000,0.010719,28.011707,2014-09-30,2014-10-24,-56.017310,8.834846,-53.851343,2.822778,5.226288
sz000019,2014-11-06,8.730000,8.880000,8.700000,8.810000,0.004561,2523169.000000,22189177.240000,2222343360.000000,2376206630.000000,0.010003,28.496895,2014-09-30,2014-10-24,-56.987581,8.987874,-54.784097,2.871671,5.316812
sz000019,2014-11-05,8.700000,8.830000,8.590000,8.770000,0.005734,3138163.000000,27352160.290000,2212253270.000000,2365417950.000000,0.012441,28.367511,2014-09-30,2014-10-24,-56.728840,8.947066,-54.535361,2.858633,5.292672
sz000019,2014-11-04,8.720000,8.750000,8.650000,8.720000,0.000000,3021973.000000,26284235.300000,2199640650.000000,2351932100.000000,0.011980,28.205779,2014-09-30,2014-10-24,-56.405412,8.896056,-54.224438,2.842335,5.262497
sz000019,2014-11-03,8.790000,8.810000,8.610000,8.720000,-0.014689,5976576.000000,51922568.890000,2199640650.000000,2351932100.000000,0.023693,28.205779,2014-09-30,2014-10-24,-56.405412,8.896056,-54.224438,2.842335,5.262497
sz000019,2014-10-31,8.620000,8.950000,8.620000,8.850000,0.027875,7548874.000000,66526282.090000,2232433460.000000,2386995310.000000,0.029926,28.626270,2014-09-30,2014-10-24,-57.246303,9.028679,-55.032816,2.884709,5.340950
sz000019,2014-10-30,8.700000,8.730000,8.550000,8.610000,-0.010345,2512698.000000,21719484.510000,2171892890.000000,2322263230.000000,0.009961,27.849953,2014-09-30,2014-10-24,-55.693837,8.783829,-53.540377,2.806478,5.196109
sz000019,2014-10-29,8.500000,8.730000,8.500000,8.700000,0.023529,4699013.000000,40580293.800000,2194595600.000000,2346537760.000000,0.018628,28.141072,2014-09-30,2014-10-24,-56.276012,8.875648,-54.100042,2.835815,5.250424
sz000019,2014-10-28,8.350000,8.550000,8.350000,8.500000,0.024096,2810021.000000,23786487.690000,2144145130.000000,2292594360.000000,0.011140,27.494162,2014-09-30,2014-10-24,-54.982333,8.671614,-52.856385,2.770625,5.129727
sz000019,2014-10-27,8.250000,8.360000,8.250000,8.300000,0.009732,1792553.000000,14887130.780000,2093694650.000000,2238650970.000000,0.007106,26.847251,2014-09-30,2014-10-24,-53.688651,8.467579,-51.612724,2.705434,5.009029
sz000019,2014-10-24,8.400000,8.480000,8.200000,8.220000,-0.022592,1996221.000000,16646588.500000,2073514460.000000,2217073610.000000,0.007914,26.588491,2014-09-30,2014-10-24,-53.171189,8.385967,-51.115271,2.679359,4.960751
sz000019,2014-10-23,8.530000,8.540000,8.360000,8.410000,-0.019814,1687921.000000,14257115.100000,2121442410.000000,2268319840.000000,0.006691,27.203063,2014-06-30,2014-08-19,70.073864,6.870566,151.605014,2.710517,5.075415
sz000019,2014-10-22,8.560000,8.760000,8.490000,8.580000,0.011792,3794121.000000,32762685.310000,2164325320.000000,2314171720.000000,0.015041,27.752960,2014-06-30,2014-08-19,71.490375,7.009451,154.669638,2.765309,5.178012
sz000019,2014-10-21,8.610000,8.640000,8.480000,8.480000,-0.021915,3206448.000000,27412408.090000,2139100080.000000,2287200020.000000,0.012711,27.429511,2014-06-30,2014-08-19,70.657185,6.927759,152.867030,2.733081,5.117665
sz000019,2014-10-20,8.800000,8.800000,8.420000,8.670000,0.008140,4260037.000000,36605813.260000,2187028030.000000,2338446250.000000,0.016888,28.044098,2014-06-30,2014-08-19,72.240332,7.082983,156.292173,2.794318,5.232331
sz000019,2014-10-17,9.190000,9.260000,8.520000,8.600000,-0.064200,6065335.000000,53201292.110000,2169370360.000000,2319566060.000000,0.024045,27.817662,2014-06-30,2014-08-19,71.657044,7.025793,155.030227,2.771756,5.190084
sz000019,2014-10-16,9.270000,9.380000,9.180000,9.190000,-0.010764,2204541.000000,20514673.450000,2318199260.000000,2478699080.000000,0.008739,29.726076,2014-06-30,2014-08-19,76.573032,7.507793,165.665983,2.961911,5.546147
sz000019,2014-10-15,9.260000,9.400000,9.180000,9.290000,0.000000,2379267.000000,22029876.150000,2343424500.000000,2505670780.000000,0.009432,30.049529,2014-06-30,2014-08-19,77.406233,7.589486,167.468615,2.994140,5.606495
sz000019,2014-10-14,9.350000,9.510000,9.280000,9.290000,-0.013800,2798789.000000,26192483.430000,2343424500.000000,2505670780.000000,0.011095,30.049529,2014-06-30,2014-08-19,77.406233,7.589486,167.468615,2.994140,5.606495
sz000019,2014-10-13,9.530000,9.540000,9.180000,9.420000,-0.016701,3404204.000000,31975244.130000,2376217310.000000,2540733990.000000,0.013495,30.470016,2014-06-30,2014-08-19,78.489387,7.695687,169.812021,3.036037,5.684947
sz000019,2014-10-10,9.400000,9.680000,9.350000,9.580000,0.013757,4949646.000000,47320797.720000,2416577690.000000,2583888710.000000,0.019622,30.987538,2014-06-30,2014-08-19,79.822502,7.826395,172.696220,3.087603,5.781504
sz000019,2014-10-09,9.550000,9.560000,9.290000,9.450000,-0.008395,5375107.000000,50861900.270000,2383784880.000000,2548825500.000000,0.021308,30.567028,2014-06-30,2014-08-19,78.739286,7.720189,170.352679,3.045703,5.703047
sz000019,2014-10-08,9.570000,9.680000,9.450000,9.530000,-0.004180,5306383.000000,50660812.260000,2403965070.000000,2570402860.000000,0.021036,30.825810,2014-06-30,2014-08-19,79.405898,7.785548,171.794897,3.071489,5.751330
sz000019,2014-09-30,9.890000,9.940000,9.460000,9.570000,-0.023469,5416743.000000,52232855.890000,2414055160.000000,2581191540.000000,0.021474,30.955203,2014-06-30,2014-08-19,79.739208,7.818229,172.516014,3.084381,5.775471
sz000019,2014-09-29,9.420000,9.800000,9.410000,9.800000,0.041445,6594929.000000,63724562.070000,2472073210.000000,2643226440.000000,0.026144,31.699151,2014-06-30,2014-08-19,81.655583,8.006124,176.662096,3.158508,5.914273
sz000019,2014-09-26,9.140000,9.790000,9.140000,9.410000,0.029540,7170113.000000,67970389.570000,2373694780.000000,2538036820.000000,0.028424,30.437662,2014-06-30,2014-08-19,78.406045,7.687515,169.631710,3.032813,5.678911
sz000019,2014-09-25,8.820000,9.160000,8.820000,9.140000,0.028121,4239486.000000,38375093.210000,2305586640.000000,2465213230.000000,0.016807,29.564331,2014-06-30,2014-08-19,76.156385,7.466942,164.764565,2.945795,5.515969
sz000019,2014-09-24,8.800000,9.020000,8.630000,8.890000,0.009081,4876481.000000,43196709.200000,2242523550.000000,2397783990.000000,0.019332,28.755693,2014-06-30,2014-08-19,74.073368,7.262707,160.257951,2.865222,5.365097
sz000019,2014-09-23,8.770000,8.850000,8.510000,8.810000,0.004561,4088473.000000,35629883.370000,2222343360.000000,2376206630.000000,0.016208,28.496912,2014-06-30,2014-08-19,73.406761,7.197348,158.815745,2.839437,5.316815
sz000019,2014-09-22,8.940000,8.980000,8.750000,8.770000,-0.021205,2124685.000000,18782921.610000,2212253270.000000,2365417950.000000,0.008423,28.367528,2014-06-30,2014-08-19,73.073473,7.164670,158.094676,2.826545,5.292675
sz000019,2014-09-19,8.950000,9.120000,8.850000,8.960000,0.001117,2780050.000000,24965662.850000,2260181220.000000,2416664180.000000,0.011021,28.982093,2014-06-30,2014-08-19,74.656565,7.319888,161.519701,2.887780,5.407338
sz000019,2014-09-18,9.030000,9.050000,8.770000,8.950000,-0.007761,4633019.000000,41274240.910000,2257658690.000000,2413967010.000000,0.018367,28.949756,2014-06-30,2014-08-19,74.573267,7.311721,161.339485,2.884558,5.401305
sz000019,2014-09-17,8.880000,9.060000,8.740000,9.020000,0.013483,3667740.000000,32748426.830000,2275316360.000000,2432847200.000000,0.014540,29.176193,2014-06-30,2014-08-19,75.156557,7.368911,162.601434,2.907120,5.443552
sz000019,2014-09-16,9.180000,9.720000,8.800000,8.900000,-0.030501,9908480.000000,91939655.040000,2245046080.000000,2400481160.000000,0.039280,28.788043,2014-06-30,2014-08-19,74.156702,7.270878,160.438245,2.868445,5.371133
sz000019,2014-09-15,9.060000,9.190000,9.000000,9.180000,0.013245,3150244.000000,28667177.910000,2315676740.000000,2476001910.000000,0.012488,29.693732,2014-06-30,2014-08-19,76.489715,7.499624,165.485726,2.958688,5.540112
sz000019,2014-09-12,8.920000,9.060000,8.850000,9.060000,0.007786,3063706.000000,27445195.640000,2285406450.000000,2443635880.000000,0.012145,29.305580,2014-06-30,2014-08-19,75.489852,7.401590,163.322519,2.920013,5.467692
sz000019,2014-09-11,8.800000,9.060000,8.710000,8.990000,0.019274,5732276.000000,51150764.870000,2267748790.000000,2424755690.000000,0.022724,29.079169,2014-06-30,2014-08-19,74.906629,7.344406,162.060714,2.897453,5.425450
sz000019,2014-09-10,8.700000,8.860000,8.640000,8.820000,0.005701,3053957.000000,26745266.940000,2224865890.000000,2378903800.000000,0.012107,28.529295,2014-06-30,2014-08-19,73.490179,7.205527,158.996221,2.842663,5.322857
sz000019,2014-09-09,8.590000,8.940000,8.440000,8.770000,0.015046,5088690.000000,44334365.000000,2212253270.000000,2365417950.000000,0.020173,28.367572,2014-06-30,2014-08-19,73.073587,7.164681,158.094922,2.826549,5.292683
sz000019,2014-09-05,8.570000,8.650000,8.470000,8.640000,0.008168,2735149.000000,23419725.820000,2179460460.000000,2330354740.000000,0.010843,27.947080,2014-06-30,2014-08-19,71.990419,7.058479,155.751485,2.784651,5.214230
sz000019,2014-09-04,8.550000,8.580000,8.410000,8.570000,0.001168,4420415.000000,37617114.940000,2161802790.000000,2311474550.000000,0.017524,27.720658,2014-06-30,2014-08-19,71.407165,7.001293,154.489614,2.762091,5.171985
sz000019,2014-09-03,8.610000,8.750000,8.450000,8.560000,-0.003492,5282314.000000,45297850.090000,2159280270.000000,2308777380.000000,0.020941,27.688318,2014-06-30,2014-08-19,71.323859,6.993125,154.309380,2.758868,5.165952
sz000019,2014-09-02,8.210000,8.650000,8.190000,8.590000,0.041212,6875653.000000,58493794.070000,2166847840.000000,2316868890.000000,0.027257,27.785344,2014-06-30,2014-08-19,71.573795,7.017630,154.850117,2.768536,5.184054
sz000019,2014-09-01,7.970000,8.370000,7.840000,8.250000,0.035132,5655845.000000,46063868.970000,2081082040.000000,2225165120.000000,0.022421,26.685578,2014-06-30,2014-08-19,68.740847,6.739867,148.721026,2.658955,4.978865
sz000019,2014-08-29,7.990000,8.220000,7.840000,7.970000,-0.013614,4755700.000000,37949932.550000,2010451370.000000,2149644360.000000,0.018853,25.779880,2014-06-30,2014-08-19,66.407808,6.511118,143.673489,2.568711,4.809884
sz000019,2014-08-28,7.600000,8.080000,7.600000,8.080000,0.053455,6491814.000000,51172919.590000,2038199130.000000,2179313230.000000,0.025735,26.135691,2014-06-30,2014-08-19,67.324362,6.600984,145.656456,2.604164,4.876270
sz000019,2014-08-27,7.630000,7.750000,7.470000,7.670000,0.006562,2700193.000000,20614615.760000,1934775660.000000,2068729270.000000,0.010704,24.809499,2014-06-30,2014-08-19,63.908151,6.266033,138.265475,2.472022,4.628836
sz000019,2014-08-26,7.760000,7.870000,7.520000,7.620000,-0.029299,3791723.000000,29250512.190000,1922163040.000000,2055243420.000000,0.015031,24.647760,2014-06-30,2014-08-19,63.491520,6.225184,137.364092,2.455907,4.598659
sz000019,2014-08-25,7.500000,8.000000,7.450000,7.850000,0.043883,7658461.000000,59895976.640000,1980181090.000000,2117278320.000000,0.030360,25.391712,2014-06-30,2014-08-19,65.407906,6.413080,141.510199,2.530034,4.737462
sz000019,2014-08-22,7.410000,7.520000,7.380000,7.520000,0.008043,2986202.000000,22261599.320000,1896937810.000000,2028271720.000000,0.011838,24.324289,2014-06-30,2014-08-19,62.658273,6.143486,135.561360,2.423676,4.538308
sz000019,2014-08-21,7.560000,7.580000,7.360000,7.460000,-0.011921,3106107.000000,23173454.330000,1881802670.000000,2012088700.000000,0.012313,24.130210,2014-06-30,2014-08-19,62.158334,6.094468,134.479740,2.404338,4.502097
sz000019,2014-08-20,7.550000,7.600000,7.500000,7.550000,-0.001323,2783126.000000,21034992.660000,1904505380.000000,2036363230.000000,0.011033,24.421337,2014-06-30,2014-08-19,62.908263,6.167997,136.102214,2.433346,4.556414
sz000019,2014-08-19,7.650000,7.650000,7.500000,7.560000,-0.011765,3012830.000000,22800819.890000,1907027900.000000,2039060400.000000,0.011944,24.453689,2014-06-30,2014-08-19,62.991601,6.176168,136.282516,2.436569,4.562450
sz000019,2014-08-18,7.530000,7.710000,7.460000,7.650000,0.017287,3794732.000000,28832580.070000,1929730620.000000,2063334930.000000,0.015043,24.744812,2014-03-31,2014-04-22,63.236470,5.840815,669.977987,2.420877,4.616767
sz000019,2014-08-15,7.360000,7.560000,7.360000,7.520000,0.024523,3842744.000000,28770073.630000,1896937810.000000,2028271720.000000,0.015234,24.324317,2014-03-31,2014-04-22,62.161878,5.741561,658.592892,2.379739,4.538313
sz000019,2014-08-14,7.390000,7.450000,7.320000,7.340000,-0.006766,2098497.000000,15493204.100000,1851532380.000000,1979722660.000000,0.008319,23.742090,2014-03-31,2014-04-22,60.673970,5.604131,642.828801,2.322777,4.429684
sz000019,2014-08-13,7.470000,7.500000,7.280000,7.390000,-0.010710,3154264.000000,23253011.160000,1864145000.000000,1993208510.000000,0.012504,23.903823,2014-03-31,2014-04-22,61.087287,5.642307,647.207809,2.338600,4.459859
sz000019,2014-08-12,7.420000,7.580000,7.330000,7.470000,0.002685,2968098.000000,22145525.280000,1884325190.000000,2014785870.000000,0.011766,24.162605,2014-03-31,2014-04-22,61.748614,5.703390,654.214446,2.363918,4.508141
sz000019,2014-08-11,7.260000,7.480000,7.180000,7.450000,0.026171,4468097.000000,32913409.840000,1879280140.000000,2009391530.000000,0.017713,24.097902,2014-03-31,2014-04-22,61.583263,5.688117,652.462584,2.357587,4.496069
sz000019,2014-08-08,7.210000,7.280000,7.100000,7.260000,0.001379,2771034.000000,19947289.060000,1831352190.000000,1958145300.000000,0.010985,23.483320,2014-03-31,2014-04-22,60.012672,5.543050,635.822474,2.297461,4.381404
sz000019,2014-08-07,7.300000,7.480000,7.080000,7.250000,-0.013605,6814490.000000,49674180.520000,1828829670.000000,1955448130.000000,0.027015,23.450981,2014-03-31,2014-04-22,59.930028,5.535417,634.946882,2.294297,4.375370
sz000019,2014-08-06,7.290000,7.640000,7.290000,7.350000,0.030856,10860851.000000,80652920.420000,1854054900.000000,1982419830.000000,0.043055,23.774432,2014-03-31,2014-04-22,60.756622,5.611765,643.704482,2.325941,4.435718
sz000019,2014-08-05,7.090000,7.210000,7.060000,7.130000,0.000000,2073814.000000,14781038.270000,1798559380.000000,1923082100.000000,0.008221,23.062806,2014-03-31,2014-04-22,58.938030,5.443791,624.436858,2.256320,4.302946
sz000019,2014-08-04,6.990000,7.150000,6.920000,7.130000,0.018571,2814711.000000,19907200.600000,1798559380.000000,1923082100.000000,0.011158,23.062806,2014-03-31,2014-04-22,58.938030,5.443791,624.436858,2.256320,4.302946
sz000019,2014-08-01,6.840000,7.060000,6.820000,7.000000,0.023392,4737621.000000,33105417.790000,1765766580.000000,1888018890.000000,0.018781,22.642316,2014-03-31,2014-04-22,57.863448,5.344538,613.051872,2.215182,4.224493
sz000019,2014-07-31,6.780000,6.860000,6.760000,6.840000,0.008850,1751674.000000,11945180.100000,1725406200.000000,1844864170.000000,0.006944,22.124773,2014-03-31,2014-04-22,56.540845,5.222376,599.039148,2.164549,4.127932
sz000019,2014-07-30,6.800000,6.840000,6.760000,6.780000,-0.005865,1690340.000000,11484064.400000,1710271060.000000,1828681150.000000,0.006701,21.930687,2014-03-31,2014-04-22,56.044848,5.176563,593.784158,2.145561,4.091721
sz000019,2014-07-29,6.780000,6.890000,6.770000,6.820000,0.005900,2340880.000000,15977471.400000,1720361150.000000,1839469830.000000,0.009280,22.060069,2014-03-31,2014-04-22,56.375490,5.207103,597.287248,2.158219,4.115860
sz000019,2014-07-28,6.690000,6.790000,6.670000,6.780000,0.013453,2668501.000000,18004713.430000,1710271060.000000,1828681150.000000,0.010579,21.930678,2014-03-31,2014-04-22,56.044825,5.176561,593.783923,2.145560,4.091719
sz000019,2014-07-25,6.640000,6.710000,6.600000,6.690000,0.004505,1880806.000000,12523691.980000,1687568340.000000,1804406620.000000,0.007456,21.639561,2014-03-31,2014-04-22,55.300863,5.107845,585.901786,2.117079,4.037404
sz000019,2014-07-24,6.660000,6.710000,6.590000,6.660000,-0.001499,1499662.000000,9993801.420000,1680000770.000000,1796315110.000000,0.005945,21.542512,2014-03-31,2014-04-22,55.052850,5.084938,583.274136,2.107584,4.019297
sz000019,2014-07-23,6.640000,6.710000,6.560000,6.670000,0.004518,1311222.000000,8712767.620000,1682523290.000000,1799012280.000000,0.005198,21.574853,2014-03-31,2014-04-22,55.135498,5.092572,584.149777,2.110748,4.025331
sz000019,2014-07-22,6.630000,6.680000,6.560000,6.640000,0.004539,1071410.000000,7109071.390000,1674955720.000000,1790920770.000000,0.004247,21.477816,2014-03-31,2014-04-22,54.887516,5.069667,581.522458,2.101255,4.007226
sz000019,2014-07-21,6.590000,6.630000,6.540000,6.610000,-0.001511,787636.000000,5191557.420000,1667388150.000000,1782829260.000000,0.003122,21.380769,2014-03-31,2014-04-22,54.639507,5.046760,578.894854,2.091760,3.989120
sz000019,2014-07-18,6.510000,6.650000,6.500000,6.620000,0.009146,1141425.000000,7535408.250000,1669910680.000000,1785526430.000000,0.004525,21.413124,2014-03-31,2014-04-22,54.722193,5.054397,579.770888,2.094926,3.995156
sz000019,2014-07-17,6.600000,6.630000,6.540000,6.560000,-0.007564,1027717.000000,6750220.100000,1654775530.000000,1769343420.000000,0.004074,21.219054,2014-03-31,2014-04-22,54.226239,5.008588,574.516362,2.075939,3.958948
sz000019,2014-07-16,6.720000,6.720000,6.580000,6.610000,-0.016369,1522100.000000,10125040.400000,1667388150.000000,1782829260.000000,0.006034,21.380778,2014-03-31,2014-04-22,54.639533,5.046762,578.895124,2.091761,3.989122
sz000019,2014-07-15,6.700000,6.790000,6.680000,6.720000,-0.002967,1519979.000000,10230180.850000,1695135910.000000,1812498130.000000,0.006026,21.736585,2014-03-31,2014-04-22,55.548811,5.130747,588.528751,2.126571,4.055506
sz000019,2014-07-14,6.760000,6.770000,6.630000,6.740000,-0.001481,2327322.000000,15585234.090000,1700180960.000000,1817892470.000000,0.009226,21.801269,2014-03-31,2014-04-22,55.714115,5.146015,590.280113,2.132899,4.067575
sz000019,2014-07-11,6.690000,6.820000,6.660000,6.750000,0.007463,2553952.000000,17267982.330000,1702703480.000000,1820589640.000000,0.010125,21.833605,2014-03-31,2014-04-22,55.796750,5.153648,591.155614,2.136063,4.073608
sz000019,2014-07-10,6.570000,6.700000,6.520000,6.700000,0.021341,2192451.000000,14542878.290000,1690090870.000000,1807103790.000000,0.008691,21.671867,2014-03-31,2014-04-22,55.383424,5.115471,586.776501,2.120239,4.043432
sz000019,2014-07-09,6.600000,6.660000,6.520000,6.560000,-0.006061,1578740.000000,10402834.700000,1654775530.000000,1769343420.000000,0.006259,21.219032,2014-03-31,2014-04-22,54.226183,5.008583,574.515760,2.075937,3.958944
sz000019,2014-07-08,6.570000,6.620000,6.520000,6.600000,0.007634,1292726.000000,8498897.520000,1664865630.000000,1780132090.000000,0.005125,21.348425,2014-03-31,2014-04-22,54.556852,5.039125,578.019134,2.088596,3.983085
sz000019,2014-07-07,6.580000,6.580000,6.470000,6.550000,-0.003044,1406941.000000,9177862.750000,1652253010.000000,1766646250.000000,0.005578,21.186686,2014-03-31,2014-04-22,54.143520,5.000948,573.639967,2.072772,3.952909
sz000019,2014-07-04,6.530000,6.610000,6.460000,6.570000,0.001524,1556796.000000,10191801.050000,1598303550.000000,1772040580.000000,0.006399,21.251375,2014-03-31,2014-04-22,54.308836,5.016217,575.391458,2.079101,3.964978
sz000019,2014-07-03,6.590000,6.640000,6.520000,6.560000,-0.003040,2313745.000000,15217504.080000,1595870820.000000,1769343420.000000,0.009511,21.219037,2014-03-31,2014-04-22,54.226196,5.008584,574.515896,2.075937,3.958945
sz000019,2014-07-02,6.600000,6.630000,6.530000,6.580000,-0.007541,1411667.000000,9272358.840000,1600736280.000000,1774737750.000000,0.005803,21.283740,2014-03-31,2014-04-22,54.391546,5.023857,576.267750,2.082267,3.971017
sz000019,2014-07-01,6.620000,6.650000,6.520000,6.630000,0.001511,1827881.000000,12040567.600000,1612899930.000000,1788223600.000000,0.007514,21.445460,2014-03-31,2014-04-22,54.804829,5.062029,580.646404,2.098089,4.001190
sz000019,2014-06-30,6.580000,6.670000,6.500000,6.620000,0.003030,2806864.000000,18457561.090000,1610467200.000000,1785526430.000000,0.011538,21.413105,2014-03-31,2014-04-22,54.722144,5.054392,579.770371,2.094924,3.995153
sz000019,2014-06-27,6.620000,6.710000,6.570000,6.600000,-0.001513,2072902.000000,13755700.600000,1605601740.000000,1780132090.000000,0.008521,21.348419,2014-03-31,2014-04-22,54.556837,5.039124,578.018974,2.088595,3.983084
sz000019,2014-06-26,6.540000,6.640000,6.480000,6.610000,0.013804,2188541.000000,14399248.310000,1608034470.000000,1782829260.000000,0.008996,21.380768,2014-03-31,2014-04-22,54.639506,5.046759,578.894842,2.091760,3.989120
sz000019,2014-06-25,6.500000,6.580000,6.400000,6.520000,-0.001531,1626495.000000,10557421.280000,1586139900.000000,1758554740.000000,0.006686,21.089647,2014-03-31,2014-04-22,53.895532,4.978043,571.012584,2.063279,3.934804
sz000019,2014-06-24,6.520000,6.580000,6.400000,6.530000,-0.010606,3449824.000000,22414040.940000,1588572630.000000,1761251910.000000,0.014181,21.121984,2014-03-31,2014-04-22,53.978173,4.985676,571.888145,2.066442,3.940837
sz000019,2014-06-23,6.440000,6.680000,6.440000,6.600000,0.023256,6626259.000000,43493095.850000,1605601740.000000,1780132090.000000,0.027238,21.348406,2014-03-31,2014-04-22,54.556802,5.039121,578.018610,2.088594,3.983082
sz000019,2014-06-20,6.250000,6.450000,6.230000,6.450000,0.022187,1806133.000000,11449387.120000,1569110790.000000,1739674550.000000,0.007424,20.863211,2014-03-31,2014-04-22,53.316865,4.924594,564.881721,2.041126,3.892556
sz000019,2014-06-19,6.400000,6.570000,6.300000,6.310000,-0.021705,5510267.000000,35556999.140000,1535052570.000000,1701914170.000000,0.022651,20.410366,2014-03-31,2014-04-22,52.159600,4.817704,552.620725,1.996822,3.808067
sz000019,2014-06-18,6.410000,6.470000,6.300000,6.450000,0.001553,1866037.000000,11925088.980000,1569110790.000000,1739674550.000000,0.007671,20.863202,2014-03-31,2014-04-22,53.316842,4.924592,564.881477,2.041125,3.892555
sz000019,2014-06-17,6.320000,6.470000,6.240000,6.440000,0.018987,2789082.000000,17798146.900000,1566678060.000000,1736977380.000000,0.011465,20.830851,2014-03-31,2014-04-22,53.234170,4.916956,564.005577,2.037960,3.886519
sz000019,2014-06-16,6.250000,6.360000,6.210000,6.320000,0.014446,1888351.000000,11919916.120000,1537485300.000000,1704611340.000000,0.007762,20.442706,2014-03-31,2014-04-22,52.242246,4.825337,553.496342,1.999986,3.814101
sz000019,2014-06-13,6.140000,6.260000,6.130000,6.230000,0.014658,1625846.000000,10073826.770000,1515590730.000000,1680336810.000000,0.006683,20.151596,2014-03-31,2014-04-22,51.498302,4.756623,545.614396,1.971506,3.759787
sz000019,2014-06-12,6.190000,6.190000,6.110000,6.140000,-0.011272,1139422.000000,6993269.330000,1493696160.000000,1656062280.000000,0.004684,19.860481,2014-03-31,2014-04-22,50.754345,4.687908,537.732316,1.943025,3.705472
sz000019,2014-06-11,6.160000,6.220000,6.130000,6.210000,0.004854,1232211.000000,7612039.950000,1510725270.000000,1674942470.000000,0.005065,20.086900,2014-03-31,2014-04-22,51.332970,4.741352,543.862737,1.965176,3.747716
sz000019,2014-06-10,6.120000,6.190000,6.060000,6.180000,0.013115,912615.000000,5597881.120000,1503427080.000000,1666850960.000000,0.003751,19.989870,2014-03-31,2014-04-22,51.085003,4.718449,541.235579,1.955683,3.729613
sz000019,2014-06-09,6.230000,6.230000,6.080000,6.100000,-0.022436,1798718.000000,11067325.050000,1483965250.000000,1645273600.000000,0.007394,19.731096,2014-03-31,2014-04-22,50.423696,4.657368,534.229164,1.930367,3.681332
sz000019,2014-06-06,6.280000,6.280000,6.200000,6.240000,-0.004785,964058.000000,6021284.560000,1518023460.000000,1683033980.000000,0.003963,20.183943,2014-03-31,2014-04-22,51.580967,4.764259,546.490218,1.974670,3.765822
sz000019,2014-06-05,6.230000,6.270000,6.180000,6.270000,0.004808,990267.000000,6171821.600000,1525321650.000000,1691125490.000000,0.004071,20.280988,2014-03-31,2014-04-22,51.828969,4.787165,549.117747,1.984165,3.783928
sz000019,2014-06-04,6.200000,6.300000,6.160000,6.240000,0.006452,1456301.000000,9094600.270000,1518023460.000000,1683033980.000000,0.005986,20.183943,2014-03-31,2014-04-22,51.580967,4.764259,546.490222,1.974670,3.765822
sz000019,2014-06-03,6.190000,6.320000,6.190000,6.200000,0.000000,1344621.000000,8408216.500000,1508292540.000000,1672245300.000000,0.005527,20.054551,2014-03-31,2014-04-22,51.250300,4.733717,542.986870,1.962011,3.741681
sz000019,2014-05-30,6.200000,6.220000,6.130000,6.200000,-0.004815,1036843.000000,6412232.060000,1508292540.000000,1672245300.000000,0.004262,20.054551,2014-03-31,2014-04-22,51.250300,4.733717,542.986870,1.962011,3.741681
sz000019,2014-05-29,6.210000,6.300000,6.190000,6.230000,0.001608,1749727.000000,10905301.280000,1515590730.000000,1680336810.000000,0.007192,20.151581,2014-03-31,2014-04-22,51.498264,4.756620,545.614002,1.971504,3.759784
sz000019,2014-05-28,6.140000,6.260000,6.100000,6.220000,0.011382,2019836.000000,12492680.140000,1513158000.000000,1677639640.000000,0.008303,20.119229,2014-03-31,2014-04-22,51.415588,4.748983,544.738063,1.968339,3.753748
sz000019,2014-05-27,6.160000,6.180000,6.090000,6.150000,-0.004854,1105576.000000,6784266.890000,1496128890.000000,1658759450.000000,0.004545,19.892810,2014-03-31,2014-04-22,50.836962,4.695539,538.607631,1.946188,3.711504
sz000019,2014-05-26,6.170000,6.190000,6.130000,6.180000,0.003247,1395785.000000,8589623.060000,1503427080.000000,1666850960.000000,0.005738,19.989840,2014-03-31,2014-04-22,51.084928,4.718442,541.234784,1.955680,3.729607
sz000019,2014-05-23,6.100000,6.190000,6.060000,6.160000,0.014827,1330428.000000,8137567.470000,1498561620.000000,1661456620.000000,0.005469,19.925143,2014-03-31,2014-04-22,50.919592,4.703171,539.483083,1.949351,3.717536
sz000019,2014-05-22,6.160000,6.230000,6.060000,6.070000,-0.014610,1870135.000000,11514351.510000,1476667060.000000,1637182090.000000,0.007687,19.634030,2014-03-31,2014-04-22,50.175638,4.634456,531.601034,1.920870,3.663222
sz000019,2014-05-21,6.120000,6.160000,6.060000,6.160000,0.006536,1123652.000000,6885350.540000,1498561620.000000,1661456620.000000,0.004619,19.925136,2014-03-31,2014-04-22,50.919573,4.703169,539.482879,1.949350,3.717535
sz000019,2014-05-20,6.150000,6.230000,6.050000,6.120000,-0.001631,1677326.000000,10289040.900000,1488830700.000000,1650667940.000000,0.006895,19.795751,2014-03-31,2014-04-22,50.588924,4.672629,535.979716,1.936692,3.693395
sz000019,2014-05-19,6.050000,6.240000,5.980000,6.130000,0.004918,2800872.000000,17019942.290000,1491263430.000000,1653365110.000000,0.011513,19.828090,2014-03-31,2014-04-22,50.671569,4.680262,536.855327,1.939856,3.699429
sz000019,2014-05-16,6.400000,6.500000,5.990000,6.100000,-0.054264,6955964.000000,42732111.140000,1483965250.000000,1645273600.000000,0.028593,19.731053,2014-03-31,2014-04-22,50.423586,4.657357,534.227994,1.930362,3.681324
sz000019,2014-05-15,6.580000,6.640000,6.450000,6.450000,-0.019757,1586418.000000,10382936.900000,1569110790.000000,1739674550.000000,0.006521,20.863172,2014-03-31,2014-04-22,53.316767,4.924585,564.880679,2.041122,3.892549
sz000019,2014-05-14,6.670000,6.690000,6.500000,6.580000,-0.011765,2158476.000000,14200365.890000,1600736280.000000,1774737750.000000,0.008873,21.283674,2014-03-31,2014-04-22,54.391377,5.023841,576.265965,2.082261,3.971004
sz000019,2014-05-13,7.950000,8.070000,7.910000,7.990000,0.006297,1634748.000000,13039079.320000,1619792670.000000,1795865590.000000,0.008064,21.537057,2014-03-31,2014-04-22,55.038910,5.083650,583.126448,2.107050,4.018279
sz000019,2014-05-12,7.800000,7.940000,7.780000,7.940000,0.017949,2169008.000000,17077930.340000,1609656290.000000,1784627380.000000,0.010699,21.402287,2014-03-31,2014-04-22,54.694499,5.051839,579.477478,2.093865,3.993135
sz000019,2014-05-09,7.940000,8.010000,7.610000,7.800000,-0.018868,2642007.000000,20671118.150000,1581274450.000000,1753160400.000000,0.013032,21.024911,2014-03-31,2014-04-22,53.730097,4.962762,569.259834,2.056945,3.922726
sz000019,2014-05-08,8.050000,8.150000,7.900000,7.950000,-0.012422,2018895.000000,16205709.830000,1611683570.000000,1786875020.000000,0.009959,21.429238,2014-03-31,2014-04-22,54.763373,5.058200,580.207183,2.096502,3.998163
sz000019,2014-05-07,8.200000,8.290000,8.010000,8.050000,-0.026602,2165506.000000,17587326.170000,1631956320.000000,1809351440.000000,0.010682,21.698780,2014-03-31,2014-04-22,55.452200,5.121824,587.505172,2.122872,4.048453
sz000019,2014-05-06,8.190000,8.360000,8.140000,8.270000,0.009768,2081108.000000,17154095.650000,1676556370.000000,1858799550.000000,0.010266,22.291786,2014-03-31,2014-04-22,56.967653,5.261798,603.561105,2.180888,4.159093
sz000019,2014-05-05,8.170000,8.320000,7.960000,8.190000,0.006143,2799914.000000,22637590.260000,1660338170.000000,1840818420.000000,0.013811,22.076146,2014-03-31,2014-04-22,56.416576,5.210898,597.722551,2.159792,4.118860
sz000019,2014-04-30,8.050000,8.270000,7.990000,8.140000,0.011180,2354739.000000,19207313.500000,1650201790.000000,1829580210.000000,0.011615,21.941361,2014-03-31,2014-04-22,56.072125,5.179083,594.073159,2.146605,4.093712
sz000019,2014-04-29,8.060000,8.170000,7.870000,8.050000,-0.011057,3325318.000000,26537812.040000,1631956320.000000,1809351440.000000,0.016403,21.698768,2014-03-31,2014-04-22,55.452170,5.121821,587.504855,2.122871,4.048451
sz000019,2014-04-28,8.870000,8.870000,8.110000,8.140000,-0.079186,4077647.000000,34188643.880000,1650201790.000000,1829580210.000000,0.020114,21.941374,2014-03-31,2014-04-22,56.072160,5.179086,594.073526,2.146606,4.093715
sz000019,2014-04-25,8.800000,9.000000,8.640000,8.840000,0.010286,7676782.000000,67906894.710000,1792111040.000000,1986915120.000000,0.037867,23.828237,2014-03-31,2014-04-22,60.894122,5.624465,645.161266,2.331205,4.445756
sz000019,2014-04-24,8.500000,8.770000,8.440000,8.750000,0.026995,3989583.000000,34552740.240000,1773865560.000000,1966686350.000000,0.019680,23.585635,2014-03-31,2014-04-22,60.274142,5.567201,638.592701,2.307470,4.400493
sz000019,2014-04-23,8.440000,8.660000,8.420000,8.520000,0.008284,2174189.000000,18570491.020000,1727238240.000000,1914990590.000000,0.010725,22.965677,2014-03-31,2014-04-22,58.689811,5.420864,621.807021,2.246818,4.284824
sz000019,2014-04-22,8.580000,8.700000,8.330000,8.450000,-0.026498,3246154.000000,27402603.290000,1713047320.000000,1899257100.000000,0.016012,22.776992,2014-03-31,2014-04-22,58.207619,5.376327,616.698292,2.228358,4.249620
sz000019,2014-04-21,8.600000,8.850000,8.580000,8.680000,0.001153,4468445.000000,39012403.400000,1759674640.000000,1950952860.000000,0.022042,23.396965,2013-12-31,2014-03-18,49.878730,4.968561,-182.736766,2.267333,4.365292
sz000019,2014-04-18,8.420000,8.690000,8.390000,8.670000,0.022406,2940239.000000,25207364.310000,1757647360.000000,1948705220.000000,0.014503,23.370019,2013-12-31,2014-03-18,49.821286,4.962839,-182.526313,2.264722,4.360264
sz000019,2014-04-17,8.410000,8.560000,8.330000,8.480000,0.008323,2357428.000000,19963944.420000,1719129140.000000,1906000030.000000,0.011629,22.857866,2013-12-31,2014-03-18,48.729454,4.854078,-178.526254,2.215091,4.264709
sz000019,2014-04-16,8.370000,8.460000,8.330000,8.410000,0.001190,2105252.000000,17673165.910000,1704938220.000000,1890266540.000000,0.010385,22.669190,2013-12-31,2014-03-18,48.327227,4.814011,-177.052645,2.196807,4.229507
sz000019,2014-04-15,8.390000,8.470000,8.320000,8.400000,-0.003559,1677096.000000,14085216.460000,1702910940.000000,1888018890.000000,0.008273,22.642246,2013-12-31,2014-03-18,48.269786,4.808289,-176.842203,2.194196,4.224480
sz000019,2014-04-14,8.380000,8.430000,8.250000,8.430000,0.004768,2268654.000000,18914874.560000,1708992770.000000,1894761820.000000,0.011191,22.723117,2013-12-31,2014-03-18,48.442191,4.825463,-177.473832,2.202033,4.239569
sz000019,2014-04-11,8.520000,8.520000,8.260000,8.390000,-0.023283,3965026.000000,33198210.590000,1700883670.000000,1885771250.000000,0.019558,22.615288,2013-12-31,2014-03-18,48.212315,4.802565,-176.631652,2.191583,4.219450
sz000019,2014-04-10,8.680000,8.840000,8.570000,8.590000,-0.018286,4707719.000000,40857306.910000,1741429160.000000,1930724080.000000,0.023222,23.154391,2013-12-31,2014-03-18,49.361601,4.917048,-180.842201,2.243826,4.320034
sz000019,2014-04-09,8.610000,8.750000,8.390000,8.750000,0.017442,3667806.000000,31712287.330000,1773865560.000000,1966686350.000000,0.018092,23.585679,2013-12-31,2014-03-18,50.281040,5.008636,-184.210678,2.285621,4.400501
sz000019,2014-04-08,8.300000,8.680000,8.300000,8.600000,0.027479,4073987.000000,34788242.150000,1743456440.000000,1932971720.000000,0.020096,23.181350,2013-12-31,2014-03-18,49.419073,4.922773,-181.052756,2.246439,4.325063
sz000019,2014-04-04,8.340000,8.440000,8.280000,8.370000,-0.008294,2011423.000000,16803768.200000,1696829120.000000,1881275970.000000,0.009922,22.561386,2013-12-31,2014-03-18,48.097404,4.791118,-176.210663,2.186360,4.209394
sz000019,2014-04-03,8.310000,8.530000,8.200000,8.440000,0.004762,3572094.000000,29746506.050000,1711020040.000000,1897009460.000000,0.017620,22.750075,2013-12-31,2014-03-18,48.499660,4.831188,-177.684377,2.204645,4.244598
sz000019,2014-04-02,8.270000,8.610000,8.230000,8.400000,0.015719,4378236.000000,36951234.780000,1702910940.000000,1888018890.000000,0.021597,22.642252,2013-12-31,2014-03-18,48.269800,4.808291,-176.842254,2.194196,4.224481
sz000019,2014-04-01,8.220000,8.350000,8.160000,8.270000,-0.003614,2526574.000000,20845757.480000,1676556370.000000,1858799550.000000,0.012463,22.291847,2013-12-31,2014-03-18,47.522789,4.733879,-174.105490,2.160240,4.159104
sz000019,2014-03-31,8.650000,8.720000,8.100000,8.300000,-0.047072,4900063.000000,40935045.650000,1682638190.000000,1865542480.000000,0.024171,22.372702,2013-12-31,2014-03-18,47.695159,4.751049,-174.736990,2.168075,4.174190
sz000019,2014-03-28,8.540000,9.040000,8.420000,8.710000,0.012791,9108201.000000,80287488.830000,1765756460.000000,1957695780.000000,0.044928,23.477851,2013-12-31,2014-03-18,50.051168,4.985738,-183.368512,2.275172,4.380383
sz000019,2014-03-27,8.350000,9.050000,8.270000,8.600000,0.021378,8645939.000000,75022237.550000,1743456440.000000,1932971720.000000,0.042648,23.181339,2013-12-31,2014-03-18,49.419049,4.922771,-181.052668,2.246438,4.325061
sz000019,2014-03-26,8.360000,8.700000,8.350000,8.420000,0.007177,5153428.000000,43901509.560000,1706965490.000000,1892514180.000000,0.025420,22.696141,2013-12-31,2014-03-18,48.384681,4.819734,-177.263136,2.199419,4.234535
sz000019,2014-03-25,8.440000,8.500000,8.120000,8.360000,-0.017626,3268031.000000,27343112.500000,1694801840.000000,1879028330.000000,0.016120,22.534411,2013-12-31,2014-03-18,48.039899,4.785390,-175.999984,2.183746,4.204361
sz000019,2014-03-24,8.240000,8.580000,8.010000,8.510000,0.019162,6558141.000000,55153523.370000,1725210970.000000,1912742950.000000,0.032350,22.938729,2013-12-31,2014-03-18,48.901843,4.871250,-179.157820,2.222927,4.279796
sz000019,2014-03-21,7.860000,8.600000,7.830000,8.350000,0.063694,5924994.000000,49307896.980000,1692774570.000000,1876780690.000000,0.029226,22.507442,2013-12-31,2014-03-18,47.982404,4.779662,-175.789345,2.181132,4.199329
sz000019,2014-03-20,8.180000,8.240000,7.850000,7.850000,-0.042683,2308670.000000,18582606.950000,1591410820.000000,1764398610.000000,0.011388,21.159696,2013-12-31,2014-03-18,45.109217,4.493456,-165.263078,2.050526,3.947873
sz000019,2014-03-19,8.140000,8.290000,8.070000,8.200000,0.011097,2405606.000000,19663105.560000,1662365440.000000,1843066060.000000,0.011866,22.103124,2013-12-31,2014-03-18,47.120460,4.693802,-172.631509,2.141951,4.123893
sz000019,2014-03-18,8.100000,8.240000,8.010000,8.110000,0.001235,2432822.000000,19804536.740000,1644119970.000000,1822837290.000000,0.012000,21.860537,2013-12-31,2014-03-18,46.603303,4.642286,-170.736842,2.118443,4.078633
sz000019,2014-03-17,8.000000,8.120000,7.930000,8.100000,0.007463,1989405.000000,15980919.810000,1642092690.000000,1820589650.000000,0.009813,21.833573,2013-09-30,2013-10-24,47.135246,4.266209,-33.711247,2.099214,4.073602
sz000019,2014-03-14,7.780000,8.200000,7.740000,8.040000,0.026820,2935538.000000,23360497.360000,1629929040.000000,1807103800.000000,0.014480,21.671836,2013-09-30,2013-10-24,46.786082,4.234606,-33.461523,2.083663,4.043426
sz000019,2014-03-13,7.550000,7.830000,7.550000,7.830000,0.039841,1917741.000000,14703890.460000,1587356270.000000,1759903330.000000,0.009460,21.105779,2013-09-30,2013-10-24,45.564054,4.124000,-32.587526,2.029239,3.937813
sz000019,2014-03-12,7.700000,7.700000,7.460000,7.530000,-0.024611,1427031.000000,10795395.510000,1526538020.000000,1692474080.000000,0.007039,20.297121,2013-09-30,2013-10-24,43.818289,3.965991,-31.338951,1.951490,3.786938
sz000019,2014-03-11,7.780000,7.780000,7.610000,7.720000,-0.001294,1097630.000000,8416911.030000,1565056250.000000,1735179270.000000,0.005414,20.809258,2013-09-30,2013-10-24,44.923912,4.066061,-32.129695,2.000730,3.882490
sz000019,2014-03-10,7.920000,7.950000,7.720000,7.730000,-0.030113,1167923.000000,9134679.720000,1567083520.000000,1737426910.000000,0.005761,20.836220,2013-09-30,2013-10-24,44.982118,4.071329,-32.171324,2.003322,3.887520
sz000019,2014-03-07,7.930000,8.080000,7.900000,7.970000,0.007585,1364257.000000,10924130.340000,1615738120.000000,1791370310.000000,0.006730,21.483142,2013-09-30,2013-10-24,46.378721,4.197736,-33.170178,2.065521,4.008220
sz000019,2014-03-06,7.900000,7.970000,7.790000,7.910000,-0.005031,1236036.000000,9709147.630000,1603574470.000000,1777884460.000000,0.006097,21.321419,2013-09-30,2013-10-24,46.029586,4.166136,-32.920476,2.049972,3.978047
sz000019,2014-03-05,8.100000,8.110000,7.910000,7.950000,-0.011194,1575013.000000,12601415.900000,1611683570.000000,1786875020.000000,0.007769,21.429229,2013-09-30,2013-10-24,46.262332,4.187202,-33.086936,2.060338,3.998161
sz000019,2014-03-04,7.980000,8.070000,7.920000,8.040000,-0.002481,1489500.000000,11893670.180000,1629929040.000000,1807103800.000000,0.007347,21.671824,2013-09-30,2013-10-24,46.786055,4.234604,-33.461505,2.083662,4.043423
sz000019,2014-03-03,7.870000,8.190000,7.850000,8.060000,0.021546,2004970.000000,16119309.070000,1633983590.000000,1811599080.000000,0.009890,21.725725,2013-09-30,2013-10-24,46.902420,4.245136,-33.544729,2.088845,4.053480
sz000019,2014-02-28,7.810000,7.900000,7.720000,7.890000,0.018065,1642759.000000,12856700.990000,1599519920.000000,1773389180.000000,0.008103,21.267496,2013-09-30,2013-10-24,45.913175,4.155599,-32.837218,2.044788,3.967986
sz000019,2014-02-27,7.980000,8.060000,7.700000,7.750000,-0.028822,1527588.000000,12086538.340000,1571138070.000000,1741922190.000000,0.007535,20.890116,2013-09-30,2013-10-24,45.098471,4.081861,-32.254540,2.008504,3.897576
sz000019,2014-02-26,7.920000,7.980000,7.620000,7.980000,0.002513,1733142.000000,13552657.850000,1617765390.000000,1793617950.000000,0.008549,21.510079,2013-09-30,2013-10-24,46.436875,4.202999,-33.211770,2.068111,4.013246
sz000019,2014-02-25,8.220000,8.340000,7.960000,7.960000,-0.051251,4045033.000000,33148056.030000,1613710840.000000,1789122670.000000,0.019953,21.456160,2013-09-30,2013-10-24,46.320471,4.192464,-33.128518,2.062927,4.003186
sz000019,2014-02-24,8.150000,8.450000,8.080000,8.390000,0.023171,5722182.000000,47310323.790000,1700883670.000000,1885771250.000000,0.028226,22.615212,2013-09-30,2013-10-24,48.822683,4.418939,-34.918106,2.174365,4.219436
sz000019,2014-02-21,8.080000,8.270000,8.010000,8.200000,0.014851,1649095.000000,13377388.390000,1662365440.000000,1843066060.000000,0.008135,22.103062,2013-09-30,2013-10-24,47.717031,4.318866,-34.127341,2.125124,4.123882
sz000019,2014-02-20,8.210000,8.250000,7.990000,8.080000,-0.017032,3324192.000000,26814883.280000,1638038140.000000,1816094360.000000,0.016397,21.779613,2013-09-30,2013-10-24,47.018756,4.255665,-33.627932,2.094026,4.063534
sz000019,2014-02-19,8.370000,8.380000,8.200000,8.220000,-0.040840,8421773.000000,70138480.420000,1666419990.000000,1847561350.000000,0.041542,22.156991,2013-09-30,2013-10-24,47.833455,4.329404,-34.210608,2.130309,4.133944
sz000019,2014-02-18,8.160000,8.630000,8.140000,8.570000,0.032530,10446859.000000,87694722.040000,1737374620.000000,1926228800.000000,0.051532,23.100412,2013-09-30,2013-10-24,49.870152,4.513745,-35.667258,2.221016,4.309962
sz000019,2014-02-17,8.100000,8.400000,7.950000,8.300000,0.027228,3415302.000000,27727936.560000,1682638190.000000,1865542480.000000,0.016847,22.372630,2013-09-30,2013-10-24,48.298986,4.371539,-34.543557,2.151042,4.174176
sz000019,2014-02-14,7.550000,8.080000,7.510000,8.080000,0.073041,4953558.000000,38878629.670000,1638038140.000000,1816094360.000000,0.024435,21.779615,2013-09-30,2013-10-24,47.018759,4.255666,-33.627935,2.094026,4.063535
sz000019,2014-02-13,7.720000,7.740000,7.530000,7.530000,-0.024611,1524110.000000,11597288.740000,1526538020.000000,1692474080.000000,0.007518,20.297095,2013-09-30,2013-10-24,43.818232,3.965986,-31.338910,1.951487,3.786933
sz000019,2014-02-12,7.600000,7.750000,7.550000,7.720000,0.013123,1372702.000000,10517694.500000,1565056250.000000,1735179270.000000,0.006771,20.809231,2013-09-30,2013-10-24,44.923853,4.066056,-32.129653,2.000727,3.882485
sz000019,2014-02-11,7.620000,7.640000,7.560000,7.620000,0.002632,1060416.000000,8056885.100000,1544783500.000000,1712702850.000000,0.005231,20.539688,2013-09-30,2013-10-24,44.341953,4.013388,-31.713477,1.974812,3.832195
sz000019,2014-02-10,7.430000,7.650000,7.430000,7.600000,0.016043,1474409.000000,11177936.370000,1540728950.000000,1708207570.000000,0.007273,20.485770,2013-09-30,2013-10-24,44.225552,4.002853,-31.630226,1.969628,3.822135
sz000019,2014-02-07,7.370000,7.480000,7.300000,7.480000,0.014925,799383.000000,5926736.420000,1516401650.000000,1681235870.000000,0.003943,20.162306,2013-09-30,2013-10-24,43.527244,3.939649,-31.130795,1.938528,3.761785
sz000019,2014-01-30,7.380000,7.390000,7.310000,7.370000,0.000000,357886.000000,2633556.560000,1494101620.000000,1656511810.000000,0.001765,19.865809,2013-09-30,2013-10-24,42.887153,3.881714,-30.673000,1.910021,3.706466
sz000019,2014-01-29,7.350000,7.400000,7.260000,7.370000,0.001359,564525.000000,4145492.140000,1494101620.000000,1656511810.000000,0.002785,19.865809,2013-09-30,2013-10-24,42.887153,3.881714,-30.673000,1.910021,3.706466
sz000019,2014-01-28,7.410000,7.450000,7.280000,7.360000,-0.002710,751696.000000,5534733.250000,1492074350.000000,1654264170.000000,0.003708,19.838848,2013-09-30,2013-10-24,42.828949,3.876446,-30.631372,1.907429,3.701436
sz000019,2014-01-27,7.400000,7.460000,7.370000,7.380000,-0.014686,657417.000000,4867288.890000,1496128900.000000,1658759460.000000,0.003243,19.892757,2013-09-30,2013-10-24,42.945331,3.886980,-30.714609,1.912612,3.711494
sz000019,2014-01-24,7.290000,7.530000,7.250000,7.490000,0.026027,2086101.000000,15506218.330000,1518428920.000000,1683483510.000000,0.010290,20.189257,2013-09-30,2013-10-24,43.585426,3.944915,-31.172407,1.941119,3.766813
sz000019,2014-01-23,7.320000,7.350000,7.200000,7.300000,-0.002732,846511.000000,6172665.390000,1479910700.000000,1640778320.000000,0.004176,19.677120,2013-09-30,2013-10-24,42.479804,3.844845,-30.381663,1.891879,3.671261
sz000019,2014-01-22,7.170000,7.330000,7.150000,7.320000,0.023776,1057957.000000,7675147.710000,1483965250.000000,1645273610.000000,0.005219,19.731025,2013-09-30,2013-10-24,42.596177,3.855378,-30.464893,1.897062,3.681319
sz000019,2014-01-21,7.050000,7.170000,7.050000,7.150000,0.009887,709619.000000,5053459.080000,1449501570.000000,1607063700.000000,0.003500,19.272795,2013-09-30,2013-10-24,41.606931,3.765841,-29.757382,1.853005,3.595824
sz000019,2014-01-20,7.120000,7.130000,7.030000,7.080000,-0.004219,683754.000000,4835771.430000,1435310650.000000,1591330210.000000,0.003373,19.084111,2013-09-30,2013-10-24,41.199590,3.728973,-29.466051,1.834864,3.560620
sz000019,2014-01-17,7.280000,7.280000,7.080000,7.110000,-0.023352,657379.000000,4708299.910000,1441392480.000000,1598073130.000000,0.003243,19.164968,2013-09-30,2013-10-24,41.374148,3.744772,-29.590895,1.842638,3.575706
sz000019,2014-01-16,7.170000,7.400000,7.170000,7.280000,0.001376,1120616.000000,8162281.040000,1475856150.000000,1636283040.000000,0.005528,19.623209,2013-09-30,2013-10-24,42.363419,3.834311,-30.298424,1.886696,3.661203
sz000019,2014-01-15,7.200000,7.270000,7.150000,7.270000,0.006925,847502.000000,6104831.530000,1473828870.000000,1634035400.000000,0.004180,19.596244,2013-09-30,2013-10-24,42.305207,3.829042,-30.256790,1.884103,3.656172
sz000019,2014-01-14,7.110000,7.220000,7.060000,7.220000,0.015471,543406.000000,3894423.840000,1463692500.000000,1622797190.000000,0.002680,19.461474,2013-09-30,2013-10-24,42.014258,3.802709,-30.048703,1.871146,3.631027
sz000019,2014-01-13,7.100000,7.170000,7.060000,7.110000,0.001408,520880.000000,3700148.240000,1441392480.000000,1598073130.000000,0.002569,19.164972,2013-09-30,2013-10-24,41.374158,3.744773,-29.590902,1.842638,3.575707
sz000019,2014-01-10,7.220000,7.300000,7.070000,7.100000,-0.022039,994440.000000,7138234.300000,1439365200.000000,1595825490.000000,0.004905,19.138026,2013-09-30,2013-10-24,41.315985,3.739508,-29.549297,1.840047,3.570680
sz000019,2014-01-09,7.490000,7.530000,7.250000,7.260000,-0.029412,1355026.000000,10015213.200000,1471801600.000000,1631787760.000000,0.006684,19.569314,2013-09-30,2013-10-24,42.247068,3.823780,-30.215210,1.881514,3.651147
sz000019,2014-01-08,7.540000,7.610000,7.440000,7.480000,-0.015789,1571830.000000,11806526.280000,1516401650.000000,1681235870.000000,0.007753,20.162329,2013-09-30,2013-10-24,43.527293,3.939653,-31.130830,1.938530,3.761789
sz000019,2014-01-07,7.440000,7.700000,7.420000,7.600000,0.014686,1518051.000000,11485035.420000,1540728950.000000,1708207570.000000,0.007488,20.485779,2013-09-30,2013-10-24,44.225571,4.002854,-31.630240,1.969629,3.822137
sz000019,2014-01-06,7.680000,7.700000,7.430000,7.490000,-0.029793,1151770.000000,8651169.060000,1518428920.000000,1683483510.000000,0.005681,20.189279,2013-09-30,2013-10-24,43.585474,3.944919,-31.172441,1.941121,3.766817
sz000019,2014-01-03,7.660000,7.840000,7.660000,7.720000,-0.003871,1274016.000000,9851917.800000,1565056250.000000,1735179270.000000,0.006284,20.809249,2013-09-30,2013-10-24,44.923892,4.066059,-32.129681,2.000729,3.882488
sz000019,2014-01-02,7.610000,7.800000,7.590000,7.750000,0.021080,2007159.000000,15444170.180000,1571138070.000000,1741922190.000000,0.009901,20.890114,2013-09-30,2013-10-24,45.098468,4.081860,-32.254538,2.008504,3.897576
sz000019,2013-12-31,7.530000,7.620000,7.480000,7.590000,0.007968,1182368.000000,8950629.820000,1538701670.000000,1705959930.000000,0.005832,20.458842,2013-09-30,2013-10-24,44.167419,3.997591,-31.588649,1.967039,3.817111
sz000019,2013-12-30,7.570000,7.610000,7.470000,7.530000,0.000000,1097116.000000,8263564.280000,1526538020.000000,1692474080.000000,0.005412,20.297115,2013-09-30,2013-10-24,43.818275,3.965990,-31.338941,1.951489,3.786937
sz000019,2013-12-27,7.360000,7.550000,7.360000,7.530000,0.020325,846940.000000,6316836.690000,1526538020.000000,1692474080.000000,0.004178,20.297115,2013-09-30,2013-10-24,43.818275,3.965990,-31.338941,1.951489,3.786937
sz000019,2013-12-26,7.540000,7.590000,7.340000,7.380000,-0.027668,931587.000000,6939314.200000,1496128900.000000,1658759460.000000,0.004595,19.892794,2013-09-30,2013-10-24,42.945410,3.886987,-30.714665,1.912615,3.711501
sz000019,2013-12-25,7.500000,7.610000,7.450000,7.590000,0.012000,904815.000000,6815148.770000,1538701670.000000,1705959930.000000,0.004463,20.458849,2013-09-30,2013-10-24,44.167434,3.997592,-31.588660,1.967039,3.817112
sz000019,2013-12-24,7.410000,7.530000,7.410000,7.500000,0.013514,1476087.000000,11026466.160000,1520456200.000000,1685731160.000000,0.007281,20.216254,2013-09-30,2013-10-24,43.643710,3.950190,-31.214091,1.943715,3.771850
sz000019,2013-12-23,7.470000,7.490000,7.320000,7.400000,-0.002695,1023610.000000,7553461.780000,1500183450.000000,1663254740.000000,0.005049,19.946694,2013-09-30,2013-10-24,43.061773,3.897519,-30.797888,1.917798,3.721557
sz000019,2013-12-20,7.580000,7.660000,7.380000,7.420000,-0.021108,1424550.000000,10701242.690000,1504238000.000000,1667750020.000000,0.007027,20.000596,2013-09-30,2013-10-24,43.178138,3.908051,-30.881113,1.922980,3.731614
sz000019,2013-12-19,7.800000,7.840000,7.560000,7.580000,-0.026958,1305220.000000,10018163.470000,1536674400.000000,1703712290.000000,0.006438,20.431872,2013-09-30,2013-10-24,44.109195,3.992321,-31.547007,1.964446,3.812079
sz000019,2013-12-18,7.700000,7.930000,7.700000,7.790000,0.005161,1194669.000000,9333284.780000,1579247170.000000,1750912760.000000,0.005893,20.997934,2013-09-30,2013-10-24,45.331234,4.102928,-32.421013,2.018870,3.917692
sz000019,2013-12-17,7.730000,7.830000,7.650000,7.750000,-0.006410,1176240.000000,9067484.120000,1571138070.000000,1741922190.000000,0.005802,20.890120,2013-09-30,2013-10-24,45.098481,4.081861,-32.254547,2.008505,3.897577
sz000019,2013-12-16,8.120000,8.130000,7.740000,7.800000,-0.039409,2802967.000000,22089159.100000,1581274450.000000,1753160400.000000,0.013826,21.024890,2013-09-30,2013-10-24,45.389427,4.108195,-32.462633,2.021462,3.922722
sz000019,2013-12-13,8.190000,8.260000,8.050000,8.120000,-0.019324,2822104.000000,22911135.630000,1646147240.000000,1825084930.000000,0.013921,21.887452,2013-09-30,2013-10-24,47.251564,4.276737,-33.794438,2.104394,4.083654
sz000019,2013-12-12,7.970000,8.380000,7.910000,8.280000,0.041509,5817656.000000,47822561.030000,1678583640.000000,1861047200.000000,0.028697,22.318740,2013-09-30,2013-10-24,48.182645,4.361009,-34.460349,2.145861,4.164122
sz000019,2013-12-11,7.950000,8.060000,7.880000,7.950000,-0.018519,2948458.000000,23454059.440000,1611683570.000000,1786875020.000000,0.014544,21.429234,2013-09-30,2013-10-24,46.262342,4.187202,-33.086943,2.060338,3.998162
sz000019,2013-12-10,7.880000,8.200000,7.820000,8.100000,0.027919,5383844.000000,43221192.850000,1642092690.000000,1820589650.000000,0.026557,21.833570,2013-09-30,2013-10-24,47.135239,4.266208,-33.711242,2.099214,4.073601
sz000019,2013-12-09,7.640000,7.900000,7.620000,7.880000,0.035480,2873638.000000,22455844.930000,1597492640.000000,1771141530.000000,0.014175,21.240555,2013-09-30,2013-10-24,45.855013,4.150335,-32.795621,2.042197,3.962959
sz000019,2013-12-06,7.520000,7.630000,7.520000,7.610000,0.007947,881150.000000,6682774.690000,1542756220.000000,1710455210.000000,0.004346,20.512762,2013-09-30,2013-10-24,44.283823,4.008127,-31.671902,1.972223,3.827171
sz000019,2013-12-05,7.530000,7.620000,7.490000,7.550000,0.001326,753287.000000,5693916.280000,1530592570.000000,1696969360.000000,0.003716,20.351032,2013-09-30,2013-10-24,43.934674,3.976525,-31.422190,1.956673,3.796997
sz000019,2013-12-04,7.420000,7.650000,7.410000,7.540000,0.008021,1206395.000000,9106318.120000,1528565300.000000,1694721720.000000,0.005951,20.324082,2013-09-30,2013-10-24,43.876494,3.971259,-31.380579,1.954082,3.791968
sz000019,2013-12-03,7.280000,7.490000,7.280000,7.480000,0.017687,1330073.000000,9823564.310000,1516401650.000000,1681235870.000000,0.006561,20.162360,2013-09-30,2013-10-24,43.527361,3.939659,-31.130878,1.938533,3.761795
sz000019,2013-12-02,7.600000,7.630000,7.220000,7.350000,-0.057692,2276980.000000,16913840.090000,1490047070.000000,1652016530.000000,0.011232,19.811946,2013-09-30,2013-10-24,42.770873,3.871190,-30.589836,1.904842,3.696416
sz000019,2013-11-29,7.780000,7.840000,7.720000,7.800000,-0.001280,1978973.000000,15356605.910000,1581274450.000000,1753160400.000000,0.009762,21.024916,2013-09-30,2013-10-24,45.389483,4.108200,-32.462672,2.021465,3.922726
sz000019,2013-11-28,7.730000,7.860000,7.710000,7.810000,0.007742,1538311.000000,11990067.760000,1583301720.000000,1755408040.000000,0.007588,21.051862,2013-09-30,2013-10-24,45.447656,4.113465,-32.504278,2.024055,3.927754
sz000019,2013-11-27,7.710000,7.760000,7.660000,7.750000,0.002587,871232.000000,6723377.010000,1571138070.000000,1741922190.000000,0.004298,20.890131,2013-09-30,2013-10-24,45.098503,4.081863,-32.254563,2.008506,3.897579
sz000019,2013-11-26,7.680000,7.790000,7.650000,7.730000,-0.001292,937726.000000,7223795.230000,1567083520.000000,1737426910.000000,0.004626,20.836227,2013-09-30,2013-10-24,44.982134,4.071331,-32.171336,2.003323,3.887522
sz000019,2013-11-25,7.630000,7.740000,7.620000,7.740000,0.011765,1041396.000000,8002800.400000,1569110800.000000,1739674550.000000,0.005137,20.863183,2013-09-30,2013-10-24,45.040326,4.076598,-32.212955,2.005915,3.892551
sz000019,2013-11-22,7.700000,7.710000,7.580000,7.650000,-0.005202,781325.000000,5973002.800000,1550865320.000000,1719445780.000000,0.003854,20.620581,2013-09-30,2013-10-24,44.516589,4.029194,-31.838376,1.982589,3.847288
sz000019,2013-11-21,7.660000,7.750000,7.560000,7.690000,0.000000,1199389.000000,9178393.310000,1558974420.000000,1728436340.000000,0.005916,20.728411,2013-09-30,2013-10-24,44.749375,4.050264,-32.004866,1.992957,3.867406
sz000019,2013-11-20,7.640000,7.690000,7.560000,7.690000,0.010512,1324089.000000,10107284.400000,1558974420.000000,1728436340.000000,0.006531,20.728411,2013-09-30,2013-10-24,44.749375,4.050264,-32.004866,1.992957,3.867406
sz000019,2013-11-19,7.600000,7.680000,7.580000,7.610000,-0.005229,904278.000000,6894026.120000,1542756220.000000,1710455210.000000,0.004461,20.512780,2013-09-30,2013-10-24,44.283863,4.008130,-31.671930,1.972225,3.827175
sz000019,2013-11-18,7.510000,7.650000,7.510000,7.650000,0.013245,1506438.000000,11439234.170000,1550865320.000000,1719445780.000000,0.007431,20.620605,2013-09-30,2013-10-24,44.516641,4.029199,-31.838413,1.982592,3.847292
sz000019,2013-11-15,7.400000,7.550000,7.380000,7.550000,0.021651,1618548.000000,12116726.340000,1530592570.000000,1696969360.000000,0.007984,20.351056,2013-09-30,2013-10-24,43.934725,3.976530,-31.422226,1.956676,3.797001
sz000019,2013-11-14,7.310000,7.410000,7.270000,7.390000,0.010944,556650.000000,4090710.500000,1498156170.000000,1661007100.000000,0.002746,19.919773,2013-09-30,2013-10-24,43.003653,3.892259,-30.756321,1.915209,3.716534
sz000019,2013-11-13,7.460000,7.460000,7.300000,7.310000,-0.021419,712050.000000,5230223.600000,1481937970.000000,1643025970.000000,0.003512,19.704131,2013-09-30,2013-10-24,42.538116,3.850123,-30.423368,1.894476,3.676301
sz000019,2013-11-12,7.420000,7.520000,7.360000,7.470000,0.005384,593934.000000,4425085.080000,1514374370.000000,1678988230.000000,0.002930,20.135411,2013-09-30,2013-10-24,43.469182,3.934394,-31.089269,1.935942,3.756767
sz000019,2013-11-11,7.310000,7.440000,7.280000,7.430000,0.013643,454225.000000,3345383.650000,1506265270.000000,1669997660.000000,0.002241,20.027583,2013-09-30,2013-10-24,43.236398,3.913324,-30.922780,1.925575,3.736649
sz000019,2013-11-08,7.420000,7.450000,7.250000,7.330000,-0.012129,863515.000000,6357899.350000,1485992520.000000,1647521250.000000,0.004259,19.758024,2013-09-30,2013-10-24,42.654463,3.860653,-30.506579,1.899658,3.686356
sz000019,2013-11-07,7.550000,7.560000,7.380000,7.420000,-0.017219,1077607.000000,8041883.650000,1504238000.000000,1667750020.000000,0.005316,20.000611,2013-09-30,2013-10-24,43.178171,3.908054,-30.881136,1.922982,3.731617
sz000019,2013-11-06,7.600000,7.700000,7.550000,7.550000,-0.010485,836600.000000,6362061.120000,1530592570.000000,1696969360.000000,0.004127,20.351036,2013-09-30,2013-10-24,43.934682,3.976526,-31.422195,1.956674,3.796997
sz000019,2013-11-05,7.540000,7.660000,7.500000,7.630000,0.002628,1124036.000000,8520041.380000,1546810770.000000,1714950500.000000,0.005545,20.566677,2013-09-30,2013-10-24,44.400218,4.018662,-31.755148,1.977407,3.837231
sz000019,2013-11-04,7.300000,7.610000,7.300000,7.610000,0.011968,970899.000000,7259244.380000,1542756220.000000,1710455210.000000,0.004789,20.512770,2013-09-30,2013-10-24,44.283840,4.008128,-31.671914,1.972224,3.827173
sz000019,2013-11-01,7.530000,7.550000,7.400000,7.520000,-0.002653,640908.000000,4812471.920000,1524510750.000000,1690226440.000000,0.003161,20.270176,2013-09-30,2013-10-24,43.760119,3.960726,-31.297347,1.948899,3.781911
sz000019,2013-10-31,7.600000,7.620000,7.460000,7.540000,-0.011796,1496130.000000,11245121.000000,1528565300.000000,1694721720.000000,0.007380,20.324096,2013-09-30,2013-10-24,43.876524,3.971262,-31.380600,1.954084,3.791971
sz000019,2013-10-30,7.510000,7.630000,7.500000,7.630000,0.015979,1216593.000000,9171195.740000,1546810770.000000,1714950500.000000,0.006001,20.566701,2013-09-30,2013-10-24,44.400269,4.018666,-31.755184,1.977409,3.837235
sz000019,2013-10-29,7.740000,7.860000,7.380000,7.510000,-0.040868,1506738.000000,11428845.210000,1522483470.000000,1687978800.000000,0.007432,20.243234,2013-09-30,2013-10-24,43.701956,3.955462,-31.255749,1.946309,3.776884
sz000019,2013-10-28,7.670000,7.890000,7.670000,7.830000,0.009021,649848.000000,5060399.550000,1587356270.000000,1759903330.000000,0.003206,21.105785,2013-09-30,2013-10-24,45.564068,4.124002,-32.587536,2.029240,3.937815
sz000019,2013-10-25,8.060000,8.060000,7.760000,7.760000,-0.031211,1265729.000000,10010839.760000,1573165350.000000,1744169840.000000,0.006243,20.917092,2013-09-30,2013-10-24,45.156709,4.087132,-32.296192,2.011098,3.902609
sz000019,2013-10-24,8.100000,8.140000,7.990000,8.010000,-0.009889,1225152.000000,9880087.480000,1623847220.000000,1800360870.000000,0.006043,21.590968,2013-09-30,2013-10-24,46.611501,4.218805,-33.336663,2.075888,4.028338
sz000019,2013-10-23,8.270000,8.340000,8.080000,8.090000,-0.020581,1276179.000000,10450562.520000,1640065420.000000,1818342010.000000,0.006295,21.806614,2013-06-30,2013-08-21,-100.122684,4.759089,-31.944518,2.235196,4.068572
sz000019,2013-10-22,8.140000,8.280000,8.140000,8.260000,0.012255,2229961.000000,18321757.420000,1674529090.000000,1856551910.000000,0.011000,22.264847,2013-06-30,2013-08-21,-102.226609,4.859094,-32.615783,2.282165,4.154067
sz000019,2013-10-21,8.160000,8.170000,8.060000,8.160000,0.006165,1740663.000000,14140357.830000,1654256340.000000,1834075500.000000,0.008586,21.995294,2013-06-30,2013-08-21,-100.988989,4.800266,-32.220916,2.254536,4.103775
sz000019,2013-10-18,8.120000,8.240000,8.030000,8.110000,-0.006127,1332552.000000,10814224.100000,1644119970.000000,1822837290.000000,0.006573,21.860524,2013-06-30,2013-08-21,-100.370207,4.770854,-32.023491,2.240722,4.078630
sz000019,2013-10-17,8.270000,8.290000,7.880000,8.160000,-0.007299,2011663.000000,16410984.080000,1654256340.000000,1834075500.000000,0.009923,21.995289,2013-06-30,2013-08-21,-100.988966,4.800265,-32.220908,2.254536,4.103774
sz000019,2013-10-16,8.380000,8.390000,8.140000,8.220000,-0.017921,1891223.000000,15550586.820000,1666419990.000000,1847561350.000000,0.009329,22.157013,2013-06-30,2013-08-21,-101.731505,4.835560,-32.457818,2.271112,4.133948
sz000019,2013-10-15,8.380000,8.400000,8.210000,8.370000,0.001196,1985398.000000,16513464.940000,1696829120.000000,1881275970.000000,0.009793,22.561335,2013-06-30,2013-08-21,-103.587904,4.923800,-33.050109,2.312556,4.209384
sz000019,2013-10-14,8.250000,8.480000,8.230000,8.360000,0.010883,2610339.000000,21877546.270000,1694801840.000000,1879028330.000000,0.012876,22.534384,2013-06-30,2013-08-21,-103.464160,4.917918,-33.010628,2.309793,4.204356
sz000019,2013-10-11,8.220000,8.350000,8.200000,8.270000,0.004860,2744749.000000,22669968.070000,1676556370.000000,1858799550.000000,0.013539,22.291782,2013-06-30,2013-08-21,-102.350282,4.864972,-32.655241,2.284926,4.159092
sz000019,2013-10-10,8.170000,8.460000,8.140000,8.230000,0.006112,3592820.000000,29819090.800000,1668447270.000000,1849808990.000000,0.017722,22.183968,2013-06-30,2013-08-21,-101.855266,4.841443,-32.497304,2.273875,4.138977
sz000019,2013-10-09,8.190000,8.240000,8.130000,8.180000,-0.002439,2155641.000000,17627253.520000,1658310890.000000,1838570780.000000,0.010633,22.049204,2013-06-30,2013-08-21,-101.236508,4.812032,-32.299887,2.260062,4.113833
sz000019,2013-10-08,8.060000,8.230000,8.060000,8.200000,0.017370,1913043.000000,15578924.030000,1662365440.000000,1843066060.000000,0.009437,22.103113,2013-06-30,2013-08-21,-101.484028,4.823797,-32.378859,2.265588,4.123891
sz000019,2013-09-30,8.000000,8.100000,7.960000,8.060000,0.007500,1651819.000000,13260461.950000,1633983590.000000,1811599080.000000,0.008148,21.725737,2013-06-30,2013-08-21,-99.751347,4.741438,-31.826041,2.226906,4.053482
sz000019,2013-09-27,8.020000,8.090000,7.930000,8.000000,-0.002494,1641162.000000,13160586.810000,1621819940.000000,1798113230.000000,0.008095,21.564007,2013-06-30,2013-08-21,-99.008781,4.706142,-31.589123,2.210329,4.023307
sz000019,2013-09-26,7.910000,8.150000,7.890000,8.020000,0.008805,2918508.000000,23496546.820000,1625874490.000000,1802608520.000000,0.014396,21.617922,2013-06-30,2013-08-21,-99.256326,4.717909,-31.668103,2.215855,4.033367
sz000019,2013-09-25,7.990000,8.030000,7.910000,7.950000,-0.006250,3118791.000000,24820137.840000,1611683570.000000,1786875020.000000,0.015384,21.429238,2013-06-30,2013-08-21,-98.390002,4.676730,-31.391699,2.196515,3.998163
sz000019,2013-09-24,8.130000,8.190000,7.970000,8.000000,-0.015990,4792748.000000,38651608.030000,1621819940.000000,1798113230.000000,0.023641,21.564013,2013-06-30,2013-08-21,-99.008807,4.706143,-31.589131,2.210329,4.023309
sz000019,2013-09-23,8.120000,8.230000,8.040000,8.130000,0.001232,3179566.000000,25781445.710000,1648174520.000000,1827332570.000000,0.015684,21.914424,2013-06-30,2013-08-21,-100.617684,4.782617,-32.102449,2.246247,4.088687
sz000019,2013-09-18,8.070000,8.180000,8.070000,8.120000,0.006196,796820.000000,6461277.370000,1646147240.000000,1825084930.000000,0.003930,21.887459,2013-06-30,2013-08-21,-100.493876,4.776732,-32.062948,2.243483,4.083656
sz000019,2013-09-17,8.340000,8.350000,8.020000,8.070000,-0.030048,1084586.000000,8903192.780000,1636010870.000000,1813846720.000000,0.005350,21.752679,2013-06-30,2013-08-21,-99.875050,4.747318,-31.865509,2.229668,4.058509
sz000019,2013-09-16,8.410000,8.470000,8.310000,8.320000,-0.017710,1935550.000000,16245086.220000,1686692740.000000,1870037760.000000,0.009548,22.426552,2013-06-30,2013-08-21,-102.969064,4.894384,-32.852666,2.298740,4.184237
sz000019,2013-09-13,8.410000,8.490000,8.260000,8.470000,0.015588,1626575.000000,13624216.440000,1717101870.000000,1903752380.000000,0.008023,22.830887,2013-06-30,2013-08-21,-104.825524,4.982627,-33.444976,2.340185,4.259676
sz000019,2013-09-12,8.400000,8.520000,8.330000,8.340000,-0.009501,1258380.000000,10597656.760000,1690747290.000000,1874533040.000000,0.006207,22.480462,2013-06-30,2013-08-21,-103.216584,4.906150,-32.931638,2.304266,4.194295
sz000019,2013-09-11,8.560000,8.660000,8.380000,8.420000,-0.027714,2066522.000000,17478119.170000,1706965490.000000,1892514180.000000,0.010194,22.696098,2013-06-30,2013-08-21,-104.206652,4.953210,-33.247523,2.326369,4.234527
sz000019,2013-09-10,8.440000,8.710000,8.400000,8.660000,0.015240,3136048.000000,26863710.490000,1755620090.000000,1946457570.000000,0.015469,23.343026,2013-06-30,2013-08-21,-107.176954,5.094396,-34.195209,2.392680,4.355228
sz000019,2013-09-09,8.370000,8.590000,8.330000,8.530000,0.010664,3263371.000000,27685345.770000,1729265520.000000,1917238230.000000,0.016097,22.992619,2013-06-30,2013-08-21,-105.568096,5.017923,-33.681897,2.356763,4.289851
sz000019,2013-09-06,8.320000,8.510000,8.320000,8.440000,0.007160,1736149.000000,14595926.380000,1711020040.000000,1897009460.000000,0.008564,22.750013,2013-06-30,2013-08-21,-104.454196,4.964977,-33.326503,2.331895,4.244587
sz000019,2013-09-05,8.600000,8.690000,8.300000,8.380000,-0.025581,3102510.000000,26008506.580000,1698856390.000000,1883523610.000000,0.015304,22.588280,2013-06-30,2013-08-21,-103.711621,4.929680,-33.089582,2.315318,4.214411
sz000019,2013-09-04,8.630000,8.690000,8.470000,8.600000,-0.006928,1962487.000000,16739749.330000,1743456440.000000,1932971720.000000,0.009680,23.181281,2013-06-30,2013-08-21,-106.434317,5.059097,-33.958268,2.376101,4.325051
sz000019,2013-09-03,8.700000,8.700000,8.530000,8.660000,-0.011416,2301775.000000,19772792.390000,1755620090.000000,1946457570.000000,0.011354,23.343001,2013-06-30,2013-08-21,-107.176839,5.094391,-34.195172,2.392677,4.355224
sz000019,2013-09-02,8.940000,9.120000,8.420000,8.760000,-0.022321,1942169.000000,16795252.330000,1775892840.000000,1968933990.000000,0.009580,23.612562,2013-06-30,2013-08-21,-108.414498,5.153220,-34.590052,2.420307,4.405517
sz000019,2013-08-30,8.880000,9.150000,8.810000,8.960000,-0.015385,6327246.000000,56649029.300000,1816438340.000000,2013886820.000000,0.031211,24.151651,2013-06-30,2013-08-21,-110.889667,5.270871,-35.379764,2.475564,4.506098
sz000019,2013-08-29,8.530000,9.200000,8.400000,9.100000,0.061844,9228450.000000,81428839.510000,1844820190.000000,2045353800.000000,0.045521,24.529030,2013-06-30,2013-08-21,-112.622362,5.353231,-35.932587,2.514246,4.576507
sz000019,2013-08-28,8.300000,8.600000,8.250000,8.570000,0.026347,3669969.000000,31040319.320000,1737374620.000000,1926228800.000000,0.018103,23.100409,2013-06-30,2013-08-21,-106.063001,5.041447,-33.839798,2.367811,4.309962
sz000019,2013-08-27,8.010000,8.360000,7.900000,8.350000,0.045056,3501021.000000,28542956.060000,1692774570.000000,1876780690.000000,0.017270,22.507406,2013-06-30,2013-08-21,-103.340295,4.912030,-32.971108,2.307028,4.199322
sz000019,2013-08-26,7.950000,8.050000,7.900000,7.990000,-0.001250,687338.000000,5485753.630000,1619792670.000000,1795865590.000000,0.003390,21.537033,2013-06-30,2013-08-21,-98.884935,4.700255,-31.549609,2.207564,4.018275
sz000019,2013-08-23,8.020000,8.080000,7.500000,8.000000,-0.002494,1056330.000000,8377234.960000,1621819940.000000,1798113230.000000,0.005211,21.563988,2013-06-30,2013-08-21,-99.008696,4.706138,-31.589096,2.210327,4.023304
sz000019,2013-08-22,7.820000,8.260000,7.820000,8.020000,0.016477,1316903.000000,10620415.800000,1625874490.000000,1802608520.000000,0.006496,21.617903,2013-06-30,2013-08-21,-99.256241,4.717904,-31.668076,2.215853,4.033363
sz000019,2013-08-21,7.820000,7.910000,7.800000,7.890000,-0.001266,596211.000000,4682592.900000,1599519920.000000,1773389180.000000,0.002941,21.267479,2013-06-30,2013-08-21,-97.647306,4.641428,-31.154739,2.179934,3.967983
sz000019,2013-08-20,7.980000,7.980000,7.800000,7.900000,-0.001264,766179.000000,6045006.200000,1601547190.000000,1775636820.000000,0.003779,21.294438,2013-03-31,2013-04-24,25.687361,5.786241,-32.064000,2.109942,3.973013
sz000019,2013-08-19,7.700000,7.950000,7.690000,7.910000,0.012804,687591.000000,5394896.070000,1603574470.000000,1777884460.000000,0.003392,21.321388,2013-03-31,2013-04-24,25.719870,5.793564,-32.104581,2.112613,3.978041
sz000019,2013-08-16,7.850000,8.000000,7.780000,7.810000,-0.016373,1031628.000000,8125750.720000,1583301720.000000,1755408040.000000,0.005089,21.051840,2013-03-31,2013-04-24,25.394717,5.720321,-31.698710,2.085905,3.927750
sz000019,2013-08-15,8.010000,8.020000,7.870000,7.940000,-0.008739,1031600.000000,8183542.000000,1609656290.000000,1784627380.000000,0.005089,21.402260,2013-03-31,2013-04-24,25.817425,5.815539,-32.226352,2.120626,3.993129
sz000019,2013-08-14,8.070000,8.080000,7.930000,8.010000,-0.011111,1827420.000000,14618251.120000,1623847220.000000,1800360870.000000,0.009014,21.590943,2013-03-31,2013-04-24,26.045033,5.866809,-32.510461,2.139321,4.028333
sz000019,2013-08-13,8.030000,8.120000,7.930000,8.100000,0.006211,1290570.000000,10360230.420000,1642092690.000000,1820589650.000000,0.006366,21.833535,2013-03-31,2013-04-24,26.337671,5.932728,-32.875744,2.163358,4.073595
sz000019,2013-08-12,7.730000,8.060000,7.720000,8.050000,0.034704,2568133.000000,20474236.980000,1631956320.000000,1809351440.000000,0.012668,21.698764,2013-03-31,2013-04-24,26.175097,5.896107,-32.672813,2.150005,4.048450
sz000019,2013-08-09,7.830000,7.900000,7.710000,7.780000,-0.002564,1026063.000000,7998108.280000,1577219900.000000,1748665120.000000,0.005061,20.970987,2013-03-31,2013-04-24,25.297184,5.698351,-31.576966,2.077893,3.912665
sz000019,2013-08-08,7.780000,7.880000,7.700000,7.800000,0.000000,701434.000000,5456007.820000,1581274450.000000,1753160400.000000,0.003460,21.024895,2013-03-31,2013-04-24,25.362212,5.712999,-31.658137,2.083235,3.922723
sz000019,2013-08-07,7.700000,7.900000,7.670000,7.800000,0.005155,1250240.000000,9737181.410000,1581274450.000000,1753160400.000000,0.006167,21.024895,2013-03-31,2013-04-24,25.362212,5.712999,-31.658137,2.083235,3.922723
sz000019,2013-08-06,7.780000,7.790000,7.610000,7.760000,-0.002571,1499200.000000,11556562.980000,1573165350.000000,1744169840.000000,0.007395,20.917067,2013-03-31,2013-04-24,25.232141,5.683700,-31.495777,2.072551,3.902605
sz000019,2013-08-05,7.730000,7.780000,7.650000,7.780000,0.007772,944458.000000,7278427.610000,1577219900.000000,1748665120.000000,0.004659,20.970984,2013-03-31,2013-04-24,25.297180,5.698350,-31.576961,2.077893,3.912664
sz000019,2013-08-02,7.690000,7.800000,7.630000,7.720000,0.005208,1016883.000000,7863217.440000,1565056250.000000,1735179270.000000,0.005016,20.809254,2013-03-31,2013-04-24,25.102086,5.654404,-31.333437,2.061868,3.882489
sz000019,2013-08-01,7.520000,7.700000,7.520000,7.680000,0.015873,1396098.000000,10621335.920000,1556947150.000000,1726188700.000000,0.006887,20.701441,2013-03-31,2013-04-24,24.972032,5.625109,-31.171098,2.051186,3.862374
sz000019,2013-07-31,7.590000,7.620000,7.540000,7.560000,0.000000,562356.000000,4258729.570000,1532619850.000000,1699217000.000000,0.002774,20.377982,2013-03-31,2013-04-24,24.581844,5.537217,-30.684050,2.019136,3.802025
sz000019,2013-07-30,7.390000,7.640000,7.310000,7.560000,0.021622,922633.000000,6916633.400000,1532619850.000000,1699217000.000000,0.004551,20.377982,2013-03-31,2013-04-24,24.581844,5.537217,-30.684050,2.019136,3.802025
sz000019,2013-07-29,7.510000,7.580000,7.360000,7.400000,-0.027595,764711.000000,5666745.270000,1500183450.000000,1663254740.000000,0.003772,19.946694,2013-03-31,2013-04-24,24.061585,5.420025,-30.034641,1.976402,3.721557
sz000019,2013-07-26,7.510000,7.630000,7.490000,7.610000,-0.001312,700049.000000,5285498.160000,1542756220.000000,1710455210.000000,0.003453,20.512743,2013-03-31,2013-04-24,24.744407,5.573835,-30.886967,2.032489,3.827168
sz000019,2013-07-25,7.670000,7.710000,7.590000,7.620000,-0.007813,1049220.000000,8024242.540000,1544783500.000000,1712702850.000000,0.005176,20.539691,2013-03-31,2013-04-24,24.776914,5.581157,-30.927544,2.035159,3.832196
sz000019,2013-07-24,7.850000,7.850000,7.580000,7.680000,-0.015385,1088018.000000,8354411.550000,1556947150.000000,1726188700.000000,0.005367,20.701432,2013-03-31,2013-04-24,24.972020,5.625106,-31.171084,2.051185,3.862372
sz000019,2013-07-23,7.630000,7.810000,7.630000,7.800000,0.022280,1848271.000000,14273780.410000,1581274450.000000,1753160400.000000,0.009117,21.024900,2013-03-31,2013-04-24,25.362218,5.713001,-31.658144,2.083235,3.922723
sz000019,2013-07-22,7.620000,7.750000,7.580000,7.630000,-0.011658,1050217.000000,8026204.030000,1546810770.000000,1714950500.000000,0.005180,20.566674,2013-03-31,2013-04-24,24.809463,5.588489,-30.968174,2.037832,3.837230
sz000019,2013-07-19,7.790000,7.860000,7.580000,7.720000,-0.008986,1961108.000000,15191333.840000,1565056250.000000,1735179270.000000,0.009674,20.809269,2013-03-31,2013-04-24,25.102104,5.654408,-31.333459,2.061870,3.882492
sz000019,2013-07-18,7.600000,7.850000,7.550000,7.790000,0.020970,2653996.000000,20648667.910000,1579247170.000000,1750912760.000000,0.013091,20.997956,2013-03-31,2013-04-24,25.329716,5.705679,-31.617575,2.080566,3.917696
sz000019,2013-07-17,7.540000,7.720000,7.460000,7.630000,0.006596,1981750.000000,15111479.980000,1546810770.000000,1714950500.000000,0.009775,20.566673,2013-03-31,2013-04-24,24.809462,5.588489,-30.968172,2.037832,3.837230
sz000019,2013-07-16,7.370000,7.590000,7.290000,7.580000,0.021563,2049459.000000,15294772.860000,1536674400.000000,1703712290.000000,0.010109,20.431904,2013-03-31,2013-04-24,24.646891,5.551869,-30.765244,2.024479,3.812085
sz000019,2013-07-15,7.400000,7.450000,7.260000,7.420000,-0.009346,1798031.000000,13208500.190000,1504238000.000000,1667750020.000000,0.008869,20.000631,2013-03-31,2013-04-24,24.126648,5.434681,-30.115856,1.981746,3.731620
sz000019,2013-07-12,7.470000,7.620000,7.420000,7.490000,-0.007947,1373500.000000,10330498.950000,1518428920.000000,1683483510.000000,0.006775,20.189320,2013-03-31,2013-04-24,24.354263,5.485952,-30.399974,2.000443,3.766825
sz000019,2013-07-11,7.430000,7.680000,7.350000,7.550000,0.020270,2395293.000000,17889594.960000,1530592570.000000,1696969360.000000,0.011815,20.351050,2013-03-31,2013-04-24,24.549357,5.529899,-30.643498,2.016467,3.797000
sz000019,2013-07-10,7.200000,7.420000,7.190000,7.400000,0.020690,1525072.000000,11166979.700000,1500183450.000000,1663254740.000000,0.007523,19.946730,2013-03-31,2013-04-24,24.061628,5.420034,-30.034695,1.976406,3.721564
sz000019,2013-07-09,7.030000,7.250000,7.030000,7.250000,0.030428,1686465.000000,12088524.780000,1469774320.000000,1629540120.000000,0.008319,19.542397,2013-03-31,2013-04-24,23.573884,5.310167,-29.425874,1.936343,3.646125
sz000019,2013-07-08,7.450000,7.450000,7.230000,7.230000,-0.034713,886013.000000,6481236.920000,1465719770.000000,1625044830.000000,0.004370,18.965321,2013-03-31,2013-04-24,22.877760,5.153361,-28.556943,1.879164,3.538457
sz000019,2013-07-05,7.450000,7.600000,7.450000,7.490000,-0.002663,1002451.000000,7538983.540000,1518428920.000000,1683483510.000000,0.004945,19.647339,2013-03-31,2013-04-24,23.700474,5.338682,-29.583888,1.946741,3.665705
sz000019,2013-07-04,7.400000,7.550000,7.300000,7.510000,0.000000,1863797.000000,13903055.140000,1522483470.000000,1687978800.000000,0.009194,19.699799,2013-03-31,2013-04-24,23.763757,5.352937,-29.662881,1.951939,3.675493
sz000019,2013-07-03,7.480000,7.690000,7.230000,7.510000,-0.006614,1723066.000000,12733755.360000,1522483470.000000,1687978800.000000,0.008499,19.699799,2013-03-31,2013-04-24,23.763757,5.352937,-29.662881,1.951939,3.675493
sz000019,2013-07-02,7.210000,7.560000,7.150000,7.560000,0.050000,2468722.000000,18179986.900000,1532619850.000000,1699217000.000000,0.012178,19.830961,2013-03-31,2013-04-24,23.921977,5.388577,-29.860377,1.964935,3.699964
sz000019,2013-07-01,7.120000,7.200000,7.050000,7.200000,0.014085,1128608.000000,8041703.810000,1459637950.000000,1618301910.000000,0.005567,18.886630,2013-03-31,2013-04-24,22.782835,5.131978,-28.438455,1.871367,3.523775
sz000019,2013-06-28,7.110000,7.310000,6.960000,7.100000,-0.013889,1661615.000000,11815739.120000,1439365200.000000,1595825490.000000,0.008196,18.624306,2013-03-31,2013-04-24,22.466396,5.060698,-28.043462,1.845374,3.474832
sz000019,2013-06-27,7.390000,7.540000,7.200000,7.200000,-0.025710,2018776.000000,14820535.430000,1459637950.000000,1618301910.000000,0.009958,18.886623,2013-03-31,2013-04-24,22.782827,5.131976,-28.438444,1.871366,3.523774
sz000019,2013-06-26,7.470000,7.530000,7.180000,7.390000,-0.009383,2272902.000000,16622966.950000,1498156170.000000,1661007100.000000,0.011212,19.385011,2013-03-31,2013-04-24,23.384030,5.267401,-29.188890,1.920748,3.616761
sz000019,2013-06-25,7.710000,7.800000,6.970000,7.460000,-0.036176,2565124.000000,18757538.240000,1512347100.000000,1676740590.000000,0.012653,19.568624,2013-03-31,2013-04-24,23.605521,5.317293,-29.465364,1.938941,3.651019
sz000019,2013-06-24,8.320000,8.450000,7.700000,7.740000,-0.069712,3035408.000000,24822879.670000,1569110800.000000,1739674550.000000,0.014973,20.303109,2013-03-31,2013-04-24,24.491526,5.516872,-30.571312,2.011717,3.788055
sz000019,2013-06-21,8.210000,8.420000,7.910000,8.320000,-0.004785,1967806.000000,16272516.790000,1686692740.000000,1870037760.000000,0.009707,21.824542,2013-03-31,2013-04-24,26.326821,5.930284,-32.862201,2.162467,4.071917
sz000019,2013-06-20,8.370000,8.550000,8.200000,8.360000,-0.002387,2101915.000000,17594456.190000,1694801840.000000,1879028330.000000,0.010368,21.929474,2013-03-31,2013-04-24,26.453401,5.958797,-33.020203,2.172864,4.091495
sz000019,2013-06-19,8.230000,8.380000,8.090000,8.380000,0.015758,1495741.000000,12347726.020000,1698856390.000000,1883523610.000000,0.007378,21.981945,2013-03-31,2013-04-24,26.516696,5.973054,-33.099211,2.178063,4.101284
sz000019,2013-06-18,8.110000,8.350000,8.040000,8.250000,0.001214,1736092.000000,14209235.920000,1672501820.000000,1854304270.000000,0.008564,21.640927,2013-03-31,2013-04-24,26.105329,5.880391,-32.585725,2.144274,4.037659
sz000019,2013-06-17,8.110000,8.520000,8.000000,8.240000,0.055058,3455221.000000,28652821.130000,1670474540.000000,1852056630.000000,0.017044,21.614687,2013-03-31,2013-04-24,26.073675,5.873261,-32.546214,2.141674,4.032763
sz000019,2013-06-14,7.800000,7.910000,7.720000,7.810000,0.009044,619361.000000,4846608.630000,1583301720.000000,1755408040.000000,0.003055,20.486729,2013-03-31,2013-04-24,24.713025,5.566766,-30.847796,2.029911,3.822314
sz000019,2013-06-13,7.960000,7.960000,7.640000,7.740000,-0.032500,692140.000000,5349265.090000,1569110800.000000,1739674550.000000,0.003414,20.303107,2013-03-31,2013-04-24,24.491524,5.516871,-30.571309,2.011717,3.788055
sz000019,2013-06-07,8.150000,8.160000,7.860000,8.000000,-0.015990,898878.000000,7194709.120000,1621819940.000000,1798113230.000000,0.004434,20.985124,2013-03-31,2013-04-24,25.314237,5.702193,-31.598252,2.079294,3.915302
sz000019,2013-06-06,8.280000,8.290000,8.030000,8.130000,-0.016929,893861.000000,7292157.080000,1648174520.000000,1827332570.000000,0.004409,21.326129,2013-03-31,2013-04-24,25.725589,5.794852,-32.111719,2.113082,3.978925
sz000019,2013-06-05,8.210000,8.290000,8.080000,8.270000,0.007308,1042546.000000,8527433.950000,1676556370.000000,1858799550.000000,0.005143,21.693376,2013-03-31,2013-04-24,26.168597,5.894643,-32.664699,2.149471,4.047444
sz000019,2013-06-04,8.520000,8.540000,8.190000,8.210000,-0.036385,1690844.000000,14019028.110000,1664392720.000000,1845313700.000000,0.008340,21.535991,2013-03-31,2013-04-24,25.978744,5.851877,-32.427718,2.133876,4.018080
sz000019,2013-06-03,8.520000,8.640000,8.450000,8.520000,0.001175,1692684.000000,14468446.680000,1727238240.000000,1914990590.000000,0.008350,22.349165,2013-03-31,2013-04-24,26.959672,6.072837,-33.652151,2.214449,4.169798
sz000019,2013-05-31,8.520000,8.620000,8.460000,8.510000,0.000000,2885770.000000,24642191.050000,1725210970.000000,1912742950.000000,0.014235,22.322936,2013-03-31,2013-04-24,26.928032,6.065710,-33.612656,2.211850,4.164905
sz000019,2013-05-30,8.580000,8.690000,8.480000,8.510000,-0.015046,2506774.000000,21417747.330000,1725210970.000000,1912742950.000000,0.012365,22.322936,2013-03-31,2013-04-24,26.928032,6.065710,-33.612656,2.211850,4.164905
sz000019,2013-05-29,8.430000,8.680000,8.380000,8.640000,0.028571,4417476.000000,37915300.460000,1751565540.000000,1941962290.000000,0.021790,22.663937,2013-03-31,2013-04-24,27.339380,6.158369,-34.126118,2.245638,4.228527
sz000019,2013-05-28,8.370000,8.540000,8.300000,8.400000,0.012048,4186971.000000,35319921.230000,1702910940.000000,1888018890.000000,0.020653,22.034393,2013-03-31,2013-04-24,26.579964,5.987306,-33.178184,2.183260,4.111070
sz000019,2013-05-27,8.420000,8.450000,8.220000,8.300000,-0.004796,1800008.000000,14996144.410000,1682638190.000000,1865542480.000000,0.008879,21.772083,2013-03-31,2013-04-24,26.263541,5.916029,-32.783212,2.157269,4.062129
sz000019,2013-05-24,8.230000,8.480000,8.220000,8.340000,0.012136,2064407.000000,17250937.370000,1690747290.000000,1874533040.000000,0.010183,21.877005,2013-03-31,2013-04-24,26.390108,5.944539,-32.941198,2.167665,4.081705
sz000019,2013-05-23,8.310000,8.340000,8.150000,8.240000,-0.008424,1765524.000000,14572538.070000,1670474540.000000,1852056630.000000,0.008709,21.614689,2013-03-31,2013-04-24,26.073678,5.873261,-32.546217,2.141674,4.032763
sz000019,2013-05-22,8.240000,8.400000,8.180000,8.310000,0.008495,2099292.000000,17399684.640000,1684665470.000000,1867790120.000000,0.010355,21.798318,2013-03-31,2013-04-24,26.295188,5.923158,-32.822715,2.159869,4.067024
sz000019,2013-05-21,8.260000,8.310000,8.210000,8.240000,-0.002421,1804400.000000,14895948.670000,1670474540.000000,1852056630.000000,0.008901,21.614701,2013-03-31,2013-04-24,26.073692,5.873265,-32.546235,2.141675,4.032766
sz000019,2013-05-20,8.250000,8.360000,8.130000,8.260000,0.002427,2623296.000000,21583914.650000,1674529090.000000,1856551910.000000,0.012940,21.667157,2013-03-31,2013-04-24,26.136970,5.887518,-32.625221,2.146873,4.042553
sz000019,2013-05-17,7.980000,8.330000,7.900000,8.240000,0.035176,3264045.000000,26456489.760000,1670474540.000000,1852056630.000000,0.016101,21.614698,2013-03-31,2013-04-24,26.073689,5.873264,-32.546231,2.141675,4.032765
sz000019,2013-05-16,7.870000,7.960000,7.810000,7.960000,0.010152,1571244.000000,12436576.590000,1613710840.000000,1789122670.000000,0.007751,20.880216,2013-03-31,2013-04-24,25.187687,5.673686,-31.440288,2.068899,3.895729
sz000019,2013-05-15,7.920000,7.940000,7.840000,7.880000,-0.007557,995243.000000,7849701.050000,1597492640.000000,1771141530.000000,0.004909,20.670370,2013-03-31,2013-04-24,24.934551,5.616666,-31.124313,2.048107,3.856577
sz000019,2013-05-14,7.900000,7.940000,7.720000,7.940000,0.010178,1359181.000000,10675410.820000,1609656290.000000,1784627380.000000,0.006704,20.827766,2013-03-31,2013-04-24,25.124416,5.659434,-31.361311,2.063702,3.885943
sz000019,2013-05-13,7.870000,7.930000,7.790000,7.860000,0.000000,1154069.000000,9056163.900000,1593438090.000000,1766646250.000000,0.005693,20.617917,2013-03-31,2013-04-24,24.871277,5.602413,-31.045332,2.042910,3.846791
sz000019,2013-05-10,7.680000,7.880000,7.670000,7.860000,0.019455,1465350.000000,11426283.750000,1593438090.000000,1766646250.000000,0.007228,20.617917,2013-03-31,2013-04-24,24.871277,5.602413,-31.045332,2.042910,3.846791
sz000019,2013-05-09,7.850000,7.850000,7.660000,7.710000,-0.010270,1200702.000000,9290318.410000,1563028970.000000,1732931630.000000,0.005923,20.224450,2013-03-31,2013-04-24,24.396640,5.495498,-30.452871,2.003923,3.773379
sz000019,2013-05-08,7.750000,7.880000,7.740000,7.790000,0.007762,1102481.000000,8595472.710000,1579247170.000000,1750912760.000000,0.005438,20.434310,2013-03-31,2013-04-24,24.649793,5.552522,-30.768867,2.024717,3.812534
sz000019,2013-05-07,7.780000,7.780000,7.700000,7.730000,-0.003866,743171.000000,5745943.670000,1567083520.000000,1737426910.000000,0.003666,20.276921,2013-03-31,2013-04-24,24.459935,5.509756,-30.531879,2.009122,3.783169
sz000019,2013-05-06,7.710000,7.790000,7.690000,7.760000,0.006485,922872.000000,7139521.540000,1573165350.000000,1744169840.000000,0.004552,20.355616,2013-03-31,2013-04-24,24.554864,5.531139,-30.650373,2.016920,3.797852
sz000019,2013-05-03,7.650000,7.770000,7.620000,7.710000,0.009162,864168.000000,6668493.570000,1563028970.000000,1732931630.000000,0.004263,20.224460,2013-03-31,2013-04-24,24.396652,5.495501,-30.452886,2.003924,3.773381
sz000019,2013-05-02,7.570000,7.640000,7.400000,7.640000,0.010582,693852.000000,5234375.910000,1548838050.000000,1717198140.000000,0.003423,20.040846,2013-03-31,2013-04-24,24.175159,5.445608,-30.176410,1.985731,3.739123
sz000019,2013-04-26,7.730000,7.850000,7.550000,7.560000,-0.032010,1107237.000000,8509473.310000,1532619850.000000,1699217000.000000,0.005462,19.830994,2013-03-31,2013-04-24,23.922017,5.388586,-29.860427,1.964938,3.699970
sz000019,2013-04-25,8.100000,8.100000,7.790000,7.810000,-0.042892,2712597.000000,21421771.560000,1583301720.000000,1755408040.000000,0.013381,20.486776,2013-03-31,2013-04-24,24.713082,5.566779,-30.847867,2.029916,3.822323
sz000019,2013-04-24,7.990000,8.320000,7.830000,8.160000,0.012407,3373010.000000,27202117.190000,1654256340.000000,1834075500.000000,0.016638,21.404874,2013-03-31,2013-04-24,25.820579,5.816249,-32.230289,2.120885,3.993617
sz000019,2013-04-23,8.100000,8.150000,7.920000,8.060000,-0.013464,1843776.000000,14810950.490000,1633983590.000000,1811599080.000000,0.009095,21.142558,2012-09-30,2012-10-23,33.192856,7.094224,-97.368732,2.073433,3.944676
sz000019,2013-04-22,7.950000,8.180000,7.910000,8.170000,0.025094,2626616.000000,21200587.650000,1656283620.000000,1836323140.000000,0.012956,21.431106,2012-09-30,2012-10-23,33.645864,7.191044,-98.697596,2.101730,3.998512
sz000019,2013-04-19,7.850000,8.010000,7.770000,7.970000,0.025740,2130424.000000,16864507.950000,1615738120.000000,1791370310.000000,0.010509,20.906479,2012-09-30,2012-10-23,32.822223,7.015009,-96.281508,2.050281,3.900629
sz000019,2013-04-18,7.780000,7.890000,7.760000,7.770000,-0.006394,787086.000000,6145652.760000,1575192620.000000,1746417480.000000,0.003882,20.381850,2012-09-30,2012-10-23,31.998580,6.838974,-93.865413,1.998831,3.802746
sz000019,2013-04-17,7.780000,7.880000,7.680000,7.820000,0.009032,886680.000000,6907367.290000,1585329000.000000,1757655680.000000,0.004374,20.513011,2012-09-30,2012-10-23,32.204495,6.882984,-94.469450,2.011694,3.827218
sz000019,2013-04-16,7.670000,7.780000,7.540000,7.750000,0.010430,813937.000000,6266178.380000,1571138070.000000,1741922190.000000,0.004015,20.329396,2012-09-30,2012-10-23,31.916228,6.821373,-93.623840,1.993687,3.792960
sz000019,2013-04-15,7.890000,7.890000,7.590000,7.670000,-0.027883,1131029.000000,8701185.520000,1554919870.000000,1723941060.000000,0.005579,20.119549,2012-09-30,2012-10-23,31.586778,6.750961,-92.657423,1.973107,3.753807
sz000019,2013-04-12,8.130000,8.170000,7.860000,7.890000,-0.024722,1313855.000000,10548568.990000,1599519920.000000,1773389180.000000,0.006481,20.696633,2012-09-30,2012-10-23,32.492774,6.944597,-95.315094,2.029701,3.861477
sz000019,2013-04-11,8.310000,8.360000,8.080000,8.090000,-0.020581,1923684.000000,15826409.570000,1640065420.000000,1818342010.000000,0.009489,21.221265,2012-09-30,2012-10-23,33.316422,7.120633,-97.731204,2.081152,3.959360
sz000019,2013-04-10,8.230000,8.330000,8.150000,8.260000,-0.001209,1701249.000000,14028036.400000,1674529090.000000,1856551910.000000,0.008392,21.667198,2012-09-30,2012-10-23,34.016516,7.270263,-99.784877,2.124884,4.042560
sz000019,2013-04-09,8.290000,8.350000,8.210000,8.270000,-0.002413,1938299.000000,16058650.060000,1676556370.000000,1858799550.000000,0.009561,21.693425,2012-09-30,2012-10-23,34.057692,7.279063,-99.905663,2.127456,4.047454
sz000019,2013-04-08,8.090000,8.320000,7.980000,8.290000,0.009744,2668243.000000,21936123.930000,1680610920.000000,1863294840.000000,0.013162,21.745898,2012-09-30,2012-10-23,34.140072,7.296670,-100.147318,2.132602,4.057244
sz000019,2013-04-03,8.080000,8.270000,8.050000,8.210000,0.003667,2371174.000000,19323173.530000,1664392720.000000,1845313700.000000,0.011696,21.536050,2012-09-30,2012-10-23,33.810621,7.226257,-99.180900,2.112022,4.018091
sz000019,2013-04-02,7.820000,8.250000,7.720000,8.180000,0.046036,1878310.000000,14890516.660000,1658310890.000000,1838570780.000000,0.009265,21.457366,2012-09-30,2012-10-23,33.687091,7.199855,-98.818532,2.104306,4.003411
sz000019,2013-04-01,7.800000,7.880000,7.740000,7.820000,0.002564,913521.000000,7145768.860000,1585329000.000000,1757655680.000000,0.004506,20.513029,2012-09-30,2012-10-23,32.204523,6.882990,-94.469533,2.011695,3.827221
sz000019,2013-03-29,7.720000,7.810000,7.720000,7.800000,0.010363,673746.000000,5228980.880000,1581274450.000000,1753160400.000000,0.003323,20.460568,2012-09-30,2012-10-23,32.122162,6.865387,-94.227932,2.006551,3.817433
sz000019,2013-03-28,7.910000,7.910000,7.710000,7.720000,-0.037406,1124159.000000,8738612.070000,1565056250.000000,1735179270.000000,0.005545,20.250710,2012-09-30,2012-10-23,31.792694,6.794971,-93.261464,1.985970,3.778279
sz000019,2013-03-27,7.930000,8.080000,7.860000,8.020000,0.011349,1138608.000000,9115900.120000,1625874490.000000,1802608520.000000,0.005616,21.037644,2012-09-30,2012-10-23,33.028145,7.059021,-96.885565,2.063144,3.925101
sz000019,2013-03-26,8.060000,8.100000,7.860000,7.930000,-0.017348,1153892.000000,9173488.040000,1607629020.000000,1782379740.000000,0.005692,20.801567,2012-09-30,2012-10-23,32.657515,6.979807,-95.798350,2.039992,3.881055
sz000019,2013-03-25,8.140000,8.140000,8.000000,8.070000,-0.004932,967850.000000,7808293.260000,1636010870.000000,1813846720.000000,0.004774,21.168803,2012-09-30,2012-10-23,33.234060,7.103030,-97.489599,2.076007,3.949572
sz000019,2013-03-22,8.060000,8.190000,8.020000,8.110000,0.007453,2270353.000000,18396243.810000,1644119970.000000,1822837290.000000,0.011199,21.273725,2012-09-30,2012-10-23,33.398782,7.138236,-97.972801,2.086296,3.969148
sz000019,2013-03-21,7.850000,8.050000,7.810000,8.050000,0.024173,2428491.000000,19366517.660000,1631956320.000000,1809351440.000000,0.011979,21.116345,2012-09-30,2012-10-23,33.151703,7.085428,-97.248012,2.070862,3.939785
sz000019,2013-03-20,7.660000,7.910000,7.620000,7.860000,0.027451,1532238.000000,11942668.070000,1593438090.000000,1766646250.000000,0.007558,20.617947,2012-09-30,2012-10-23,32.369241,6.918195,-94.952720,2.021985,3.846796
sz000019,2013-03-19,7.500000,7.660000,7.480000,7.650000,0.021362,1083019.000000,8216117.390000,1550865320.000000,1719445780.000000,0.005342,20.067086,2012-09-30,2012-10-23,31.504413,6.733357,-92.415813,1.967962,3.744019
sz000019,2013-03-18,7.710000,7.750000,7.450000,7.490000,-0.033548,1920800.000000,14573599.540000,1518428920.000000,1683483510.000000,0.009475,19.647378,2012-09-30,2012-10-23,30.845492,6.592528,-90.482917,1.926802,3.665712
sz000019,2013-03-15,7.770000,7.930000,7.680000,7.750000,-0.001289,1299744.000000,10134020.280000,1571138070.000000,1741922190.000000,0.006411,20.329389,2012-09-30,2012-10-23,31.916217,6.821371,-93.623809,1.993686,3.792958
sz000019,2013-03-14,7.700000,7.810000,7.700000,7.760000,0.000000,850797.000000,6602370.260000,1573165350.000000,1744169840.000000,0.004197,20.355627,2012-09-30,2012-10-23,31.957410,6.830175,-93.744645,1.996259,3.797854
sz000019,2013-03-13,7.930000,7.960000,7.710000,7.760000,-0.013977,960280.000000,7505791.490000,1573165350.000000,1744169840.000000,0.004737,20.355627,2012-09-30,2012-10-23,31.957410,6.830175,-93.744645,1.996259,3.797854
sz000019,2013-03-12,8.130000,8.160000,7.780000,7.870000,-0.031980,1981207.000000,15768949.560000,1595465370.000000,1768893890.000000,0.009773,20.644171,2012-09-30,2012-10-23,32.410411,6.926994,-95.073488,2.024556,3.851689
sz000019,2013-03-11,8.210000,8.210000,8.100000,8.130000,-0.012151,947967.000000,7711966.760000,1648174520.000000,1827332570.000000,0.004676,21.326182,2012-09-30,2012-10-23,33.481137,7.155837,-98.214384,2.091441,3.978935
sz000019,2013-03-08,8.210000,8.310000,8.150000,8.230000,0.011057,2576713.000000,21244952.170000,1668447270.000000,1849808990.000000,0.012710,21.588504,2012-09-30,2012-10-23,33.892971,7.243858,-99.422466,2.117166,4.027878
sz000019,2013-03-07,8.160000,8.200000,8.080000,8.140000,-0.003672,1867442.000000,15199712.320000,1650201790.000000,1829580210.000000,0.009212,21.352410,2012-09-30,2012-10-23,33.522315,7.164638,-98.335174,2.094013,3.983829
sz000019,2013-03-06,7.930000,8.170000,7.920000,8.170000,0.030265,2375043.000000,19144395.830000,1656283620.000000,1836323140.000000,0.011715,21.431105,2012-09-30,2012-10-23,33.645862,7.191044,-98.697591,2.101730,3.998511
sz000019,2013-03-05,7.830000,8.030000,7.770000,7.930000,0.019280,1625874.000000,12810724.920000,1607629020.000000,1782379740.000000,0.008020,20.801547,2012-09-30,2012-10-23,32.657484,6.979800,-95.798257,2.039990,3.881051
sz000019,2013-03-04,8.190000,8.190000,7.680000,7.780000,-0.054678,2444875.000000,19431065.110000,1577219900.000000,1748665120.000000,0.012060,20.408079,2012-09-30,2012-10-23,32.039757,6.847775,-93.986203,2.001403,3.807640
sz000019,2013-03-01,8.250000,8.250000,8.080000,8.230000,0.002436,2156661.000000,17619011.710000,1668447270.000000,1849808990.000000,0.010638,21.588495,2012-09-30,2012-10-23,33.892956,7.243854,-99.422422,2.117165,4.027876
sz000019,2013-02-28,8.080000,8.220000,8.000000,8.210000,0.019876,1827130.000000,14850287.370000,1664392720.000000,1845313700.000000,0.009013,21.536033,2012-09-30,2012-10-23,33.810594,7.226251,-99.180818,2.112021,4.018088
sz000019,2013-02-27,8.150000,8.210000,7.970000,8.050000,-0.012270,2588432.000000,20913135.690000,1631956320.000000,1809351440.000000,0.012768,21.116325,2012-09-30,2012-10-23,33.151671,7.085421,-97.247918,2.070860,3.939781
sz000019,2013-02-26,8.430000,8.500000,8.150000,8.150000,-0.036643,2466020.000000,20510456.860000,1652229070.000000,1831827860.000000,0.012164,21.378641,2012-09-30,2012-10-23,33.563495,7.173440,-98.455973,2.096585,3.988723
sz000019,2013-02-25,8.520000,8.550000,8.300000,8.460000,-0.007042,2312604.000000,19460587.800000,1715074590.000000,1901504740.000000,0.011407,22.191815,2012-09-30,2012-10-23,34.840142,7.446294,-102.200921,2.176333,4.140441
sz000019,2013-02-22,8.410000,8.700000,8.400000,8.520000,0.005903,4439806.000000,37995774.560000,1727238240.000000,1914990590.000000,0.021900,22.349198,2012-09-30,2012-10-23,35.087227,7.499103,-102.925724,2.191767,4.169805
sz000019,2013-02-21,8.390000,8.470000,8.260000,8.470000,0.009535,3388604.000000,28429663.960000,1717101870.000000,1903752380.000000,0.016715,22.218045,2012-09-30,2012-10-23,34.881322,7.455095,-102.321719,2.178905,4.145335
sz000019,2013-02-20,8.290000,8.400000,8.250000,8.390000,0.012063,1680648.000000,14032594.940000,1700883670.000000,1885771250.000000,0.008290,22.008197,2012-09-30,2012-10-23,34.551870,7.384682,-101.355297,2.158325,4.106182
sz000019,2013-02-19,8.520000,8.520000,8.270000,8.290000,-0.025852,2318463.000000,19405951.230000,1680610920.000000,1863294840.000000,0.011436,21.745877,2012-09-30,2012-10-23,34.140039,7.296663,-100.147221,2.132600,4.057240
sz000019,2013-02-18,8.380000,8.520000,8.350000,8.510000,0.017943,3540738.000000,29942853.690000,1725210970.000000,1912742950.000000,0.017466,22.322970,2012-09-30,2012-10-23,35.046049,7.490302,-102.804934,2.189195,4.164911
sz000019,2013-02-08,8.290000,8.380000,8.290000,8.360000,0.008444,1596421.000000,13332241.070000,1694801840.000000,1879028330.000000,0.007875,21.929489,2012-09-30,2012-10-23,34.428302,7.358273,-100.992820,2.150606,4.091497
sz000019,2013-02-07,8.360000,8.380000,8.250000,8.290000,-0.010740,1878255.000000,15608300.810000,1680610920.000000,1863294840.000000,0.009265,21.745867,2012-09-30,2012-10-23,34.140024,7.296660,-100.147177,2.132599,4.057238
sz000019,2013-02-06,8.330000,8.480000,8.270000,8.380000,0.004796,2336421.000000,19598317.190000,1698856390.000000,1883523610.000000,0.011525,21.981953,2012-09-30,2012-10-23,34.510668,7.375876,-101.234435,2.155752,4.101286
sz000019,2013-02-05,8.280000,8.350000,8.180000,8.340000,0.009685,2274915.000000,18813347.080000,1690747290.000000,1874533040.000000,0.011222,21.877031,2012-09-30,2012-10-23,34.345945,7.340671,-100.751232,2.145462,4.081710
sz000019,2013-02-04,8.460000,8.490000,8.250000,8.260000,-0.022485,3026919.000000,25175626.360000,1674529090.000000,1856551910.000000,0.014931,21.667184,2012-09-30,2012-10-23,34.016496,7.270258,-99.784816,2.124882,4.042558
sz000019,2013-02-01,8.450000,8.550000,8.410000,8.450000,-0.005882,2744437.000000,23244321.090000,1713047320.000000,1899257100.000000,0.013538,22.165577,2012-09-30,2012-10-23,34.798950,7.437490,-102.080087,2.173759,4.135546
sz000019,2013-01-31,8.710000,8.720000,8.460000,8.500000,-0.027460,3953887.000000,33723224.240000,1723183690.000000,1910495310.000000,0.019503,22.296727,2012-09-30,2012-10-23,35.004848,7.481496,-102.684074,2.186621,4.160015
sz000019,2013-01-30,8.600000,8.880000,8.510000,8.740000,-0.005688,6420526.000000,55660796.350000,1771838290.000000,1964438710.000000,0.031671,22.926282,2012-09-30,2012-10-23,35.993222,7.692739,-105.583394,2.248361,4.277474
sz000019,2013-01-29,8.890000,9.340000,8.770000,8.790000,0.029274,13647285.000000,122211981.750000,1781974660.000000,1975676910.000000,0.067318,23.057433,2012-09-30,2012-10-23,36.199123,7.736746,-106.187388,2.261223,4.301944
sz000019,2013-01-28,8.490000,8.620000,8.400000,8.540000,0.005889,3654745.000000,31139643.720000,1731292790.000000,1919485880.000000,0.018028,22.401647,2012-09-30,2012-10-23,35.169569,7.516702,-103.167270,2.196911,4.179590
sz000019,2013-01-25,8.390000,8.560000,8.320000,8.490000,0.007117,4087973.000000,34722644.040000,1721156420.000000,1908247670.000000,0.020165,22.270496,2012-09-30,2012-10-23,34.963668,7.472695,-102.563274,2.184049,4.155121
sz000019,2013-01-24,8.560000,8.700000,8.300000,8.430000,-0.031034,9500287.000000,80943940.140000,1708992770.000000,1894761820.000000,0.046862,22.113117,2012-09-30,2012-10-23,34.716590,7.419888,-101.838490,2.168615,4.125758
sz000019,2013-01-23,8.410000,8.870000,8.330000,8.700000,0.017544,9737673.000000,84107401.940000,1763729190.000000,1955448140.000000,0.048033,22.821355,2012-09-30,2012-10-23,35.828491,7.657531,-105.100169,2.238071,4.257897
sz000019,2013-01-22,8.460000,8.680000,8.240000,8.550000,0.001171,8245810.000000,69432212.190000,1733320070.000000,1921733520.000000,0.040674,22.427880,2012-09-30,2012-10-23,35.210754,7.525504,-103.288082,2.199483,4.184485
sz000019,2013-01-21,8.670000,8.800000,8.530000,8.540000,-0.035028,9502876.000000,81882702.670000,1731292790.000000,1919485880.000000,0.046875,22.401648,2012-09-30,2012-10-23,35.169570,7.516702,-103.167274,2.196911,4.179590
sz000019,2013-01-18,9.200000,9.200000,8.150000,8.850000,0.051069,11889077.000000,101580000.500000,1794138310.000000,1989162760.000000,0.058646,23.214817,2012-09-30,2012-10-23,36.446208,7.789554,-106.912194,2.276657,4.331307
sz000019,2012-12-27,8.080000,8.660000,8.080000,8.420000,0.047264,11085372.000000,92097020.490000,1706965490.000000,1892514180.000000,0.054681,22.086863,2012-09-30,2012-10-23,34.675372,7.411078,-101.717579,2.166040,4.120859
sz000019,2012-12-26,7.690000,8.290000,7.620000,8.040000,0.048240,7375165.000000,59205687.040000,1629929040.000000,1807103800.000000,0.036380,21.090062,2012-09-30,2012-10-23,33.110440,7.076609,-97.126970,2.068285,3.934881
sz000019,2012-12-25,7.400000,7.680000,7.380000,7.670000,0.033693,3050775.000000,23114556.600000,1554919870.000000,1723941060.000000,0.015049,20.119497,2012-09-30,2012-10-23,31.586697,6.750944,-92.657187,1.973102,3.753798
sz000019,2012-12-24,7.370000,7.450000,7.320000,7.420000,-0.001346,1132023.000000,8375423.900000,1504238000.000000,1667750020.000000,0.005584,19.463707,2012-09-30,2012-10-23,30.557136,6.530898,-89.637046,1.908789,3.631444
sz000019,2012-12-21,7.440000,7.540000,7.380000,7.430000,-0.004021,1299750.000000,9683159.830000,1506265270.000000,1669997660.000000,0.006411,19.489940,2012-09-30,2012-10-23,30.598321,6.539701,-89.757860,1.911362,3.636338
sz000019,2012-12-20,7.520000,7.520000,7.400000,7.460000,-0.011921,1265981.000000,9439646.270000,1512347100.000000,1676740590.000000,0.006245,19.568626,2012-09-30,2012-10-23,30.721854,6.566103,-90.120234,1.919079,3.651019
sz000019,2012-12-19,7.440000,7.680000,7.200000,7.550000,0.012064,2298763.000000,17344922.810000,1530592570.000000,1696969360.000000,0.011339,19.804718,2012-09-30,2012-10-23,31.092508,6.645322,-91.207518,1.942232,3.695068
sz000019,2012-12-18,7.500000,7.590000,7.450000,7.460000,-0.018421,2183314.000000,16401113.350000,1512347100.000000,1676740590.000000,0.010770,19.568642,2012-09-30,2012-10-23,30.721879,6.566108,-90.120307,1.919080,3.651022
sz000019,2012-12-17,7.420000,7.600000,7.360000,7.600000,0.024259,2316780.000000,17266444.650000,1540728950.000000,1708207570.000000,0.011428,19.935880,2012-09-30,2012-10-23,31.298427,6.689332,-91.811568,1.955095,3.719540
sz000019,2012-12-14,7.100000,7.500000,7.100000,7.420000,0.033426,3146484.000000,23107839.890000,1504238000.000000,1667750020.000000,0.015521,19.463710,2012-09-30,2012-10-23,30.557141,6.530899,-89.637062,1.908790,3.631444
sz000019,2012-12-13,7.220000,7.220000,7.040000,7.180000,-0.004161,1192400.000000,8512433.650000,1455583400.000000,1613806630.000000,0.005882,18.834160,2012-09-30,2012-10-23,29.568776,6.319658,-86.737766,1.847050,3.513986
sz000019,2012-12-12,7.210000,7.310000,7.050000,7.210000,0.001389,1629717.000000,11699412.590000,1461665220.000000,1620549550.000000,0.008039,18.912856,2012-09-30,2012-10-23,29.692325,6.346064,-87.100190,1.854768,3.528669
sz000019,2012-12-11,7.400000,7.470000,7.200000,7.200000,-0.034853,3106586.000000,22745868.720000,1459637950.000000,1618301910.000000,0.015324,18.886623,2012-09-30,2012-10-23,29.651140,6.337262,-86.979375,1.852195,3.523774
sz000019,2012-12-10,7.220000,7.570000,7.170000,7.460000,0.036111,4194949.000000,30997571.320000,1512347100.000000,1676740590.000000,0.020693,19.568649,2012-09-30,2012-10-23,30.721890,6.566111,-90.120340,1.919081,3.651023
sz000019,2012-12-07,7.060000,7.460000,7.020000,7.200000,0.019830,3091486.000000,22179805.750000,1459637950.000000,1618301910.000000,0.015249,18.886633,2012-09-30,2012-10-23,29.651157,6.337266,-86.979426,1.852196,3.523776
sz000019,2012-12-06,7.090000,7.090000,6.930000,7.060000,0.001418,958135.000000,6716620.660000,1431256100.000000,1586834930.000000,0.004726,18.519394,2012-09-30,2012-10-23,29.074608,6.214041,-85.288161,1.816181,3.455258
sz000019,2012-12-05,6.880000,7.200000,6.880000,7.050000,0.020260,2190501.000000,15460530.290000,1429228830.000000,1584587290.000000,0.010805,18.493171,2012-09-30,2012-10-23,29.033438,6.205242,-85.167394,1.813610,3.450366
sz000019,2012-12-04,6.800000,7.000000,6.620000,6.910000,0.000000,959911.000000,6524820.140000,1400846980.000000,1553120300.000000,0.004735,18.125939,2012-09-30,2012-10-23,28.456901,6.082020,-83.476167,1.777596,3.381849
sz000019,2012-12-03,7.040000,7.120000,6.860000,6.910000,-0.018466,282500.000000,1979436.620000,1400846980.000000,1553120300.000000,0.001393,18.125939,2012-09-30,2012-10-23,28.456901,6.082020,-83.476167,1.777596,3.381849
sz000019,2012-11-30,6.940000,7.040000,6.810000,7.040000,0.014409,277849.000000,1939406.630000,1427201550.000000,1582339640.000000,0.001371,18.466950,2012-09-30,2012-10-23,28.992273,6.196444,-85.046638,1.811038,3.445474
sz000019,2012-11-29,6.860000,6.990000,6.800000,6.940000,0.008721,503502.000000,3472332.110000,1406928800.000000,1559863230.000000,0.002484,18.204639,2012-09-30,2012-10-23,28.580457,6.108428,-83.838608,1.785314,3.396533
sz000019,2012-11-28,7.010000,7.010000,6.730000,6.880000,-0.032349,418760.000000,2871900.470000,1394765150.000000,1546377380.000000,0.002066,18.047249,2012-09-30,2012-10-23,28.333362,6.055617,-83.113772,1.769878,3.367168
sz000019,2012-11-27,7.420000,7.520000,6.900000,7.110000,-0.057029,671868.000000,4813607.040000,1441392480.000000,1598073130.000000,0.003314,18.650577,2012-09-30,2012-10-23,29.280558,6.258058,-85.892302,1.829046,3.479734
sz000019,2012-11-26,7.680000,7.690000,7.440000,7.540000,-0.018229,324900.000000,2450257.650000,1528565300.000000,1694721720.000000,0.001603,19.778526,2012-09-30,2012-10-23,31.051388,6.636533,-91.086897,1.939663,3.690181
sz000019,2012-11-23,7.650000,7.780000,7.610000,7.680000,0.003922,727191.000000,5606307.550000,1556947150.000000,1726188700.000000,0.003587,20.145763,2012-09-30,2012-10-23,31.627934,6.759757,-92.778150,1.975678,3.758698
sz000019,2012-11-22,7.680000,7.750000,7.590000,7.650000,-0.007782,472879.000000,3624423.690000,1550865320.000000,1719445780.000000,0.002333,20.067060,2012-09-30,2012-10-23,31.504373,6.733349,-92.415696,1.967960,3.744014
sz000019,2012-11-21,7.570000,7.720000,7.480000,7.710000,0.015810,622771.000000,4725880.070000,1563028970.000000,1732931630.000000,0.003072,20.224447,2012-09-30,2012-10-23,31.751463,6.786159,-93.140515,1.983394,3.773379
sz000019,2012-11-20,7.630000,7.630000,7.510000,7.590000,0.007968,332492.000000,2512991.660000,1538701670.000000,1705959930.000000,0.001640,19.909675,2012-09-30,2012-10-23,31.257286,6.680539,-91.690882,1.952525,3.714650
sz000019,2012-11-19,7.480000,7.570000,7.420000,7.530000,0.001330,311402.000000,2331681.880000,1526538020.000000,1692474080.000000,0.001536,19.752289,2012-09-30,2012-10-23,31.010196,6.627730,-90.966065,1.937090,3.685286
sz000019,2012-11-16,7.580000,7.600000,7.470000,7.520000,-0.007916,291041.000000,2191882.470000,1524510750.000000,1690226440.000000,0.001436,19.726053,2012-09-30,2012-10-23,30.969008,6.618926,-90.845240,1.934517,3.680391
sz000019,2012-11-15,7.600000,7.750000,7.550000,7.580000,-0.005249,745590.000000,5693457.190000,1536674400.000000,1703712290.000000,0.003678,19.883450,2012-09-30,2012-10-23,31.216114,6.671740,-91.570109,1.949953,3.709757
sz000019,2012-11-14,7.620000,7.650000,7.530000,7.620000,-0.002618,400639.000000,3043143.540000,1544783500.000000,1712702850.000000,0.001976,19.988369,2012-09-30,2012-10-23,31.380832,6.706945,-92.053297,1.960242,3.729333
sz000019,2012-11-13,7.730000,7.740000,7.600000,7.640000,-0.011643,528770.000000,4055393.100000,1548838050.000000,1717198140.000000,0.002608,20.040836,2012-09-30,2012-10-23,31.463203,6.724550,-92.294925,1.965388,3.739122
sz000019,2012-11-12,7.740000,7.790000,7.610000,7.730000,0.001295,568399.000000,4390996.130000,1567083520.000000,1737426910.000000,0.002804,20.276920,2012-09-30,2012-10-23,31.833844,6.803766,-93.382174,1.988540,3.783169
sz000019,2012-11-09,7.630000,7.760000,7.620000,7.720000,0.002597,607810.000000,4668400.100000,1565056250.000000,1735179270.000000,0.002998,20.250696,2012-09-30,2012-10-23,31.792673,6.794966,-93.261400,1.985969,3.778276
sz000019,2012-11-08,7.810000,7.880000,7.620000,7.700000,-0.027778,726798.000000,5658177.820000,1561001700.000000,1730683990.000000,0.003585,20.198241,2012-09-30,2012-10-23,31.710321,6.777365,-93.019828,1.980824,3.768489
sz000019,2012-11-07,8.020000,8.020000,7.850000,7.920000,-0.005025,866165.000000,6851347.050000,1605601740.000000,1780132100.000000,0.004273,20.775338,2012-09-30,2012-10-23,32.616338,6.971006,-95.677559,2.037420,3.876161
sz000019,2012-11-06,8.130000,8.170000,7.900000,7.960000,-0.020910,822913.000000,6566048.420000,1613710840.000000,1789122670.000000,0.004059,20.880262,2012-09-30,2012-10-23,32.781063,7.006212,-96.160767,2.047710,3.895738
sz000019,2012-11-05,8.130000,8.210000,8.050000,8.130000,-0.009744,703369.000000,5714202.450000,1648174520.000000,1827332570.000000,0.003470,21.326192,2012-09-30,2012-10-23,33.481154,7.155841,-98.214431,2.091442,3.978937
sz000019,2012-11-02,8.100000,8.270000,8.070000,8.210000,0.014833,1000284.000000,8179089.920000,1664392720.000000,1845313700.000000,0.004934,21.536039,2012-09-30,2012-10-23,33.810604,7.226254,-99.180849,2.112021,4.018089
sz000019,2012-11-01,7.850000,8.140000,7.850000,8.090000,0.020177,821721.000000,6608857.470000,1640065420.000000,1818342010.000000,0.004053,21.221264,2012-09-30,2012-10-23,33.316422,7.120633,-97.731202,2.081151,3.959360
sz000019,2012-10-31,7.940000,8.000000,7.880000,7.930000,0.000000,459919.000000,3639697.910000,1607629020.000000,1782379740.000000,0.002269,20.801552,2012-09-30,2012-10-23,32.657491,6.979802,-95.798280,2.039991,3.881052
sz000019,2012-10-30,7.980000,8.020000,7.920000,7.930000,-0.002516,470800.000000,3747767.600000,1607629020.000000,1782379740.000000,0.002322,20.801552,2012-09-30,2012-10-23,32.657491,6.979802,-95.798280,2.039991,3.881052
sz000019,2012-10-29,7.940000,8.040000,7.920000,7.950000,0.001259,337257.000000,2682068.010000,1611683570.000000,1786875020.000000,0.001664,20.854020,2012-09-30,2012-10-23,32.739865,6.997407,-96.039917,2.045136,3.890842
sz000019,2012-10-26,8.170000,8.250000,7.880000,7.940000,-0.032887,967620.000000,7770503.840000,1609656290.000000,1784627380.000000,0.004773,20.827798,2012-09-30,2012-10-23,32.698697,6.988609,-95.919154,2.042565,3.885949
sz000019,2012-10-25,8.400000,8.410000,8.200000,8.210000,-0.022619,909952.000000,7552891.440000,1664392720.000000,1845313700.000000,0.004489,21.536054,2012-09-30,2012-10-23,33.810627,7.226258,-99.180917,2.112023,4.018092
sz000019,2012-10-24,8.450000,8.480000,8.330000,8.400000,-0.010601,844022.000000,7076766.790000,1702910940.000000,1888018890.000000,0.004163,22.034452,2012-09-30,2012-10-23,34.593088,7.393492,-101.476208,2.160900,4.111081
sz000019,2012-10-23,8.620000,8.620000,8.380000,8.490000,-0.017361,1779825.000000,15088961.040000,1721156420.000000,1908247670.000000,0.008779,22.270542,2012-09-30,2012-10-23,34.963739,7.472710,-102.563483,2.184053,4.155129
sz000019,2012-10-22,8.380000,8.680000,8.330000,8.640000,0.027348,2345686.000000,20130487.550000,1751565540.000000,1941962290.000000,0.011571,22.664011,2012-06-30,2012-08-21,23.704212,7.415434,-298.642259,2.215337,4.228541
sz000019,2012-10-19,8.360000,8.450000,8.300000,8.410000,0.007186,977539.000000,8206348.130000,1704938220.000000,1890266540.000000,0.004822,22.060696,2012-06-30,2012-08-21,23.073206,7.218036,-290.692404,2.156365,4.115977
sz000019,2012-10-18,8.250000,8.400000,8.220000,8.350000,0.010896,1068305.000000,8911281.500000,1692774570.000000,1876780690.000000,0.005270,21.903298,2012-06-30,2012-08-21,22.908585,7.166537,-288.618392,2.140980,4.086611
sz000019,2012-10-17,8.360000,8.360000,8.120000,8.260000,-0.008403,844734.000000,6956162.770000,1674529090.000000,1856551910.000000,0.004167,21.667213,2012-06-30,2012-08-21,22.661663,7.089292,-285.507502,2.117903,4.042563
sz000019,2012-10-16,8.440000,8.480000,8.300000,8.330000,-0.008333,1126009.000000,9427098.050000,1688720020.000000,1872285400.000000,0.005554,21.850825,2012-06-30,2012-08-21,22.853703,7.149368,-287.926952,2.135851,4.076821
sz000019,2012-10-15,8.170000,8.420000,8.120000,8.400000,0.028152,1114416.000000,9236935.040000,1702910940.000000,1888018890.000000,0.005497,22.034438,2012-06-30,2012-08-21,23.045743,7.209444,-290.346409,2.153798,4.111078
sz000019,2012-10-12,8.230000,8.310000,8.120000,8.170000,-0.007290,527445.000000,4333346.430000,1656283620.000000,1836323140.000000,0.002602,21.431109,2012-06-30,2012-08-21,22.414724,7.012041,-282.396386,2.094825,3.998512
sz000019,2012-10-11,8.320000,8.400000,8.150000,8.230000,-0.009627,605929.000000,5014003.860000,1668447270.000000,1849808990.000000,0.002989,21.588489,2012-06-30,2012-08-21,22.579327,7.063534,-284.470173,2.110208,4.027875
sz000019,2012-10-10,8.240000,8.320000,8.200000,8.310000,0.004837,649155.000000,5362377.630000,1684665470.000000,1867790120.000000,0.003202,21.798342,2012-06-30,2012-08-21,22.798811,7.132196,-287.235388,2.130721,4.067029
sz000019,2012-10-09,8.180000,8.310000,8.120000,8.270000,0.020988,766920.000000,6315825.940000,1676556370.000000,1858799550.000000,0.003783,21.693411,2012-06-30,2012-08-21,22.689064,7.097864,-285.852719,2.120464,4.047451
sz000019,2012-10-08,8.030000,8.180000,8.030000,8.100000,0.003717,642301.000000,5205147.640000,1642092690.000000,1820589650.000000,0.003168,21.247469,2012-06-30,2012-08-21,22.222655,6.951956,-279.976571,2.076875,3.964249
sz000019,2012-09-28,7.900000,8.080000,7.830000,8.070000,0.020228,461619.000000,3695975.500000,1636010870.000000,1813846720.000000,0.002277,21.168785,2012-06-30,2012-08-21,22.140359,6.926211,-278.939752,2.069183,3.949569
sz000019,2012-09-27,7.770000,7.950000,7.710000,7.910000,0.025940,621507.000000,4874563.280000,1603574470.000000,1777884460.000000,0.003066,20.749073,2012-06-30,2012-08-21,21.701384,6.788886,-273.409230,2.028158,3.871261
sz000019,2012-09-26,7.960000,8.000000,7.700000,7.710000,-0.026515,453280.000000,3549352.200000,1563028970.000000,1732931630.000000,0.002236,20.224450,2012-06-30,2012-08-21,21.152683,6.617235,-266.496315,1.976878,3.773379
sz000019,2012-09-25,8.010000,8.080000,7.910000,7.920000,-0.014925,359898.000000,2870747.190000,1605601740.000000,1780132100.000000,0.001775,20.775308,2012-06-30,2012-08-21,21.728823,6.797470,-273.754927,2.030722,3.876156
sz000019,2012-09-24,7.900000,8.040000,7.710000,8.040000,0.003745,797680.000000,6281689.760000,1629929040.000000,1807103800.000000,0.003935,21.090077,2012-06-30,2012-08-21,22.058039,6.900459,-277.902624,2.061490,3.934884
sz000019,2012-09-21,8.070000,8.180000,8.000000,8.010000,-0.008663,719100.000000,5792825.670000,1623847220.000000,1800360870.000000,0.003547,21.011389,2012-06-30,2012-08-21,21.975740,6.874713,-276.865762,2.053799,3.920203
sz000019,2012-09-20,8.450000,8.490000,8.030000,8.080000,-0.041518,885038.000000,7277320.690000,1638038140.000000,1816094360.000000,0.004366,21.195002,2012-06-30,2012-08-21,22.167779,6.934789,-279.285209,2.071746,3.954460
sz000019,2012-09-19,8.400000,8.470000,8.330000,8.430000,0.005967,282226.000000,2374754.080000,1708992770.000000,1894761820.000000,0.001392,22.113093,2012-06-30,2012-08-21,23.128008,7.235179,-291.382842,2.161487,4.125753
sz000019,2012-09-18,8.370000,8.450000,8.300000,8.380000,0.001195,407110.000000,3412729.640000,1698856390.000000,1883523610.000000,0.002008,21.981927,2012-06-30,2012-08-21,22.990822,7.192263,-289.654474,2.148666,4.101281
sz000019,2012-09-17,8.720000,8.780000,8.240000,8.370000,-0.040138,899227.000000,7631275.560000,1696829120.000000,1881275970.000000,0.004436,21.955690,2012-06-30,2012-08-21,22.963380,7.183679,-289.308750,2.146101,4.096386
sz000019,2012-09-14,8.720000,8.810000,8.630000,8.720000,0.004608,879258.000000,7669911.800000,1767783740.000000,1959943420.000000,0.004337,22.873798,2012-06-30,2012-08-21,23.923627,7.484075,-301.406608,2.235843,4.267682
sz000019,2012-09-13,8.820000,8.970000,8.660000,8.680000,-0.023622,1514540.000000,13339664.150000,1759674640.000000,1950952860.000000,0.007471,22.768879,2012-06-30,2012-08-21,23.813893,7.449746,-300.024097,2.225588,4.248107
sz000019,2012-09-12,8.840000,8.950000,8.750000,8.890000,0.005656,1661489.000000,14711916.530000,1802247410.000000,1998153330.000000,0.008196,23.319738,2012-06-30,2012-08-21,24.390034,7.629982,-307.282730,2.279433,4.350883
sz000019,2012-09-11,8.640000,8.850000,8.640000,8.840000,0.014925,2159162.000000,18984829.410000,1792111040.000000,1986915120.000000,0.010651,23.188584,2012-06-30,2012-08-21,24.252860,7.587069,-305.554514,2.266613,4.326413
sz000019,2012-09-10,8.700000,8.870000,8.590000,8.710000,0.001149,1676728.000000,14671940.690000,1765756460.000000,1957695780.000000,0.008271,22.847583,2012-06-30,2012-08-21,23.896209,7.475497,-301.061176,2.233281,4.262791
sz000019,2012-09-07,8.480000,8.790000,8.410000,8.700000,0.032028,2289385.000000,19838614.590000,1763729190.000000,1955448140.000000,0.011293,22.821362,2012-06-30,2012-08-21,23.868784,7.466918,-300.715653,2.230718,4.257899
sz000019,2012-09-06,8.300000,8.430000,8.250000,8.430000,0.014440,970994.000000,8134925.370000,1708992770.000000,1894761820.000000,0.004790,22.113123,2012-06-30,2012-08-21,23.128039,7.235189,-291.383231,2.161490,4.125759
sz000019,2012-09-05,8.300000,8.410000,8.240000,8.310000,-0.007168,840761.000000,6997427.650000,1684665470.000000,1867790120.000000,0.004147,21.798354,2012-06-30,2012-08-21,22.798824,7.132200,-287.235550,2.130722,4.067031
sz000019,2012-09-04,8.200000,8.460000,8.190000,8.370000,0.014545,1594417.000000,13330307.790000,1696829120.000000,1881275970.000000,0.007865,21.955733,2012-06-30,2012-08-21,22.963426,7.183693,-289.309319,2.146105,4.096394
sz000019,2012-09-03,8.180000,8.260000,8.030000,8.250000,0.019778,993628.000000,8125325.730000,1672501820.000000,1854304270.000000,0.004901,21.640965,2012-06-30,2012-08-21,22.634211,7.080704,-285.161643,2.115338,4.037666
sz000019,2012-08-31,8.100000,8.180000,8.020000,8.090000,0.001238,778051.000000,6294689.760000,1640065420.000000,1818342010.000000,0.003838,21.221251,2012-06-30,2012-08-21,22.195234,6.943378,-279.631099,2.074312,3.959358
sz000019,2012-08-30,8.260000,8.450000,8.060000,8.080000,-0.025332,1038071.000000,8542536.460000,1638038140.000000,1816094360.000000,0.005121,21.195012,2012-06-30,2012-08-21,22.167790,6.934793,-279.285344,2.071747,3.954462
sz000019,2012-08-29,8.300000,8.470000,8.170000,8.290000,0.002418,893035.000000,7443655.170000,1680610920.000000,1863294840.000000,0.004405,21.745878,2012-06-30,2012-08-21,22.743939,7.115031,-286.544078,2.125593,4.057240
sz000019,2012-08-28,8.250000,8.440000,8.130000,8.270000,-0.011947,1342766.000000,11105185.930000,1676556370.000000,1858799550.000000,0.006624,21.693424,2012-06-30,2012-08-21,22.689077,7.097868,-285.852886,2.120465,4.047453
sz000019,2012-08-27,8.890000,8.890000,8.330000,8.370000,-0.057432,1634586.000000,13971034.480000,1696829120.000000,1881275970.000000,0.008063,21.955729,2012-06-30,2012-08-21,22.963421,7.183691,-289.309264,2.146105,4.096393
sz000019,2012-08-24,8.670000,9.080000,8.600000,8.880000,0.019518,3362900.000000,29898481.100000,1800220140.000000,1995905690.000000,0.016588,23.293522,2012-06-30,2012-08-21,24.362615,7.621404,-306.937286,2.276870,4.345992
sz000019,2012-08-23,8.600000,8.750000,8.570000,8.710000,0.005774,1916968.000000,16669759.450000,1765756460.000000,1957695780.000000,0.009456,22.847583,2012-06-30,2012-08-21,23.896209,7.475497,-301.061174,2.233281,4.262791
sz000019,2012-08-22,8.760000,8.820000,8.620000,8.660000,-0.024775,1750685.000000,15229954.860000,1755620090.000000,1946457570.000000,0.008636,22.716419,2012-06-30,2012-08-21,23.759024,7.432581,-299.332826,2.220460,4.238319
sz000019,2012-08-21,8.990000,9.000000,8.510000,8.880000,-0.008929,4605239.000000,40555729.520000,1800220140.000000,1995905690.000000,0.022716,23.293516,2012-06-30,2012-08-21,24.362608,7.621402,-306.937195,2.276869,4.345991
sz000019,2012-08-20,8.360000,8.980000,8.360000,8.960000,0.067938,3954674.000000,34199041.440000,1816438340.000000,2013886820.000000,0.019507,23.503377,2012-03-31,2012-04-27,151.936557,7.806798,-4723.248638,2.536679,4.385146
sz000019,2012-08-17,8.110000,8.390000,8.110000,8.390000,0.028186,1213677.000000,10050477.900000,1700883670.000000,1885771250.000000,0.005987,22.008185,2012-03-31,2012-04-27,142.270953,7.310160,-4422.774204,2.375306,4.106180
sz000019,2012-08-16,8.180000,8.250000,8.120000,8.160000,-0.002445,763510.000000,6249442.230000,1654256340.000000,1834075500.000000,0.003766,21.404868,2012-03-31,2012-04-27,138.370833,7.109765,-4301.531244,2.310191,3.993616
sz000019,2012-08-15,8.120000,8.230000,8.090000,8.180000,0.002451,902425.000000,7367126.980000,1658310890.000000,1838570780.000000,0.004451,21.457331,2012-03-31,2012-04-27,138.709979,7.127191,-4312.074266,2.315853,4.003404
sz000019,2012-08-14,8.120000,8.260000,7.900000,8.160000,0.000000,818375.000000,6588660.580000,1654256340.000000,1834075500.000000,0.004037,21.404867,2012-03-31,2012-04-27,138.370832,7.109765,-4301.531213,2.310191,3.993616
sz000019,2012-08-13,8.320000,8.410000,8.150000,8.160000,-0.009709,1103914.000000,9176738.460000,1654256340.000000,1834075500.000000,0.005445,21.404867,2012-03-31,2012-04-27,138.370832,7.109765,-4301.531213,2.310191,3.993616
sz000019,2012-08-10,8.320000,8.400000,8.220000,8.240000,-0.022539,1123927.000000,9330997.060000,1670474540.000000,1852056630.000000,0.005544,21.614725,2012-03-31,2012-04-27,139.727446,7.179470,-4343.704237,2.332840,4.032770
sz000019,2012-08-09,8.350000,8.460000,8.200000,8.430000,0.020581,1806209.000000,15083195.970000,1708992770.000000,1894761820.000000,0.008910,22.113133,2012-03-31,2012-04-27,142.949382,7.345019,-4443.864499,2.386633,4.125761
sz000019,2012-08-08,8.280000,8.350000,8.150000,8.260000,-0.002415,1006716.000000,8314703.140000,1674529090.000000,1856551910.000000,0.004966,21.667200,2012-03-31,2012-04-27,140.066670,7.196900,-4354.249686,2.338504,4.042561
sz000019,2012-08-07,8.170000,8.360000,8.170000,8.280000,0.008526,1165023.000000,9640659.020000,1678583640.000000,1861047200.000000,0.005747,21.719653,2012-03-31,2012-04-27,140.405750,7.214323,-4364.790656,2.344165,4.052347
sz000019,2012-08-06,8.000000,8.240000,7.950000,8.210000,0.023691,861387.000000,7002739.430000,1664392720.000000,1845313700.000000,0.004249,21.536037,2012-03-31,2012-04-27,139.218771,7.153333,-4327.891057,2.324348,4.018089
sz000019,2012-08-03,7.920000,8.050000,7.920000,8.020000,0.013906,591366.000000,4725076.790000,1625874490.000000,1802608520.000000,0.002917,21.037634,2012-03-31,2012-04-27,135.996869,6.987786,-4227.731861,2.270556,3.925099
sz000019,2012-08-02,7.770000,8.100000,7.760000,7.910000,0.003807,1011048.000000,8074109.690000,1603574470.000000,1777884460.000000,0.004987,20.749097,2012-03-31,2012-04-27,134.131634,6.891946,-4169.747354,2.239415,3.871266
sz000019,2012-08-01,7.740000,7.960000,7.670000,7.880000,0.023377,768747.000000,6035988.650000,1597492640.000000,1771141530.000000,0.003792,20.670405,2012-03-31,2012-04-27,133.622932,6.865808,-4153.933330,2.230921,3.856584
sz000019,2012-07-31,7.820000,7.820000,7.440000,7.700000,-0.015345,882100.000000,6755986.570000,1561001700.000000,1730683990.000000,0.004351,20.198231,2012-03-31,2012-04-27,130.570583,6.708972,-4059.045035,2.179960,3.768488
sz000019,2012-07-30,8.300000,8.360000,7.690000,7.820000,-0.058965,1240556.000000,9937671.690000,1585329000.000000,1757655680.000000,0.006119,20.513003,2012-03-31,2012-04-27,132.605413,6.813526,-4122.301755,2.213933,3.827216
sz000019,2012-07-27,8.470000,8.470000,8.300000,8.310000,-0.009535,673490.000000,5634651.200000,1684665470.000000,1867790120.000000,0.003322,21.798342,2012-03-31,2012-04-27,140.914433,7.240460,-4380.604074,2.352658,4.067029
sz000019,2012-07-26,8.540000,8.630000,8.380000,8.390000,-0.007101,893344.000000,7609443.110000,1700883670.000000,1885771250.000000,0.004407,22.008190,2012-03-31,2012-04-27,142.270987,7.310162,-4422.775236,2.375306,4.106181
sz000019,2012-07-25,8.540000,8.660000,8.420000,8.450000,-0.015152,876454.000000,7465830.150000,1713047320.000000,1899257100.000000,0.004323,22.165588,2012-03-31,2012-04-27,143.288478,7.362443,-4454.405973,2.392294,4.135548
sz000019,2012-07-24,8.430000,8.700000,8.380000,8.580000,0.009412,986721.000000,8445790.570000,1739401890.000000,1928476440.000000,0.004867,22.506608,2012-03-31,2012-04-27,145.492988,7.475715,-4522.937522,2.429100,4.199173
sz000019,2012-07-23,8.780000,8.780000,8.450000,8.500000,-0.041714,1613308.000000,13805859.180000,1723183690.000000,1910495310.000000,0.007958,22.296751,2012-03-31,2012-04-27,144.136376,7.406009,-4480.764566,2.406450,4.160019
sz000019,2012-07-20,8.610000,9.200000,8.550000,8.870000,0.018370,2383510.000000,21216329.420000,1798192860.000000,1993658050.000000,0.011757,23.267324,2012-03-31,2012-04-27,150.410604,7.728392,-4675.811361,2.511202,4.341104
sz000019,2012-07-19,8.500000,8.960000,8.450000,8.710000,0.013970,2024497.000000,17719049.330000,1765756460.000000,1957695780.000000,0.009986,22.847614,2012-03-31,2012-04-27,147.697403,7.588982,-4591.466128,2.465904,4.262797
sz000019,2012-07-18,8.400000,8.590000,8.270000,8.590000,0.017773,1420589.000000,11917772.310000,1741429160.000000,1930724080.000000,0.007007,22.532830,2012-03-31,2012-04-27,145.662498,7.484425,-4528.207076,2.431930,4.204066
sz000019,2012-07-17,8.490000,8.500000,8.030000,8.440000,-0.009390,1708637.000000,14256561.030000,1711020040.000000,1897009460.000000,0.008428,22.139347,2012-03-31,2012-04-27,143.118847,7.353727,-4449.132641,2.389462,4.130652
sz000019,2012-07-16,9.240000,9.240000,8.510000,8.520000,-0.079914,2697710.000000,23904570.370000,1727238240.000000,1914990590.000000,0.013307,22.349207,2012-03-31,2012-04-27,144.475471,7.423433,-4491.306005,2.412112,4.169806
sz000019,2012-07-13,9.400000,9.400000,9.100000,9.260000,-0.035417,3726878.000000,34441089.330000,1877256590.000000,2081316070.000000,0.018384,24.290345,2012-03-31,2012-04-27,157.023877,8.068195,-4881.398048,2.621615,4.531974
sz000019,2012-07-12,9.950000,9.980000,9.550000,9.600000,0.028939,5926343.000000,57553069.190000,1946183930.000000,2157735880.000000,0.029233,25.182224,2012-03-31,2012-04-27,162.789389,8.364438,-5060.630395,2.717874,4.698377
sz000019,2012-07-11,9.240000,9.370000,9.110000,9.330000,0.000000,1631674.000000,15125337.470000,1891447510.000000,2097049560.000000,0.008049,24.473972,2012-03-31,2012-04-27,158.210923,8.129187,-4918.299719,2.641434,4.566235
sz000019,2012-07-10,9.020000,9.460000,8.950000,9.330000,0.034368,3095825.000000,28795058.450000,1891447510.000000,2097049560.000000,0.015271,24.473972,2012-03-31,2012-04-27,158.210923,8.129187,-4918.299719,2.641434,4.566235
sz000019,2012-07-09,8.730000,9.300000,8.720000,9.020000,0.021518,3517571.000000,31850148.770000,1828601990.000000,2027372670.000000,0.017351,23.660797,2012-03-31,2012-04-27,152.954194,7.859086,-4754.883870,2.553669,4.414516
sz000019,2012-07-06,8.590000,8.830000,8.540000,8.830000,0.033958,1176005.000000,10223871.520000,1790083760.000000,1984667480.000000,0.005801,23.162389,2012-03-31,2012-04-27,149.732255,7.693537,-4654.723530,2.499877,4.321526
sz000019,2012-07-05,8.820000,8.820000,8.540000,8.540000,-0.036117,988467.000000,8522745.270000,1206131880.000000,1919485880.000000,0.006999,22.401673,2012-03-31,2012-04-27,144.814639,7.440860,-4501.849717,2.417774,4.179595
sz000019,2012-07-04,8.830000,8.920000,8.750000,8.860000,0.017222,1357215.000000,11981933.010000,1251326520.000000,1991410400.000000,0.009610,23.241071,2012-03-31,2012-04-27,150.240890,7.719671,-4670.535446,2.508369,4.336206
sz000019,2012-07-03,8.890000,8.890000,8.680000,8.710000,-0.020247,1471191.000000,12872719.300000,1230141530.000000,1957695780.000000,0.010417,22.847590,2012-03-31,2012-04-27,147.697248,7.588974,-4591.461299,2.465901,4.262792
sz000019,2012-07-02,8.660000,8.990000,8.560000,8.890000,0.027746,2066517.000000,18182821.360000,1255563510.000000,1998153330.000000,0.014632,23.319745,2012-03-31,2012-04-27,150.749472,7.745803,-4686.345741,2.516860,4.350884
sz000019,2012-06-29,8.500000,8.670000,8.450000,8.650000,0.000000,1344650.000000,11514986.640000,1221667530.000000,1944209930.000000,0.009521,22.690183,2012-03-31,2012-04-27,146.679697,7.536690,-4559.828733,2.448913,4.233424
sz000019,2012-06-28,8.830000,8.950000,8.650000,8.650000,-0.020385,1596833.000000,14111949.120000,1221667530.000000,1944209930.000000,0.011306,22.690183,2012-03-31,2012-04-27,146.679697,7.536690,-4559.828733,2.448913,4.233424
sz000019,2012-06-27,8.880000,9.030000,8.730000,8.830000,-0.005631,1910465.000000,17004955.080000,1247089520.000000,1984667480.000000,0.013527,23.162347,2012-03-31,2012-04-27,149.731984,7.693523,-4654.715101,2.499872,4.321518
sz000019,2012-06-26,9.080000,9.080000,8.720000,8.880000,-0.019868,2433475.000000,21487737.310000,1254151180.000000,1995905690.000000,0.017230,23.293513,2012-03-31,2012-04-27,150.579899,7.737090,-4681.074230,2.514029,4.345990
sz000019,2012-06-25,9.320000,9.380000,9.000000,9.060000,-0.033084,2450913.000000,22465473.600000,1279573160.000000,2036363240.000000,0.017354,23.765690,2012-03-31,2012-04-27,153.632265,7.893927,-4775.963064,2.564990,4.434087
sz000019,2012-06-21,9.350000,9.450000,9.230000,9.370000,0.002139,2721296.000000,25444867.520000,1323355470.000000,2106040120.000000,0.019268,24.578857,2012-03-31,2012-04-27,158.888947,8.164025,-4939.377426,2.652754,4.585803
sz000019,2012-06-20,9.530000,9.660000,9.300000,9.350000,-0.025026,4018008.000000,37887541.500000,1320530800.000000,2101544840.000000,0.028449,24.526395,2012-03-31,2012-04-27,158.549809,8.146600,-4928.834649,2.647092,4.576015
sz000019,2012-06-19,9.940000,9.950000,9.500000,9.590000,-0.061644,6785831.000000,65804472.210000,1354426780.000000,2155488240.000000,0.048047,25.155947,2012-03-31,2012-04-27,162.619525,8.355710,-5055.349834,2.715038,4.693474
sz000019,2012-06-18,10.300000,10.690000,10.220000,10.220000,-0.099559,9755752.000000,100484289.060000,1443403720.000000,2297089650.000000,0.069075,26.808533,2012-03-31,2012-04-27,173.302590,8.904627,-5387.454052,2.893399,5.001805
sz000019,2012-05-21,10.600000,11.390000,10.350000,11.350000,0.070755,4917302.000000,53558619.840000,1602997290.000000,2551073150.000000,0.034817,29.772670,2012-03-31,2012-04-27,192.464126,9.889184,-5983.128325,3.213313,5.554840
sz000019,2012-05-18,10.800000,10.950000,10.550000,10.600000,-0.031079,2679824.000000,28682316.230000,1497072350.000000,2382500030.000000,0.018974,27.805305,2012-03-31,2012-04-27,179.746185,9.235711,-5587.765945,3.000979,5.187779
sz000019,2012-05-17,10.700000,11.000000,10.600000,10.940000,0.017674,4054239.000000,44130086.590000,1545091660.000000,2458919840.000000,0.028706,28.697185,2012-03-31,2012-04-27,185.511703,9.531955,-5766.998491,3.097238,5.354181
sz000019,2012-05-16,10.730000,11.140000,10.560000,10.750000,-0.013761,4471677.000000,48274878.990000,1518257340.000000,2416214660.000000,0.031662,28.198800,2012-03-31,2012-04-27,182.289911,9.366413,-5666.842713,3.043448,5.261195
sz000019,2012-05-15,10.290000,11.170000,10.260000,10.900000,0.064453,7473204.000000,81065557.930000,1539442330.000000,2449929280.000000,0.052914,28.592258,2012-03-31,2012-04-27,184.833403,9.497102,-5745.912211,3.085913,5.334604
sz000019,2012-05-14,10.120000,10.550000,9.850000,10.240000,0.020937,2436696.000000,24981288.360000,1446228390.000000,2301584940.000000,0.017253,26.860987,2012-03-31,2012-04-27,173.641676,8.922050,-5397.995225,2.899060,5.011592
sz000019,2012-05-11,10.190000,10.220000,10.010000,10.030000,-0.015702,1449228.000000,14619382.400000,1416569410.000000,2254384460.000000,0.010261,26.310131,2012-03-31,2012-04-27,170.080697,8.739080,-5287.295127,2.839607,4.908816
sz000019,2012-05-10,9.930000,10.280000,9.930000,10.190000,0.016966,1773212.000000,18011684.490000,1439166730.000000,2290346730.000000,0.012555,26.729843,2012-03-31,2012-04-27,172.793907,8.878490,-5371.640628,2.884906,4.987124
sz000019,2012-05-09,10.150000,10.190000,9.990000,10.020000,-0.017647,961972.000000,9679999.110000,1415157070.000000,2252136820.000000,0.006811,26.283910,2012-03-31,2012-04-27,169.911193,8.730370,-5282.025779,2.836777,4.903924
sz000019,2012-05-08,10.150000,10.290000,9.950000,10.200000,0.004926,1715011.000000,17382919.280000,1440579060.000000,2292594370.000000,0.012143,26.756075,2012-03-31,2012-04-27,172.963480,8.887203,-5376.912147,2.887737,4.992018
sz000019,2012-05-07,9.800000,10.200000,9.800000,10.150000,0.016016,2109674.000000,21276208.960000,1433517400.000000,2281356160.000000,0.014938,26.624921,2012-03-31,2012-04-27,172.115638,8.843639,-5350.555312,2.873582,4.967548
sz000019,2012-05-04,9.830000,10.180000,9.800000,9.990000,0.016277,1966838.000000,19661116.620000,1410920080.000000,2245393900.000000,0.013926,26.205218,2012-03-31,2012-04-27,169.402488,8.704232,-5266.211666,2.828284,4.889242
sz000019,2012-05-03,9.900000,9.900000,9.670000,9.830000,-0.015030,2344993.000000,22952546.710000,1388322760.000000,2209431630.000000,0.016604,25.785507,2012-03-31,2012-04-27,166.689287,8.564822,-5181.866426,2.782986,4.810934
sz000019,2012-05-02,10.160000,10.190000,9.660000,9.980000,-0.001001,2753109.000000,27133276.460000,1409507750.000000,2243146260.000000,0.019493,26.178977,2012-03-31,2012-04-27,169.232856,8.695516,-5260.938329,2.825452,4.884346
sz000019,2012-04-26,10.250000,10.350000,9.900000,9.990000,-0.037572,2761160.000000,27824628.070000,1410920080.000000,2245393900.000000,0.019550,26.205209,2011-12-31,2012-04-07,359.081774,7.876361,-133.394053,2.816678,4.889240
sz000019,2012-04-25,10.200000,10.410000,10.000000,10.380000,0.033865,3218234.000000,33151037.470000,1466001040.000000,2333051920.000000,0.022787,27.228227,2011-12-31,2012-04-07,373.099883,8.183844,-138.601592,2.926638,5.080110
sz000019,2012-04-24,10.190000,10.350000,9.600000,10.040000,-0.032755,3195943.000000,31902868.880000,1417981740.000000,2256632110.000000,0.022629,26.336347,2011-12-31,2012-04-07,360.878725,7.915777,-134.061596,2.830774,4.913707
sz000019,2012-04-23,10.530000,10.600000,10.070000,10.380000,-0.015180,3243060.000000,33443633.590000,1466001040.000000,2333051920.000000,0.022962,27.228207,2011-12-31,2012-04-07,373.099602,8.183838,-138.601488,2.926636,5.080106
sz000019,2012-04-20,10.690000,10.890000,10.310000,10.540000,-0.022263,3864713.000000,40834530.520000,1488598360.000000,2369014180.000000,0.027364,27.647902,2011-12-31,2012-04-07,378.850554,8.309984,-140.737889,2.971747,5.158411
sz000019,2012-04-19,10.440000,11.160000,10.380000,10.780000,0.028626,5400048.000000,58581414.170000,1522494340.000000,2422957580.000000,0.038235,28.277443,2011-12-31,2012-04-07,387.476953,8.499202,-143.942481,3.039413,5.275868
sz000019,2012-04-18,10.310000,10.540000,10.220000,10.480000,0.016489,3047161.000000,31696993.230000,1480124370.000000,2355528330.000000,0.021575,27.490500,2011-12-31,2012-04-07,376.693719,8.262674,-139.936654,2.954828,5.129044
sz000019,2012-04-17,10.510000,10.520000,10.200000,10.310000,-0.025520,3089424.000000,31833985.130000,1456114710.000000,2317318430.000000,0.021875,27.044562,2011-12-31,2012-04-07,370.583173,8.128641,-137.666668,2.906896,5.045843
sz000019,2012-04-16,10.500000,10.800000,10.240000,10.580000,-0.021277,4784688.000000,50134219.380000,1494247690.000000,2378004750.000000,0.033878,27.752814,2011-12-31,2012-04-07,380.288126,8.341517,-141.271928,2.983023,5.177985
sz000019,2012-04-13,11.160000,11.740000,10.780000,10.810000,-0.030493,8230825.000000,92418207.170000,1526731340.000000,2429700500.000000,0.058278,28.356148,2011-12-31,2012-04-07,388.555419,8.522857,-144.343116,3.047873,5.290552
sz000019,2012-04-12,10.650000,11.240000,10.420000,11.150000,0.043031,7939083.000000,86313240.300000,1574750640.000000,2506120320.000000,0.056213,29.248007,2011-12-31,2012-04-07,400.776291,8.790919,-148.883006,3.143735,5.456951
sz000019,2012-04-11,10.530000,10.780000,10.400000,10.690000,-0.020165,4154058.000000,44081436.180000,1509783350.000000,2402728810.000000,0.029413,28.041359,2011-12-31,2012-04-07,384.241974,8.428243,-142.740729,3.014038,5.231820
sz000019,2012-04-10,10.660000,10.940000,10.280000,10.910000,0.019626,5824434.000000,61778458.130000,1540854660.000000,2452176920.000000,0.041240,28.618450,2011-12-31,2012-04-07,392.149672,8.601696,-145.678333,3.076067,5.339491
sz000019,2012-04-09,10.860000,10.990000,10.610000,10.700000,-0.046346,6813515.000000,73333654.790000,1511195680.000000,2404976450.000000,0.048243,28.067596,2011-12-31,2012-04-07,384.601484,8.436129,-142.874282,3.016858,5.236715
sz000019,2012-04-06,11.280000,11.850000,11.070000,11.220000,-0.028571,6863069.000000,77899904.920000,1584636960.000000,2521853810.000000,0.048594,29.431634,2011-09-30,2011-10-27,40.089800,9.097137,317.981360,3.077985,5.491211
sz000019,2012-04-05,11.470000,11.990000,11.040000,11.550000,0.001735,7575381.000000,87145924.050000,1631243930.000000,2596025980.000000,0.053637,30.297257,2011-09-30,2011-10-27,41.268893,9.364696,327.333609,3.168513,5.652715
sz000019,2012-03-30,11.200000,11.970000,10.890000,11.530000,0.039675,10724642.000000,122912460.640000,1628419270.000000,2591530700.000000,0.075936,30.244783,2011-09-30,2011-10-27,41.197416,9.348476,326.766669,3.163025,5.642924
sz000019,2012-03-29,9.900000,11.090000,9.900000,11.090000,0.100198,6810942.000000,72022982.140000,1566276640.000000,2492634470.000000,0.048225,29.090612,2011-09-30,2011-10-27,39.625283,8.991729,314.296938,3.042321,5.427585
sz000019,2012-03-28,10.700000,11.150000,9.980000,10.080000,-0.073529,5123142.000000,54497080.520000,1423631070.000000,2265622670.000000,0.036274,26.441252,2011-09-30,2011-10-27,36.016501,8.172828,285.673068,2.765248,4.933280
sz000019,2012-03-27,10.790000,11.300000,10.660000,10.880000,-0.012704,4933325.000000,53949100.420000,1536617660.000000,2445434000.000000,0.034930,28.539751,2011-09-30,2011-10-27,38.874936,8.821462,308.345396,2.984711,5.324808
sz000019,2012-03-26,10.310000,11.290000,10.310000,11.020000,0.073028,6486790.000000,70707452.080000,1556390320.000000,2476900980.000000,0.045930,28.906986,2011-09-30,2011-10-27,39.375158,8.934971,312.313021,3.023117,5.393325
sz000019,2012-03-23,9.800000,10.690000,9.720000,10.270000,0.050102,4401954.000000,45412573.560000,1450465390.000000,2308327860.000000,0.031168,26.939638,2011-09-30,2011-10-27,36.695369,8.326876,291.057662,2.817370,5.026266
sz000019,2012-03-22,9.820000,9.980000,9.680000,9.780000,-0.029762,2131356.000000,20966053.440000,1381261100.000000,2198193430.000000,0.015091,25.654306,2011-09-30,2011-10-27,34.944576,7.929588,277.170848,2.682949,4.786455
sz000019,2012-03-20,9.650000,10.500000,9.490000,10.080000,0.044560,4924725.000000,49933457.040000,1423631070.000000,2265622670.000000,0.034869,26.441250,2011-09-30,2011-10-27,36.016499,8.172828,285.673049,2.765248,4.933280
sz000019,2012-03-19,9.870000,9.870000,9.500000,9.650000,-0.003099,3030435.000000,29259994.840000,1362900780.000000,2168974090.000000,0.021457,25.313290,2011-09-30,2011-10-27,34.480067,7.824182,273.486491,2.647285,4.722830
sz000019,2012-03-16,8.830000,9.680000,8.830000,9.680000,0.100000,2712450.000000,25396859.000000,1367137770.000000,2175717010.000000,0.019205,25.391980,2011-09-30,2011-10-27,34.587253,7.848505,274.336661,2.655514,4.737512
sz000019,2012-03-15,8.900000,9.090000,8.570000,8.800000,-0.015660,1562420.000000,13826524.110000,1242852520.000000,1977924560.000000,0.011063,23.083618,2011-09-30,2011-10-27,31.442957,7.135004,249.396964,2.414104,4.306829
sz000019,2012-03-14,9.490000,9.670000,8.780000,8.940000,-0.055966,2059677.000000,19196734.000000,1262625170.000000,2009391540.000000,0.014584,23.450858,2011-09-30,2011-10-27,31.943188,7.248516,253.364655,2.452510,4.375347
sz000019,2012-03-13,9.460000,9.500000,9.340000,9.470000,-0.003158,1123533.000000,10571251.870000,1337478790.000000,2128516540.000000,0.007955,24.841116,2011-09-30,2011-10-27,33.836904,7.678236,268.385095,2.597905,4.634735
sz000019,2012-03-12,9.550000,9.550000,9.420000,9.500000,-0.004193,1154844.000000,10938172.210000,1341715790.000000,2135259460.000000,0.008177,24.919813,2011-09-30,2011-10-27,33.944099,7.702561,269.235340,2.606135,4.649417
sz000019,2012-03-09,9.390000,9.580000,9.320000,9.540000,0.015974,1626998.000000,15353151.840000,1347365120.000000,2144250030.000000,0.011520,25.024742,2011-09-30,2011-10-27,34.087026,7.734994,270.368997,2.617108,4.668995
sz000019,2012-03-08,9.300000,9.500000,9.300000,9.390000,0.004278,1684244.000000,15832057.000000,1326180130.000000,2110535410.000000,0.011925,24.631282,2011-09-30,2011-10-27,33.551081,7.613378,266.118028,2.575960,4.595585
sz000019,2012-03-07,9.580000,9.690000,9.350000,9.350000,-0.041026,2874606.000000,27285610.980000,1320530800.000000,2101544840.000000,0.020354,24.526358,2011-09-30,2011-10-27,33.408161,7.580946,264.984425,2.564987,4.576008
sz000019,2012-03-06,9.370000,9.950000,9.260000,9.750000,0.063250,5242173.000000,50281105.000000,1377024100.000000,2191450500.000000,0.037117,25.575624,2011-09-30,2011-10-27,34.837400,7.905268,276.320760,2.674720,4.771775
sz000019,2012-03-05,8.880000,9.450000,8.830000,9.170000,0.032658,3096292.000000,28469463.350000,1295108820.000000,2061087290.000000,0.021923,24.054196,2011-09-30,2011-10-27,32.765013,7.435004,259.883151,2.515608,4.487915
sz000019,2012-03-02,8.800000,8.890000,8.700000,8.880000,0.009091,1659819.000000,14642679.220000,1254151180.000000,1995905690.000000,0.011752,23.293477,2011-09-30,2011-10-27,31.728813,7.199871,251.664298,2.436051,4.345984
sz000019,2012-03-01,8.620000,8.900000,8.580000,8.800000,0.020882,2017518.000000,17708351.350000,1242852520.000000,1977924560.000000,0.014285,23.083624,2011-09-30,2011-10-27,31.442965,7.135006,249.397030,2.414105,4.306830
sz000019,2012-02-29,8.600000,8.700000,8.500000,8.620000,-0.001159,1073132.000000,9252611.350000,1217430540.000000,1937467010.000000,0.007598,22.611452,2011-09-30,2011-10-27,30.799804,6.989061,244.295648,2.364725,4.218735
sz000019,2012-02-28,8.660000,8.750000,8.410000,8.630000,-0.013714,1297393.000000,11143601.330000,1218842870.000000,1939714650.000000,0.009186,22.637689,2011-09-30,2011-10-27,30.835542,6.997170,244.579115,2.367468,4.223630
sz000019,2012-02-27,8.850000,8.920000,8.750000,8.750000,-0.007937,1684852.000000,14873029.090000,1235790860.000000,1966686350.000000,0.011930,22.952459,2011-09-30,2011-10-27,31.264301,7.094464,247.979912,2.400387,4.282358
sz000019,2012-02-24,8.810000,8.840000,8.700000,8.820000,0.003413,1380734.000000,12107687.910000,1245677190.000000,1982419840.000000,0.009776,23.136090,2011-09-30,2011-10-27,31.514431,7.151223,249.963875,2.419592,4.316619
sz000019,2012-02-23,8.680000,8.860000,8.670000,8.790000,0.010345,2034584.000000,17799026.760000,1241440190.000000,1975676910.000000,0.014406,23.057395,2011-09-30,2011-10-27,31.407238,7.126899,249.113650,2.411362,4.301937
sz000019,2012-02-22,8.600000,8.740000,8.570000,8.700000,0.009281,1264307.000000,10970448.870000,1228729200.000000,1955448140.000000,0.008952,22.821309,2011-09-30,2011-10-27,31.085657,7.053926,246.562956,2.386672,4.257889
sz000019,2012-02-21,8.530000,8.650000,8.440000,8.620000,0.008187,576064.000000,4928295.760000,1217430540.000000,1937467010.000000,0.004079,22.611452,2011-09-30,2011-10-27,30.799804,6.989061,244.295648,2.364725,4.218735
sz000019,2012-02-20,8.620000,8.690000,8.520000,8.550000,0.005882,1055410.000000,9069839.700000,1207544210.000000,1921733520.000000,0.007473,22.427835,2011-09-30,2011-10-27,30.549694,6.932306,242.311841,2.345522,4.184476
sz000019,2012-02-17,8.550000,8.700000,8.460000,8.500000,-0.015064,542300.000000,4636810.440000,1200482550.000000,1910495310.000000,0.003840,22.296686,2011-09-30,2011-10-27,30.371051,6.891768,240.894898,2.331806,4.160007
sz000019,2012-02-16,8.720000,8.790000,8.550000,8.630000,-0.011455,1280831.000000,11131756.610000,1218842870.000000,1939714650.000000,0.009069,22.637700,2011-09-30,2011-10-27,30.835558,6.997174,244.579239,2.367470,4.223632
sz000019,2012-02-15,8.590000,8.850000,8.540000,8.730000,0.003448,1500038.000000,13072905.330000,1232966190.000000,1962191060.000000,0.010621,22.900020,2011-09-30,2011-10-27,31.192872,7.078255,247.413359,2.394903,4.272574
sz000019,2012-02-14,8.600000,8.700000,8.420000,8.700000,0.006944,865364.000000,7386448.470000,1228729200.000000,1955448140.000000,0.006127,22.821332,2011-09-30,2011-10-27,31.085689,7.053933,246.563209,2.386674,4.257893
sz000019,2012-02-13,8.300000,8.850000,8.250000,8.640000,0.028571,1394139.000000,11931991.470000,1220255200.000000,1941962290.000000,0.009871,22.663954,2011-09-30,2011-10-27,30.871318,7.005289,244.862881,2.370215,4.228530
sz000019,2012-02-10,8.320000,8.470000,8.280000,8.400000,0.002387,1135896.000000,9519162.860000,1186359220.000000,1888018890.000000,0.008043,22.034408,2011-09-30,2011-10-27,30.013794,6.810700,238.061234,2.304377,4.111073
sz000019,2012-02-09,8.310000,8.510000,8.310000,8.380000,0.001195,909399.000000,7670384.900000,1183534560.000000,1883523610.000000,0.006439,21.981938,2011-09-30,2011-10-27,29.942322,6.794482,237.494335,2.298889,4.101283
sz000019,2012-02-08,8.230000,8.440000,8.150000,8.370000,0.015777,738589.000000,6135309.230000,1182122230.000000,1881275970.000000,0.005230,21.955701,2011-09-30,2011-10-27,29.906584,6.786372,237.210868,2.296146,4.096388
sz000019,2012-02-07,8.310000,8.310000,8.080000,8.240000,-0.007229,643394.000000,5263124.440000,1163761910.000000,1852056630.000000,0.004556,21.614686,2011-09-30,2011-10-27,29.442076,6.680966,233.526520,2.260482,4.032763
sz000019,2012-02-06,8.320000,8.560000,8.220000,8.300000,-0.014252,1186990.000000,9898549.220000,1172235900.000000,1865542480.000000,0.008404,21.772076,2011-09-30,2011-10-27,29.656463,6.729615,235.226976,2.276942,4.062128
sz000019,2012-02-03,7.960000,8.680000,7.950000,8.420000,0.061791,1647184.000000,13577248.630000,1189183890.000000,1892514180.000000,0.011663,22.086858,2011-09-30,2011-10-27,30.085237,6.826912,238.627901,2.309862,4.120858
sz000019,2012-02-02,7.810000,7.960000,7.720000,7.930000,0.025873,676995.000000,5320215.210000,1119979600.000000,1782379740.000000,0.004793,20.801512,2011-09-30,2011-10-27,28.334425,6.429619,224.740934,2.175439,3.881045
sz000019,2012-02-01,7.820000,7.850000,7.680000,7.730000,-0.010243,453067.000000,3516729.800000,1091732950.000000,1737426910.000000,0.003208,20.276888,2011-09-30,2011-10-27,27.619817,6.267461,219.072862,2.120574,3.783163
sz000019,2012-01-31,7.700000,7.840000,7.640000,7.810000,0.016927,737134.000000,5732758.710000,1103031610.000000,1755408040.000000,0.005219,20.486733,2011-09-30,2011-10-27,27.905655,6.332323,221.340048,2.142520,3.822315
sz000019,2012-01-30,7.800000,7.800000,7.650000,7.680000,-0.015385,386405.000000,2986872.950000,1084671290.000000,1726188700.000000,0.002736,20.145727,2011-09-30,2011-10-27,27.441159,6.226920,217.655788,2.106857,3.758692
sz000019,2012-01-20,7.880000,7.880000,7.610000,7.800000,0.014304,651601.000000,5055836.210000,1101619280.000000,1753160400.000000,0.004614,20.460512,2011-09-30,2011-10-27,27.869938,6.324218,221.056746,2.139777,3.817423
sz000019,2012-01-19,7.560000,7.770000,7.460000,7.690000,0.015852,488185.000000,3733192.530000,1086083620.000000,1728436340.000000,0.003457,20.171972,2011-09-30,2011-10-27,27.476908,6.235032,217.939342,2.109602,3.763588
sz000019,2012-01-18,7.800000,7.850000,7.560000,7.570000,-0.029487,819897.000000,6294720.630000,1069135630.000000,1701464650.000000,0.005805,19.857195,2011-09-30,2011-10-27,27.048141,6.137737,214.538478,2.076682,3.704859
sz000019,2012-01-17,7.290000,7.840000,7.210000,7.800000,0.054054,936064.000000,7136935.410000,1101619280.000000,1753160400.000000,0.006628,20.460515,2011-09-30,2011-10-27,27.869942,6.324219,221.056779,2.139778,3.817423
sz000019,2012-01-16,7.480000,7.580000,7.260000,7.400000,-0.014647,442464.000000,3284113.320000,1045125980.000000,1663254740.000000,0.003133,19.411258,2011-09-30,2011-10-27,26.440715,5.999901,209.720545,2.030046,3.621658
sz000019,2012-01-13,7.840000,7.940000,7.500000,7.510000,-0.045743,818138.000000,6263105.530000,1060661640.000000,1687978800.000000,0.005793,19.699801,2011-09-30,2011-10-27,26.833749,6.089087,212.837983,2.060222,3.675493
sz000019,2012-01-12,7.780000,8.020000,7.730000,7.870000,0.008974,1109978.000000,8757566.950000,1111505610.000000,1768893890.000000,0.007859,20.644126,2011-09-30,2011-10-27,28.120044,6.380972,223.040526,2.158980,3.851680
sz000019,2012-01-11,7.770000,7.870000,7.640000,7.800000,0.002571,965630.000000,7481528.860000,1101619280.000000,1753160400.000000,0.006837,20.460513,2011-09-30,2011-10-27,27.869940,6.324219,221.056762,2.139778,3.817423
sz000019,2012-01-10,7.430000,7.840000,7.430000,7.780000,0.040107,996000.000000,7637170.270000,1098794610.000000,1748665120.000000,0.007052,20.408044,2011-09-30,2011-10-27,27.798470,6.308001,220.489883,2.134290,3.807634
sz000019,2012-01-09,7.250000,7.500000,7.090000,7.480000,0.040334,1088040.000000,7960685.650000,1056424640.000000,1681235870.000000,0.007704,19.621101,2011-09-30,2011-10-27,26.726548,6.064761,211.987692,2.051991,3.660809
sz000019,2012-01-06,7.190000,7.300000,6.970000,7.190000,0.000000,883202.000000,6283229.460000,1015467000.000000,1616054270.000000,0.006253,18.860386,2011-09-30,2011-10-27,25.690353,5.829629,203.768878,1.972435,3.518879
sz000019,2012-01-05,7.500000,7.530000,7.180000,7.190000,-0.051451,626660.000000,4581289.290000,1015467000.000000,1616054270.000000,0.004437,18.860386,2011-09-30,2011-10-27,25.690353,5.829629,203.768878,1.972435,3.518879
sz000019,2012-01-04,7.800000,7.880000,7.500000,7.580000,-0.018135,521932.000000,4014020.840000,1070547970.000000,1703712290.000000,0.003696,19.883407,2011-09-30,2011-10-27,27.083844,6.145839,214.821668,2.079423,3.709749
sz000019,2011-12-30,7.610000,7.780000,7.600000,7.720000,0.023873,537614.000000,4130102.260000,1090320620.000000,1735179270.000000,0.003807,20.250652,2011-09-30,2011-10-27,27.584081,6.259352,218.789414,2.117830,3.778268
sz000019,2011-12-29,7.520000,7.650000,7.510000,7.540000,-0.006588,516773.000000,3916932.520000,1064898640.000000,1694721720.000000,0.003659,19.778481,2011-09-30,2011-10-27,26.940921,6.113407,213.688039,2.068450,3.690173
sz000019,2011-12-28,7.590000,7.630000,7.410000,7.590000,-0.005242,655890.000000,4925874.300000,1071960300.000000,1705959930.000000,0.004644,19.909646,2011-09-30,2011-10-27,27.119585,6.153949,215.105152,2.082167,3.714645
sz000019,2011-12-27,7.800000,8.000000,7.620000,7.630000,-0.050995,758931.000000,5893184.090000,1077609630.000000,1714950500.000000,0.005374,20.014562,2011-09-30,2011-10-27,27.262495,6.186378,216.238675,2.093140,3.734220
sz000019,2011-12-26,8.140000,8.500000,7.990000,8.040000,0.012594,1058981.000000,8744314.290000,1135515260.000000,1807103800.000000,0.007498,21.090049,2011-09-30,2011-10-27,28.727451,6.518804,227.858310,2.205615,3.934879
sz000019,2011-12-23,8.000000,8.140000,7.860000,7.940000,0.002525,540481.000000,4325930.120000,1121391930.000000,1784627380.000000,0.003827,20.827744,2011-09-30,2011-10-27,28.370157,6.437728,225.024353,2.178183,3.885939
sz000019,2011-12-22,8.000000,8.070000,7.600000,7.920000,-0.010000,478211.000000,3744500.580000,1118567270.000000,1780132100.000000,0.003386,20.775287,2011-09-30,2011-10-27,28.298703,6.421513,224.457598,2.172697,3.876152
sz000019,2011-12-21,8.190000,8.360000,7.930000,8.000000,-0.022005,392057.000000,3194627.400000,1129865930.000000,1798113230.000000,0.002776,20.985138,2011-09-30,2011-10-27,28.584549,6.486377,226.724846,2.194643,3.915305
sz000019,2011-12-20,8.140000,8.340000,8.140000,8.180000,0.001224,398172.000000,3282341.890000,1155287910.000000,1838570780.000000,0.002819,21.457306,2011-09-30,2011-10-27,29.227704,6.632321,231.826181,2.244023,4.003400
sz000019,2011-12-19,8.050000,8.180000,7.870000,8.170000,0.014907,454290.000000,3646843.300000,1153875580.000000,1836323140.000000,0.003217,21.431074,2011-09-30,2011-10-27,29.191973,6.624213,231.542773,2.241280,3.998506
sz000019,2011-12-16,7.860000,8.050000,7.800000,8.050000,0.032051,621089.000000,4914643.000000,1136927590.000000,1809351440.000000,0.004398,21.116294,2011-09-30,2011-10-27,28.763200,6.526917,228.141862,2.208360,3.939775
sz000019,2011-12-15,8.080000,8.080000,7.720000,7.800000,-0.042945,1331761.000000,10548103.430000,1101619280.000000,1753160400.000000,0.009430,20.460514,2011-09-30,2011-10-27,27.869941,6.324219,221.056772,2.139778,3.817423
sz000019,2011-12-14,8.600000,8.600000,8.030000,8.150000,-0.043427,566775.000000,4726504.110000,1151050910.000000,1831827860.000000,0.004013,21.378619,2011-09-30,2011-10-27,29.120522,6.608000,230.976037,2.235794,3.988719
sz000019,2011-12-13,9.020000,9.080000,8.460000,8.520000,-0.059603,724277.000000,6294117.130000,1203307210.000000,1914990590.000000,0.005128,22.349176,2011-09-30,2011-10-27,30.442550,6.907993,241.462008,2.337296,4.169801
sz000019,2011-12-12,9.120000,9.190000,9.010000,9.060000,-0.006579,245070.000000,2234552.500000,1279573160.000000,2036363240.000000,0.001735,23.765682,2011-09-30,2011-10-27,32.372020,7.345826,256.766034,2.485435,4.434085
sz000019,2011-12-09,9.030000,9.210000,9.030000,9.120000,-0.005453,244392.000000,2236473.880000,1288047160.000000,2049849080.000000,0.001730,23.923072,2011-09-30,2011-10-27,32.586406,7.394475,258.466485,2.501895,4.463450
sz000019,2011-12-08,9.150000,9.290000,9.050000,9.170000,-0.006501,490028.000000,4493580.430000,1295108820.000000,2061087290.000000,0.003470,24.054240,2011-09-30,2011-10-27,32.765074,7.435018,259.883630,2.515613,4.487923
sz000019,2011-12-07,9.090000,9.300000,9.090000,9.230000,0.008743,356243.000000,3299581.480000,1303582810.000000,2074573140.000000,0.002522,24.211640,2011-09-30,2011-10-27,32.979473,7.483669,261.584189,2.532074,4.517290
sz000019,2011-12-06,9.090000,9.300000,9.090000,9.150000,-0.014009,485551.000000,4456538.380000,1292284160.000000,2056592010.000000,0.003438,24.001792,2011-09-30,2011-10-27,32.693633,7.418806,259.316981,2.510128,4.478138
sz000019,2011-12-05,9.480000,9.520000,9.100000,9.280000,-0.026233,620268.000000,5716987.670000,1310644480.000000,2085811350.000000,0.004392,24.342811,2011-09-30,2011-10-27,33.158145,7.524213,263.001367,2.545792,4.541763
sz000019,2011-12-02,9.820000,9.880000,9.390000,9.530000,-0.034448,1026360.000000,9802026.990000,1345952790.000000,2142002390.000000,0.007267,24.998599,2011-09-30,2011-10-27,34.051416,7.726913,270.086547,2.614374,4.664117
sz000019,2011-12-01,9.910000,10.040000,9.800000,9.870000,0.018576,1129174.000000,11220454.910000,1393972090.000000,2218422200.000000,0.007995,25.890474,2011-09-30,2011-10-27,35.266268,8.002586,279.722426,2.707647,4.830519
sz000019,2011-11-30,10.180000,10.180000,9.600000,9.690000,-0.046260,1018813.000000,10020256.820000,1368550110.000000,2177964650.000000,0.007214,25.418304,2011-09-30,2011-10-27,34.623109,7.856641,274.621065,2.658267,4.742423
sz000019,2011-11-29,10.000000,10.190000,9.900000,10.160000,0.030426,882886.000000,8902342.620000,1434929730.000000,2283603800.000000,0.006251,26.651188,2011-09-30,2011-10-27,36.302461,8.237718,287.941226,2.787203,4.972449
sz000019,2011-11-28,9.930000,10.100000,9.800000,9.860000,-0.007049,525063.000000,5200434.430000,1392559760.000000,2216174560.000000,0.003718,25.864242,2011-09-30,2011-10-27,35.230537,7.994478,279.439014,2.704904,4.825624
sz000019,2011-11-25,10.060000,10.150000,9.850000,9.930000,-0.015857,741099.000000,7411275.890000,1402446080.000000,2231908050.000000,0.005247,26.047853,2011-09-30,2011-10-27,35.480640,8.051231,281.422763,2.724106,4.859882
sz000019,2011-11-24,10.000000,10.160000,9.840000,10.090000,0.000992,605552.000000,6065614.270000,1425043400.000000,2267870310.000000,0.004288,26.467549,2011-09-30,2011-10-27,36.052322,8.180957,285.957187,2.767998,4.938187
sz000019,2011-11-23,10.230000,10.270000,10.080000,10.080000,0.000000,1012899.000000,10317776.160000,1423631070.000000,2265622670.000000,0.007172,26.441320,2011-09-30,2011-10-27,36.016593,8.172849,285.673798,2.765255,4.933293
sz000019,2011-11-22,9.910000,10.190000,9.910000,10.080000,0.001988,659933.000000,6657634.160000,1423631070.000000,2265622670.000000,0.004673,26.441320,2011-09-30,2011-10-27,36.016593,8.172849,285.673798,2.765255,4.933293
sz000019,2011-11-21,10.000000,10.120000,9.900000,10.060000,0.012072,561584.000000,5642596.970000,1420806400.000000,2261127390.000000,0.003976,26.388858,2011-09-30,2011-10-27,35.945134,8.156634,285.107005,2.759769,4.923505
sz000019,2011-11-18,10.220000,10.250000,9.910000,9.940000,-0.031189,895145.000000,9032849.400000,1403858420.000000,2234155690.000000,0.006338,26.074092,2011-09-30,2011-10-27,35.516381,8.059341,281.706248,2.726850,4.864777
sz000019,2011-11-17,10.230000,10.420000,10.140000,10.260000,0.001953,830523.000000,8525664.840000,1449053050.000000,2306080220.000000,0.005881,26.913497,2011-09-30,2011-10-27,36.659762,8.318796,290.775236,2.814636,5.021389
sz000019,2011-11-16,10.620000,10.670000,10.220000,10.240000,-0.040300,1279701.000000,13331611.340000,1446228390.000000,2301584940.000000,0.009061,26.861038,2011-09-30,2011-10-27,36.588305,8.302581,290.208459,2.809150,5.011602
sz000019,2011-11-15,10.610000,10.670000,10.450000,10.670000,0.008507,1212811.000000,12820640.430000,1506958680.000000,2398233520.000000,0.008587,27.988994,2011-09-30,2011-10-27,38.124732,8.651226,302.394977,2.927112,5.222050
sz000019,2011-11-14,10.450000,10.670000,10.450000,10.580000,0.014382,978654.000000,10364909.030000,1494247690.000000,2378004750.000000,0.006929,27.752900,2011-09-30,2011-10-27,37.803140,8.578251,299.844202,2.902422,5.178001
sz000019,2011-11-11,10.390000,10.670000,10.380000,10.430000,0.000000,889498.000000,9331229.960000,1473062700.000000,2344290130.000000,0.006298,27.359417,2011-09-30,2011-10-27,37.267164,8.456627,295.592984,2.861271,5.104587
sz000019,2011-11-10,10.540000,10.750000,10.430000,10.430000,-0.037823,1681841.000000,17826052.190000,1473062700.000000,2344290130.000000,0.011908,27.359417,2011-09-30,2011-10-27,37.267164,8.456627,295.592984,2.861271,5.104587
sz000019,2011-11-09,10.720000,10.950000,10.610000,10.840000,0.007435,2416262.000000,26059057.030000,1530968330.000000,2436443430.000000,0.017108,28.434911,2011-09-30,2011-10-27,38.732129,8.789056,307.212690,2.973747,5.305247
sz000019,2011-11-08,10.400000,10.770000,10.150000,10.760000,0.044660,2596407.000000,27300327.080000,1519669670.000000,2418462300.000000,0.018384,28.225057,2011-09-30,2011-10-27,38.446281,8.724192,304.945420,2.951800,5.266094
sz000019,2011-11-07,10.350000,10.490000,10.300000,10.300000,0.000000,837467.000000,8689159.810000,1454702380.000000,2315070790.000000,0.005930,27.018415,2011-09-30,2011-10-27,36.802674,8.351226,291.908774,2.825608,5.040964
sz000019,2011-11-04,10.360000,10.540000,10.240000,10.300000,-0.009615,1265844.000000,13090578.020000,1454702380.000000,2315070790.000000,0.008963,27.018415,2011-09-30,2011-10-27,36.802674,8.351226,291.908774,2.825608,5.040964
sz000019,2011-11-03,10.380000,10.700000,10.310000,10.400000,0.008729,2036361.000000,21439831.640000,1468825710.000000,2337547200.000000,0.014418,27.280719,2011-09-30,2011-10-27,37.159967,8.432302,294.742726,2.853040,5.089904
sz000019,2011-11-02,10.010000,10.400000,10.000000,10.310000,0.007820,1768942.000000,18113959.660000,1456114710.000000,2317318430.000000,0.012525,27.044646,2011-09-30,2011-10-27,36.838404,8.359334,292.192180,2.828352,5.045858
sz000019,2011-11-01,10.120000,10.580000,10.000000,10.230000,-0.004864,2971367.000000,30858778.290000,1444816060.000000,2299337300.000000,0.021039,26.834798,2011-09-30,2011-10-27,36.552563,8.294471,289.924967,2.806406,5.006706
sz000019,2011-10-31,9.810000,10.330000,9.810000,10.280000,0.043655,2263492.000000,22872108.630000,1451877720.000000,2310575500.000000,0.016027,26.965961,2011-09-30,2011-10-27,36.731224,8.335013,291.342055,2.820123,5.031178
sz000019,2011-10-28,9.790000,9.940000,9.650000,9.850000,0.019669,1335793.000000,13100917.450000,1391147420.000000,2213926920.000000,0.009458,25.838003,2011-09-30,2011-10-27,35.194795,7.986368,279.155520,2.702160,4.820729
sz000019,2011-10-27,9.800000,9.900000,9.560000,9.660000,0.000000,1193589.000000,11641289.820000,1364313110.000000,2171221730.000000,0.008451,25.339598,2011-09-30,2011-10-27,34.515902,7.832314,273.770724,2.650036,4.727739
sz000019,2011-10-26,9.550000,9.660000,9.420000,9.660000,0.010460,908930.000000,8720038.500000,1364313110.000000,2171221730.000000,0.006436,25.339598,2011-06-30,2011-08-19,64.755398,7.535226,328.058686,2.731567,4.727739
sz000019,2011-10-25,9.260000,9.630000,9.260000,9.560000,0.021368,963513.000000,9156574.000000,1350189780.000000,2148745310.000000,0.006822,25.077290,2011-06-30,2011-08-19,64.085068,7.457223,324.662714,2.703291,4.678799
sz000019,2011-10-24,9.150000,9.430000,8.910000,9.360000,0.022951,601386.000000,5574413.080000,1321943140.000000,2103792480.000000,0.004258,24.552649,2011-06-30,2011-08-19,62.744347,7.301211,317.870458,2.646736,4.580914
sz000019,2011-10-21,9.270000,9.350000,9.120000,9.150000,-0.023479,374292.000000,3441559.870000,1292284160.000000,2056592010.000000,0.002650,24.001784,2011-06-30,2011-08-19,61.336611,7.137400,310.738694,2.587353,4.478136
sz000019,2011-10-20,9.570000,9.570000,9.170000,9.370000,-0.028008,1045595.000000,9744744.320000,1323355470.000000,2106040120.000000,0.007403,24.578871,2011-06-30,2011-08-19,62.811359,7.309009,318.209945,2.649562,4.585806
sz000019,2011-10-19,9.140000,9.640000,9.030000,9.640000,0.047826,511709.000000,4768868.260000,1361488440.000000,2166726440.000000,0.003623,25.287112,2011-06-30,2011-08-19,64.621271,7.519618,327.379181,2.725910,4.717946
sz000019,2011-10-18,9.530000,9.570000,9.140000,9.200000,-0.038662,678212.000000,6374084.470000,1299345820.000000,2067830220.000000,0.004802,24.132931,2011-06-30,2011-08-19,61.671758,7.176399,312.436589,2.601491,4.502605
sz000019,2011-10-17,9.510000,9.660000,9.500000,9.570000,0.003145,559450.000000,5352050.890000,1351602120.000000,2150992950.000000,0.003961,25.103482,2011-06-30,2011-08-19,64.152002,7.465012,325.001809,2.706114,4.683685
sz000019,2011-10-14,9.500000,9.570000,9.380000,9.540000,0.005269,774104.000000,7338586.680000,1347365120.000000,2144250030.000000,0.005481,25.024779,2011-06-30,2011-08-19,63.950877,7.441608,323.982883,2.697630,4.669001
sz000019,2011-10-13,9.430000,9.670000,9.300000,9.490000,0.006363,679862.000000,6457017.040000,1340303460.000000,2133011820.000000,0.004814,24.893614,2011-06-30,2011-08-19,63.615686,7.402604,322.284764,2.683491,4.644529
sz000019,2011-10-12,9.120000,9.500000,8.800000,9.430000,0.032859,681335.000000,6361641.140000,1331829460.000000,2119525970.000000,0.004824,24.736218,2011-06-30,2011-08-19,63.213459,7.355799,320.247032,2.666524,4.615163
sz000019,2011-10-11,9.350000,9.380000,8.940000,9.130000,0.002195,499042.000000,4591819.390000,1289459490.000000,2052096730.000000,0.003533,23.949269,2011-06-30,2011-08-19,61.202409,7.121784,310.058810,2.581692,4.468338
sz000019,2011-10-10,9.080000,9.110000,8.750000,9.110000,0.014477,441767.000000,3969158.670000,1286634830.000000,2047601440.000000,0.003128,23.896815,2011-06-30,2011-08-19,61.068364,7.106186,309.379722,2.576038,4.458551
sz000019,2011-09-30,8.970000,9.100000,8.910000,8.980000,0.001115,705527.000000,6357356.140000,1268274500.000000,2018382100.000000,0.004995,23.555798,2011-06-30,2011-08-19,60.196893,7.004778,304.964747,2.539277,4.394926
sz000019,2011-09-29,9.330000,9.500000,8.880000,8.970000,-0.057773,1314981.000000,12049909.880000,1266862170.000000,2016134460.000000,0.009311,23.529562,2011-06-30,2011-08-19,60.129848,6.996976,304.625090,2.536449,4.390031
sz000019,2011-09-28,9.850000,9.950000,9.500000,9.520000,-0.029562,1021801.000000,9926689.200000,1344540450.000000,2139754750.000000,0.007235,24.972286,2011-06-30,2011-08-19,63.816733,7.425998,323.303291,2.691972,4.659208
sz000019,2011-09-27,9.990000,9.990000,9.690000,9.810000,-0.018018,706200.000000,6948166.170000,1385498090.000000,2204936350.000000,0.005000,25.733005,2011-06-30,2011-08-19,65.760752,7.652213,333.151928,2.773976,4.801139
sz000019,2011-09-23,9.800000,10.010000,9.650000,9.990000,-0.001000,1733765.000000,17035919.570000,1410920080.000000,2245393900.000000,0.012276,26.205170,2011-06-30,2011-08-19,66.967370,7.792620,339.264801,2.824875,4.889233
sz000019,2011-09-22,10.180000,10.290000,9.980000,10.000000,-0.027237,1257015.000000,12756379.130000,1412332410.000000,2247641540.000000,0.008900,26.231402,2011-06-30,2011-08-19,67.034404,7.800421,339.604406,2.827702,4.894127
sz000019,2011-09-21,9.980000,10.310000,9.880000,10.280000,0.028000,1915300.000000,19469948.450000,1451877720.000000,2310575500.000000,0.013561,26.965871,2011-06-30,2011-08-19,68.911343,8.018830,349.113202,2.906877,5.031161
sz000019,2011-09-20,9.920000,10.120000,9.850000,10.000000,0.006036,865534.000000,8651446.430000,1412332410.000000,2247641540.000000,0.006128,26.231392,2011-06-30,2011-08-19,67.034380,7.800418,339.604282,2.827701,4.894125
sz000019,2011-09-19,10.080000,10.080000,9.750000,9.940000,-0.012910,1217731.000000,12080405.030000,1403858420.000000,2234155690.000000,0.008622,26.074009,2011-06-30,2011-08-19,66.632188,7.753617,337.566729,2.810736,4.864762
sz000019,2011-09-16,10.260000,10.330000,10.050000,10.070000,-0.018519,1296400.000000,13155826.500000,1422218740.000000,2263375030.000000,0.009179,26.415027,2011-06-30,2011-08-19,67.503660,7.855026,341.981713,2.847497,4.928387
sz000019,2011-09-15,10.250000,10.380000,10.120000,10.260000,0.000976,1987048.000000,20367659.930000,1449053050.000000,2306080220.000000,0.014069,26.913437,2011-06-30,2011-08-19,68.777348,8.003238,348.434369,2.901225,5.021378
sz000019,2011-09-14,9.990000,10.290000,9.960000,10.250000,0.029116,2895152.000000,29390879.650000,1447640720.000000,2303832580.000000,0.020499,26.887195,2011-06-30,2011-08-19,68.710287,7.995434,348.094629,2.898396,5.016482
sz000019,2011-09-13,9.830000,9.990000,9.480000,9.960000,0.004032,1203239.000000,11774515.880000,1406683080.000000,2238650970.000000,0.008520,26.126496,2011-06-30,2011-08-19,66.766319,7.769225,338.246251,2.816394,4.874554
sz000019,2011-09-09,9.880000,10.080000,9.800000,9.920000,0.012245,1373927.000000,13657819.550000,1401033750.000000,2229660410.000000,0.009728,26.021577,2011-06-30,2011-08-19,66.498198,7.738025,336.887919,2.805084,4.854979
sz000019,2011-09-08,10.010000,10.150000,9.790000,9.800000,-0.015075,2566618.000000,25705131.590000,1384085760.000000,2202688710.000000,0.018173,25.706798,2011-06-30,2011-08-19,65.693778,7.644420,332.812629,2.771151,4.796249
sz000019,2011-09-07,9.480000,10.040000,9.460000,9.950000,0.055143,1843280.000000,18011219.770000,1405270750.000000,2236403330.000000,0.013051,26.100259,2011-06-30,2011-08-19,66.699269,7.761423,337.906570,2.813565,4.869659
sz000019,2011-09-06,9.350000,9.480000,9.310000,9.430000,0.007479,592947.000000,5567910.440000,1331829460.000000,2119525970.000000,0.004198,24.736229,2011-06-30,2011-08-19,63.213488,7.355802,320.247180,2.666525,4.615165
sz000019,2011-09-05,9.600000,9.600000,9.350000,9.360000,-0.030052,716382.000000,6775362.240000,1321943140.000000,2103792480.000000,0.005072,24.552600,2011-06-30,2011-08-19,62.744224,7.301196,317.869831,2.646730,4.580905
sz000019,2011-09-02,9.820000,9.890000,9.500000,9.650000,-0.017312,1198142.000000,11588306.490000,1362900780.000000,2168974090.000000,0.008483,25.313316,2011-06-30,2011-08-19,64.688234,7.527410,327.718425,2.728734,4.722835
sz000019,2011-09-01,10.010000,10.170000,9.790000,9.820000,-0.018000,1308257.000000,13067357.510000,1386910430.000000,2207183990.000000,0.009263,25.759260,2011-06-30,2011-08-19,65.827846,7.660020,333.491836,2.776806,4.806037
sz000019,2011-08-31,9.800000,10.180000,9.620000,10.000000,0.019368,2190681.000000,21644945.470000,1412332410.000000,2247641540.000000,0.015511,26.231426,2011-06-30,2011-08-19,67.034467,7.800428,339.604721,2.827705,4.894132
sz000019,2011-08-30,10.160000,10.170000,9.740000,9.810000,-0.018018,1748734.000000,17412669.640000,1385498090.000000,2204936350.000000,0.012382,25.733029,2011-06-30,2011-08-19,65.760811,7.652220,333.152229,2.773979,4.801143
sz000019,2011-08-29,10.020000,10.090000,9.900000,9.990000,0.000000,1297086.000000,12951110.280000,1410920080.000000,2245393900.000000,0.009184,26.205194,2011-06-30,2011-08-19,66.967430,7.792627,339.265107,2.824877,4.889237
sz000019,2011-08-26,9.960000,10.120000,9.850000,9.990000,0.003012,1522304.000000,15223755.440000,1410920080.000000,2245393900.000000,0.010779,26.205194,2011-06-30,2011-08-19,66.967430,7.792627,339.265107,2.824877,4.889237
sz000019,2011-08-25,9.960000,10.180000,9.880000,9.960000,0.015291,1839366.000000,18397680.470000,1406683080.000000,2238650970.000000,0.013024,26.126501,2011-06-30,2011-08-19,66.766330,7.769227,338.246310,2.816394,4.874555
sz000019,2011-08-24,9.920000,10.260000,9.800000,9.810000,-0.010091,1985335.000000,19927536.740000,1385498090.000000,2204936350.000000,0.014057,25.733017,2011-06-30,2011-08-19,65.760782,7.652217,333.152081,2.773977,4.801141
sz000019,2011-08-23,9.540000,9.940000,9.540000,9.910000,0.029076,1925031.000000,18860098.620000,1399621420.000000,2227412770.000000,0.013630,25.995336,2011-06-30,2011-08-19,66.431139,7.730222,336.548189,2.802255,4.850083
sz000019,2011-08-22,9.480000,9.800000,9.410000,9.630000,0.017970,1747785.000000,16780045.980000,1360076110.000000,2164478800.000000,0.012375,25.260852,2011-06-30,2011-08-19,64.554162,7.511809,327.039197,2.723079,4.713047
sz000019,2011-08-19,9.250000,9.500000,9.010000,9.460000,-0.020704,1857080.000000,17304614.840000,1336066460.000000,2126268900.000000,0.013149,24.814927,2011-06-30,2011-08-19,63.414601,7.379205,321.266046,2.675009,4.629848
sz000019,2011-08-17,9.450000,9.840000,9.400000,9.660000,0.022222,2218453.000000,21421701.110000,1364313110.000000,2171221730.000000,0.015708,25.339558,2011-03-31,2011-04-29,201.270287,7.003996,545.730038,5.547669,4.727731
sz000019,2011-08-16,9.680000,9.700000,9.320000,9.450000,-0.020725,1672585.000000,15945765.090000,1334654130.000000,2124021260.000000,0.011843,24.788703,2011-03-31,2011-04-29,196.894888,6.851737,533.866458,5.427069,4.624956
sz000019,2011-08-15,9.530000,9.700000,9.530000,9.650000,0.013655,1594531.000000,15329505.110000,1362900780.000000,2168974090.000000,0.011290,25.313322,2011-03-31,2011-04-29,201.061896,6.996744,545.165003,5.541925,4.722836
sz000019,2011-08-12,9.400000,9.680000,9.400000,9.520000,0.014925,2122727.000000,20183240.940000,1344540450.000000,2139754750.000000,0.015030,24.972325,2011-03-31,2011-04-29,198.353381,6.902491,537.821056,5.467270,4.659215
sz000019,2011-08-11,8.770000,9.440000,8.770000,9.380000,0.027382,2481615.000000,22852824.300000,1324767800.000000,2108287760.000000,0.017571,24.605094,2011-03-31,2011-04-29,195.436491,6.800986,529.912118,5.386870,4.590699
sz000019,2011-08-10,9.100000,9.340000,9.050000,9.130000,0.017837,2565163.000000,23589366.390000,1289459490.000000,2052096730.000000,0.018163,23.949313,2011-03-31,2011-04-29,190.227677,6.619725,515.788789,5.243298,4.468346
sz000019,2011-08-09,8.880000,9.180000,8.520000,8.970000,-0.034446,3313508.000000,29411413.260000,1266862170.000000,2016134460.000000,0.023461,23.529616,2011-03-31,2011-04-29,186.894048,6.503718,506.749891,5.151413,4.390041
sz000019,2011-08-08,10.080000,10.080000,9.290000,9.290000,-0.099806,4019158.000000,38109675.250000,1312056810.000000,2088058990.000000,0.028458,24.369031,2011-03-31,2011-04-29,193.561466,6.735737,524.828121,5.335189,4.546655
sz000019,2011-08-05,10.500000,10.630000,10.210000,10.320000,-0.053211,3366435.000000,35198553.870000,1457527050.000000,2319566070.000000,0.023836,27.070866,2011-03-31,2011-04-29,215.021946,7.482539,583.016684,5.926710,5.050750
sz000019,2011-08-04,10.620000,11.050000,10.620000,10.900000,0.010195,3479316.000000,37968461.290000,1539442330.000000,2449929280.000000,0.024635,28.592291,2011-03-31,2011-04-29,227.106511,7.903070,615.783119,6.259800,5.334610
sz000019,2011-08-03,10.800000,11.000000,10.460000,10.790000,-0.021759,4075962.000000,43724061.460000,1523906670.000000,2425205220.000000,0.028860,28.303734,2011-03-31,2011-04-29,224.814527,7.823311,609.568568,6.196625,5.280773
sz000019,2011-08-02,11.780000,11.780000,10.880000,11.030000,0.027959,8277703.000000,92753944.400000,1557802650.000000,2479148620.000000,0.058610,28.933294,2011-03-31,2011-04-29,229.815073,7.997325,623.127192,6.334457,5.398233
sz000019,2011-07-06,10.700000,10.840000,10.530000,10.730000,-0.003714,3037811.000000,32381097.890000,1515432680.000000,2411719370.000000,0.021509,28.146350,2011-03-31,2011-04-29,223.564435,7.779809,606.179033,6.162169,5.251409
sz000019,2011-07-05,10.500000,10.970000,10.400000,10.770000,0.024738,5135146.000000,55236123.240000,1521082010.000000,2420709940.000000,0.036359,28.251275,2011-03-31,2011-04-29,224.397849,7.808811,608.438774,6.185140,5.270985
sz000019,2011-07-04,10.490000,10.510000,10.290000,10.510000,0.012524,3269799.000000,34103291.740000,1484361360.000000,2362271260.000000,0.023152,27.569266,2011-03-31,2011-04-29,218.980704,7.620300,593.750573,6.035826,5.143740
sz000019,2011-07-01,10.310000,10.480000,10.250000,10.380000,0.016650,2921707.000000,30300707.710000,1466001040.000000,2333051920.000000,0.020687,27.228260,2011-03-31,2011-04-29,216.272112,7.526044,586.406419,5.961168,5.080116
sz000019,2011-06-30,10.030000,10.260000,10.030000,10.210000,0.019980,1885511.000000,19213164.490000,1441991390.000000,2294842010.000000,0.013350,26.782334,2011-03-31,2011-04-29,212.730155,7.402788,576.802655,5.863541,4.996917
sz000019,2011-06-29,10.370000,10.400000,10.000000,10.010000,-0.031915,2428819.000000,24635048.720000,1413744740.000000,2249889180.000000,0.017197,26.257705,2011-03-31,2011-04-29,208.563065,7.257777,565.503887,5.748682,4.899035
sz000019,2011-06-28,10.220000,10.340000,10.130000,10.340000,0.008780,2257035.000000,23176887.830000,1460351710.000000,2324061350.000000,0.015981,27.123347,2011-03-31,2011-04-29,215.438794,7.497045,584.146936,5.938200,5.060542
sz000019,2011-06-27,10.150000,10.410000,10.130000,10.250000,0.007866,3294285.000000,33757927.720000,1447640720.000000,2303832580.000000,0.023325,26.887276,2011-03-31,2011-04-29,213.563705,7.431794,579.062765,5.886516,5.016497
sz000019,2011-06-24,10.000000,10.350000,9.950000,10.170000,0.015984,3360221.000000,34230643.900000,1436342060.000000,1584354680.000000,0.023792,26.677432,2011-03-31,2011-04-29,211.896924,7.373792,574.543407,5.840574,4.977345
sz000019,2011-06-23,9.810000,10.050000,9.730000,10.010000,0.012133,2297865.000000,22801207.040000,1413744740.000000,1559428750.000000,0.016270,26.257728,2011-03-31,2011-04-29,208.563249,7.257784,565.504385,5.748687,4.899039
sz000019,2011-06-22,9.830000,9.900000,9.700000,9.890000,0.004061,1715637.000000,16839279.190000,1396796750.000000,1540734300.000000,0.012148,25.942962,2011-03-31,2011-04-29,206.063085,7.170780,558.725370,5.679774,4.840312
sz000019,2011-06-21,9.830000,9.850000,9.650000,9.850000,0.011294,1346004.000000,13145692.600000,1391147420.000000,1534502820.000000,0.009530,25.838034,2011-03-31,2011-04-29,205.229648,7.141778,556.465563,5.656802,4.820735
sz000019,2011-06-20,9.550000,9.860000,9.520000,9.740000,0.018828,2421626.000000,23527851.800000,1375611770.000000,1517366240.000000,0.017146,25.549478,2011-03-31,2011-04-29,202.937670,7.062019,550.251028,5.593628,4.766897
sz000019,2011-06-17,9.670000,9.820000,9.550000,9.560000,-0.010352,1763899.000000,17138529.110000,1350189780.000000,1489324560.000000,0.012489,25.077322,2011-03-31,2011-04-29,199.187370,6.931513,540.082358,5.490257,4.678805
sz000019,2011-06-16,9.900000,9.900000,9.600000,9.660000,-0.034965,2716680.000000,26386090.860000,1364313110.000000,1504903270.000000,0.019235,25.339638,2011-03-31,2011-04-29,201.270926,7.004018,545.731773,5.547687,4.727746
sz000019,2011-06-15,10.120000,10.270000,10.000000,10.010000,-0.016699,2026136.000000,20527063.050000,1413744740.000000,1559428750.000000,0.014346,26.257740,2011-03-31,2011-04-29,208.563344,7.257787,565.504643,5.748690,4.899041
sz000019,2011-06-14,10.080000,10.270000,10.080000,10.180000,0.011928,2087556.000000,21279131.730000,1437754390.000000,1585912560.000000,0.014781,26.703664,2011-03-31,2011-04-29,212.105290,7.381043,575.108377,5.846317,4.982240
sz000019,2011-06-13,9.950000,10.140000,9.930000,10.060000,-0.004946,1855123.000000,18599498.950000,1420806400.000000,1567218110.000000,0.013135,26.388898,2011-03-31,2011-04-29,209.605120,7.294040,568.329345,5.777404,4.923512
sz000019,2011-06-10,10.140000,10.300000,9.690000,10.110000,-0.012695,4106344.000000,41040629.000000,1427868070.000000,1575007460.000000,0.029075,26.520066,2011-03-31,2011-04-29,210.646980,7.330295,571.154274,5.806121,4.947985
sz000019,2011-06-09,10.630000,10.880000,10.150000,10.240000,-0.042991,3948814.000000,41495376.960000,1446228390.000000,1595259780.000000,0.027960,26.861067,2011-03-31,2011-04-29,213.355528,7.424550,578.498310,5.880778,5.011607
sz000019,2011-06-08,10.460000,10.890000,10.100000,10.700000,0.013258,5618908.000000,59233441.820000,1511195680.000000,1666921840.000000,0.039785,28.067727,2011-03-31,2011-04-29,222.939939,7.758077,604.485757,6.144956,5.236740
sz000019,2011-06-07,10.420000,10.660000,10.340000,10.560000,0.012464,3225468.000000,33802159.020000,1491423020.000000,1645111650.000000,0.022838,27.700474,2011-03-31,2011-04-29,220.022876,7.656567,596.576348,6.064552,5.168220
sz000019,2011-06-03,10.100000,10.480000,10.050000,10.430000,0.028600,3331114.000000,34230060.950000,1473062700.000000,1624859330.000000,0.023586,27.359466,2011-03-31,2011-04-29,217.314271,7.562310,589.232158,5.989894,5.104596
sz000019,2011-06-02,10.400000,10.400000,9.870000,10.140000,-0.038863,4167646.000000,41956476.660000,1432105060.000000,1579681070.000000,0.029509,26.598742,2011-03-31,2011-04-29,211.271895,7.352042,572.848686,5.823346,4.962664
sz000019,2011-06-01,10.440000,10.720000,10.260000,10.550000,0.004762,3663792.000000,38489578.330000,1490010690.000000,1643553780.000000,0.025941,27.674246,2011-03-31,2011-04-29,219.814548,7.649317,596.011480,6.058810,5.163326
sz000019,2011-05-31,10.100000,10.520000,10.060000,10.500000,0.044776,3307667.000000,34086585.620000,1482949030.000000,1635764420.000000,0.023420,27.543086,2011-03-31,2011-04-29,218.772752,7.613064,593.186725,6.030094,5.138855
sz000019,2011-05-30,10.500000,10.500000,10.010000,10.050000,-0.067718,3837123.000000,39388352.680000,1419394070.000000,1565660230.000000,0.027169,26.362671,2011-03-31,2011-04-29,209.396801,7.286790,567.764502,5.771662,4.918619
sz000019,2011-05-27,11.960000,11.960000,10.780000,10.780000,-0.100167,7863141.000000,87194952.890000,1522494340.000000,1679384810.000000,0.055675,28.277571,2011-03-31,2011-04-29,224.606718,7.816080,609.005110,6.190898,5.275892
sz000019,2011-05-26,11.500000,12.500000,11.500000,11.980000,0.050877,10552816.000000,127226937.520000,1691974230.000000,1866329310.000000,0.074719,31.425355,2011-03-31,2011-04-29,249.609337,8.686145,676.797928,6.880052,5.863190
sz000019,2011-05-25,11.740000,11.930000,11.380000,11.400000,-0.024808,4594932.000000,53479891.810000,1610058950.000000,1775972800.000000,0.032534,29.903932,2011-03-31,2011-04-29,237.524788,8.265615,644.031535,6.546962,5.579330
sz000019,2011-05-24,11.610000,11.780000,11.360000,11.690000,0.006891,4938230.000000,57268030.190000,1651016590.000000,1821151060.000000,0.034965,30.664661,2011-03-31,2011-04-29,243.567203,8.475885,660.415113,6.713511,5.721263
sz000019,2011-05-23,12.630000,12.700000,11.570000,11.610000,-0.096498,8192688.000000,98285714.290000,1639717930.000000,1808688090.000000,0.058008,30.454797,2011-03-31,2011-04-29,241.900269,8.417877,655.895339,6.667565,5.682108
sz000019,2011-05-19,12.800000,13.100000,12.650000,12.850000,0.003123,5918946.000000,76334390.200000,1814847150.000000,2001864080.000000,0.041909,33.707504,2011-03-31,2011-04-29,267.736285,9.316943,725.947855,7.379690,6.288982
sz000019,2011-05-18,13.110000,13.150000,12.550000,12.810000,-0.045455,8431740.000000,108034419.830000,1809197820.000000,1995632600.000000,0.059701,33.602563,2011-03-31,2011-04-29,266.902747,9.287937,723.687778,7.356715,6.269403
sz000019,2011-05-17,13.920000,14.410000,13.350000,13.420000,-0.042796,11782615.000000,163191857.380000,1895350090.000000,2090662720.000000,0.083427,35.202702,2011-03-31,2011-04-29,279.612535,9.730225,758.149462,7.707038,6.567949
sz000019,2011-05-16,13.310000,14.300000,13.210000,14.020000,0.047833,13624682.000000,188010133.030000,1980090040.000000,2184134970.000000,0.096469,36.776593,2011-03-31,2011-04-29,292.113839,10.165257,792.045856,8.051615,6.861598
sz000019,2011-05-13,13.600000,13.750000,13.050000,13.380000,-0.019062,11066820.000000,147476247.700000,1889700760.000000,2084431240.000000,0.078358,35.097762,2011-03-31,2011-04-29,278.779003,9.701219,755.889398,7.684063,6.548370
sz000019,2011-05-12,13.540000,14.100000,13.360000,13.640000,-0.010160,12584125.000000,173073900.950000,1926421410.000000,2124935880.000000,0.089102,35.779796,2011-03-31,2011-04-29,284.196354,9.889737,770.578159,7.833383,6.675620
sz000019,2011-05-11,13.330000,14.000000,13.100000,13.780000,0.014728,13518004.000000,183635904.170000,1946194060.000000,2146746070.000000,0.095714,36.147050,2011-03-31,2011-04-29,287.113426,9.991248,778.487593,7.913787,6.744141
sz000019,2011-05-10,13.070000,13.860000,12.900000,13.580000,0.028788,13105591.000000,175113764.500000,1917947410.000000,2115588660.000000,0.092794,35.622404,2011-03-31,2011-04-29,282.946195,9.846232,767.188442,7.798925,6.646255
sz000019,2011-05-09,12.400000,13.950000,12.310000,13.200000,0.027237,14069343.000000,186551698.570000,1864278780.000000,2056389560.000000,0.099618,34.625602,2011-03-31,2011-04-29,275.028669,9.570711,745.720636,7.580692,6.460276
sz000019,2011-05-05,12.600000,13.370000,12.220000,12.850000,0.007843,11323409.000000,146521625.200000,1814847150.000000,2001864080.000000,0.080175,33.707510,2011-03-31,2011-04-29,267.736335,9.316945,725.947991,7.379691,6.288983
sz000019,2011-05-04,12.750000,13.400000,12.520000,12.750000,-0.020737,16358197.000000,211995246.140000,1800723820.000000,1986285370.000000,0.115824,33.445200,2011-03-31,2011-04-29,265.652820,9.244441,720.298688,7.322263,6.240043
sz000019,2011-05-03,11.660000,13.050000,11.580000,13.020000,0.097808,16595044.000000,209234473.520000,1838856800.000000,2028347890.000000,0.117501,34.153440,2011-03-31,2011-04-29,271.278318,9.440203,735.551826,7.477320,6.372182
sz000019,2011-04-29,12.080000,12.080000,11.200000,11.860000,-0.016584,7498689.000000,87244250.290000,1675026240.000000,1847634860.000000,0.053094,31.110576,2011-03-31,2011-04-29,247.109074,8.599138,670.018643,6.811136,5.804460
sz000019,2011-04-28,12.590000,12.750000,11.850000,12.060000,-0.033654,10501183.000000,129000548.280000,1703272890.000000,1878792280.000000,0.074353,31.635215,2010-09-30,2010-10-27,-54.182430,10.577638,-581.341299,7.378005,5.902344
sz000019,2011-04-27,11.790000,13.060000,11.700000,12.480000,0.040000,17080364.000000,215529741.320000,1762590850.000000,1944222860.000000,0.120937,32.736944,2010-09-30,2010-10-27,-56.069389,10.946016,-601.587112,7.634952,6.107900
sz000019,2011-04-26,11.950000,12.600000,11.210000,12.000000,-0.032258,12362023.000000,146369186.820000,1694798890.000000,1869445060.000000,0.087529,31.477831,2010-09-30,2010-10-27,-53.912874,10.525015,-578.449146,7.341300,5.872980
sz000019,2011-04-25,11.300000,12.400000,11.300000,12.400000,0.100266,17615816.000000,213586847.540000,1751292190.000000,1931759890.000000,0.124729,32.527089,2010-09-30,2010-10-27,-55.709966,10.875848,-597.730744,7.586010,6.068746
sz000019,2011-04-22,11.180000,11.460000,11.090000,11.270000,0.014401,3387639.000000,38393258.110000,1591698630.000000,1755720480.000000,0.023986,29.562932,2010-09-30,2010-10-27,-50.633180,9.884744,-543.260216,6.894705,5.515708
sz000019,2011-04-21,11.080000,11.250000,11.050000,11.110000,0.003613,2282552.000000,25426970.610000,1569101310.000000,1730794550.000000,0.016162,29.143241,2010-09-30,2010-10-27,-49.914363,9.744415,-535.547792,6.796824,5.437404
sz000019,2011-04-20,11.060000,11.200000,10.940000,11.070000,0.000904,2113455.000000,23343341.530000,1563451980.000000,1724563060.000000,0.014964,29.038325,2010-09-30,2010-10-27,-49.734672,9.709335,-533.619823,6.772355,5.417829
sz000019,2011-04-19,11.270000,11.270000,11.020000,11.060000,-0.019504,2043634.000000,22702518.710000,1562039650.000000,1723005190.000000,0.014470,29.012098,2010-09-30,2010-10-27,-49.689752,9.700566,-533.137867,6.766239,5.412936
sz000019,2011-04-18,11.130000,11.300000,11.100000,11.280000,0.002667,1994161.000000,22342608.130000,1593110960.000000,1757278350.000000,0.014120,29.589206,2010-09-30,2010-10-27,-50.678179,9.893529,-543.743031,6.900833,5.520610
sz000019,2011-04-15,11.160000,11.340000,11.060000,11.250000,0.000000,2441452.000000,27287891.170000,1588873960.000000,1752604740.000000,0.017287,29.510502,2010-09-30,2010-10-27,-50.543380,9.867213,-542.296726,6.882477,5.505926
sz000019,2011-04-14,11.320000,11.400000,11.110000,11.250000,-0.021739,3163026.000000,35690363.890000,1588873960.000000,1752604740.000000,0.022396,29.510502,2010-09-30,2010-10-27,-50.543380,9.867213,-542.296726,6.882477,5.505926
sz000019,2011-04-13,11.280000,11.760000,11.280000,11.500000,0.027703,6997374.000000,80759811.230000,1624182270.000000,1791551510.000000,0.049545,30.166286,2010-09-30,2010-10-27,-51.666560,10.086484,-554.347690,7.035420,5.628279
sz000019,2011-04-12,10.990000,11.200000,10.790000,11.190000,0.016349,2237451.000000,24486617.910000,1580399970.000000,1743257510.000000,0.015842,29.353117,2010-09-30,2010-10-27,-50.273824,9.814590,-539.404565,6.845772,5.476562
sz000019,2011-04-11,11.120000,11.140000,10.900000,11.010000,-0.003620,1730622.000000,19069552.910000,1554977980.000000,1715215840.000000,0.012254,28.880943,2010-09-30,2010-10-27,-49.465119,9.656712,-530.727698,6.735650,5.388466
sz000019,2011-04-08,11.030000,11.150000,10.950000,11.050000,0.002722,1304166.000000,14406813.390000,1560627310.000000,1721447320.000000,0.009234,28.985871,2010-09-30,2010-10-27,-49.644833,9.691797,-532.655913,6.760122,5.408043
sz000019,2011-04-07,10.800000,11.100000,10.710000,11.020000,0.015668,2893223.000000,31617425.380000,1556390320.000000,1716773710.000000,0.020485,28.907186,2010-09-30,2010-10-27,-49.510066,9.665487,-531.209959,6.741771,5.393362
sz000019,2011-04-06,10.740000,10.950000,10.660000,10.850000,0.005561,2440557.000000,26412641.350000,1532380660.000000,1690289900.000000,0.017280,28.461255,2010-09-30,2010-10-27,-48.746309,9.516385,-523.015354,6.637770,5.310162
sz000019,2011-04-01,10.630000,10.800000,10.570000,10.790000,0.020814,2058660.000000,22046157.220000,1523906670.000000,1680942680.000000,0.014576,28.303857,2010-09-30,2010-10-27,-48.476730,9.463757,-520.122951,6.601062,5.280796
sz000019,2011-03-31,10.310000,10.820000,10.310000,10.570000,0.011483,1838139.000000,19516694.230000,1492835360.000000,1646669520.000000,0.013015,27.726753,2010-09-30,2010-10-27,-47.488309,9.270794,-509.517846,6.466469,5.173123
sz000019,2011-03-30,10.500000,10.650000,10.450000,10.450000,-0.009479,1515591.000000,15987287.520000,1475887370.000000,1627975070.000000,0.010731,27.411981,2010-09-30,2010-10-27,-46.949191,9.165546,-503.733475,6.393057,5.114394
sz000019,2011-03-29,10.990000,11.000000,10.450000,10.550000,-0.040036,3593193.000000,38447664.700000,1490010690.000000,1643553780.000000,0.025442,27.674306,2010-09-30,2010-10-27,-47.398481,9.253258,-508.554059,6.454237,5.163337
sz000019,2011-03-28,11.030000,11.150000,10.960000,10.990000,-0.005430,2944507.000000,32466796.850000,1552153320.000000,1712100100.000000,0.020849,28.828483,2010-09-30,2010-10-27,-49.375270,9.639172,-529.763677,6.723416,5.378678
sz000019,2011-03-25,11.150000,11.180000,11.030000,11.050000,-0.006295,2353689.000000,26133067.740000,1560627310.000000,1721447320.000000,0.016665,28.985876,2010-09-30,2010-10-27,-49.644841,9.691798,-532.655999,6.760123,5.408044
sz000019,2011-03-24,11.060000,11.170000,10.950000,11.120000,0.008160,3442402.000000,38102087.670000,1570513640.000000,1732352420.000000,0.024374,29.169498,2010-09-30,2010-10-27,-49.959335,9.753195,-536.030310,6.802948,5.442303
sz000019,2011-03-23,11.120000,11.190000,11.000000,11.030000,-0.007201,3699373.000000,40960826.820000,1557802650.000000,1718331580.000000,0.026193,28.933402,2010-09-30,2010-10-27,-49.554966,9.674253,-531.691706,6.747885,5.398253
sz000019,2011-03-22,11.290000,11.290000,11.020000,11.110000,-0.010686,1424618.000000,15875538.370000,1569101310.000000,1730794550.000000,0.010087,29.143262,2010-09-30,2010-10-27,-49.914400,9.744422,-535.548188,6.796829,5.437408
sz000019,2011-03-21,11.070000,11.300000,10.980000,11.230000,0.011712,3779951.000000,42349426.790000,1586049300.000000,1749489000.000000,0.026764,29.458051,2010-09-30,2010-10-27,-50.453547,9.849676,-541.332871,6.870244,5.496140
sz000019,2011-03-18,11.010000,11.150000,10.930000,11.100000,0.004525,2743602.000000,30267145.950000,1567688980.000000,1729236680.000000,0.019426,29.117032,2010-09-30,2010-10-27,-49.869475,9.735652,-535.066176,6.790712,5.432514
sz000019,2011-03-17,11.000000,11.290000,10.850000,11.050000,-0.011628,4382668.000000,48571999.470000,1560627310.000000,1721447320.000000,0.031031,28.985871,2010-09-30,2010-10-27,-49.644833,9.691797,-532.655908,6.760122,5.408043
sz000019,2011-03-16,11.070000,11.220000,10.880000,11.180000,-0.006222,8004339.000000,88216849.680000,1578987630.000000,1741699640.000000,0.056675,29.326884,2010-09-30,2010-10-27,-50.228894,9.805819,-538.922499,6.839654,5.471667
sz000019,2011-03-15,11.800000,11.850000,11.000000,11.250000,-0.056999,9029881.000000,101644749.240000,1588873960.000000,1752604740.000000,0.063936,29.510499,2010-09-30,2010-10-27,-50.543375,9.867212,-542.296669,6.882476,5.505925
sz000019,2011-03-14,11.820000,12.080000,11.680000,11.930000,0.006751,4720399.000000,56143124.850000,1684912570.000000,1858539960.000000,0.033423,31.294239,2010-09-30,2010-10-27,-53.598432,10.463629,-575.075391,7.298483,5.838727
sz000019,2011-03-11,11.600000,12.100000,11.370000,11.850000,0.017167,7773219.000000,91668160.750000,1673613910.000000,1846076990.000000,0.055038,31.084388,2010-09-30,2010-10-27,-53.239015,10.393463,-571.219091,7.249541,5.799574
sz000019,2011-03-10,11.370000,11.660000,11.230000,11.650000,0.022827,4857411.000000,55807492.310000,1645367260.000000,1814919580.000000,0.034393,30.559769,2010-09-30,2010-10-27,-52.340486,10.218049,-561.578474,7.127188,5.701693
sz000019,2011-03-09,11.360000,11.470000,11.220000,11.390000,-0.013853,3959335.000000,44850195.550000,1608646610.000000,1774414930.000000,0.028034,29.877749,2010-09-30,2010-10-27,-51.172374,9.990007,-549.045414,6.968127,5.574445
sz000019,2011-03-08,11.670000,11.670000,11.200000,11.550000,-0.017857,6528767.000000,74413264.670000,1631243930.000000,1799340870.000000,0.046227,30.297460,2010-09-30,2010-10-27,-51.891224,10.130343,-556.758185,7.066012,5.652753
sz000019,2011-03-07,11.710000,11.870000,11.580000,11.760000,-0.000850,3817686.000000,44624009.900000,1660902910.000000,1832056150.000000,0.027031,30.848318,2010-09-30,2010-10-27,-52.834693,10.314530,-566.880979,7.194484,5.755529
sz000019,2011-03-04,11.550000,11.790000,11.500000,11.770000,0.014655,1887929.000000,22044257.510000,1662315250.000000,1833614030.000000,0.013367,30.874562,2010-09-30,2010-10-27,-52.879640,10.323304,-567.363237,7.200605,5.760425
sz000019,2011-03-03,11.710000,11.800000,11.350000,11.600000,-0.021922,3294310.000000,38173783.840000,1638305600.000000,1807130220.000000,0.023325,30.428630,2010-09-30,2010-10-27,-52.115882,10.174201,-559.168621,7.096604,5.677226
sz000019,2011-03-02,11.830000,12.000000,11.510000,11.860000,-0.002523,4552173.000000,53623605.480000,1675026240.000000,1847634860.000000,0.032232,31.110638,2010-09-30,2010-10-27,-53.283973,10.402239,-571.701461,7.255663,5.804471
sz000019,2011-03-01,11.670000,11.970000,11.530000,11.890000,0.017979,5242335.000000,61627101.080000,1679263240.000000,1852308480.000000,0.037118,31.189328,2010-09-30,2010-10-27,-53.418749,10.428551,-573.147512,7.274015,5.819153
sz000019,2011-02-28,11.370000,11.690000,11.360000,11.680000,0.020087,3884967.000000,44945650.160000,1649604250.000000,1819593190.000000,0.027507,30.638479,2010-09-30,2010-10-27,-52.475296,10.244367,-563.024887,7.145545,5.716378
sz000019,2011-02-25,11.210000,11.490000,11.120000,11.450000,0.001750,2425045.000000,27429748.820000,1617120610.000000,1783762160.000000,0.017170,30.035163,2010-09-30,2010-10-27,-51.441981,10.042641,-551.938107,7.004839,5.603814
sz000019,2011-02-24,11.350000,11.430000,11.100000,11.430000,0.002632,4463603.000000,50310386.170000,1614295940.000000,1780646420.000000,0.031604,29.982693,2010-09-30,2010-10-27,-51.352114,10.025097,-550.973902,6.992602,5.594025
sz000019,2011-02-23,11.220000,11.460000,11.000000,11.400000,0.004405,2791042.000000,31397216.700000,1610058950.000000,1775972800.000000,0.019762,29.903986,2010-09-30,2010-10-27,-51.217310,9.998780,-549.527546,6.974246,5.579340
sz000019,2011-02-22,11.590000,11.730000,11.130000,11.350000,-0.024076,2465909.000000,28063243.850000,1602997290.000000,1768183450.000000,0.017460,29.772836,2010-09-30,2010-10-27,-50.992688,9.954928,-547.117493,6.943659,5.554871
sz000019,2011-02-21,11.300000,11.800000,11.210000,11.630000,0.024670,3026495.000000,34988330.160000,1642542590.000000,1811803830.000000,0.021429,30.507331,2010-09-30,2010-10-27,-52.250675,10.200516,-560.614857,7.114959,5.691909
sz000019,2011-02-18,11.500000,11.500000,11.270000,11.350000,-0.013043,1640154.000000,18618800.910000,1602997290.000000,1768183450.000000,0.011613,29.772835,2010-09-30,2010-10-27,-50.992685,9.954928,-547.117469,6.943659,5.554871
sz000019,2011-02-17,11.290000,11.590000,11.170000,11.500000,0.017699,4584700.000000,52425747.800000,1624182270.000000,1791551510.000000,0.032462,30.166294,2010-09-30,2010-10-27,-51.666572,10.086486,-554.347827,7.035422,5.628280
sz000019,2011-02-16,11.330000,11.490000,11.220000,11.300000,-0.005282,2060823.000000,23352519.460000,1595935620.000000,1760394090.000000,0.014592,29.641666,2010-09-30,2010-10-27,-50.768029,9.911070,-544.707057,6.913067,5.530398
sz000019,2011-02-15,11.250000,11.440000,11.130000,11.360000,0.006200,3538535.000000,39939011.220000,1604409620.000000,1769741320.000000,0.025055,29.799065,2010-09-30,2010-10-27,-51.037610,9.963698,-547.599478,6.949776,5.559764
sz000019,2011-02-14,11.150000,11.500000,11.080000,11.290000,0.012556,2860595.000000,32203037.380000,1594523290.000000,1758836220.000000,0.020254,29.615449,2010-09-30,2010-10-27,-50.723126,9.902304,-544.225281,6.906953,5.525506
sz000019,2011-02-11,11.230000,11.250000,11.060000,11.150000,-0.004464,1507779.000000,16792493.890000,1574750640.000000,1737026030.000000,0.010676,29.248208,2010-09-30,2010-10-27,-50.094144,9.779512,-537.476723,6.821305,5.456988
sz000019,2011-02-10,10.890000,11.250000,10.800000,11.200000,0.020036,2577681.000000,28646306.650000,1581812300.000000,1744815390.000000,0.018251,29.379358,2010-09-30,2010-10-27,-50.318767,9.823364,-539.886778,6.851892,5.481458
sz000019,2011-02-09,10.640000,11.000000,10.550000,10.980000,0.022346,3139999.000000,33868550.520000,1550740990.000000,1710542230.000000,0.022233,28.802276,2010-09-30,2010-10-27,-49.330384,9.630409,-529.282082,6.717304,5.373788
sz000019,2011-02-01,10.800000,10.800000,10.550000,10.740000,-0.009225,2376074.000000,25357000.520000,1516845010.000000,1673153330.000000,0.016824,28.172728,2010-09-30,2010-10-27,-48.252141,9.419912,-517.713261,6.570480,5.256330
sz000019,2011-01-31,10.920000,11.000000,10.710000,10.840000,-0.005505,2153871.000000,23466064.620000,1530968330.000000,1688732030.000000,0.015250,28.435041,2010-09-30,2010-10-27,-48.701412,9.507619,-522.533634,6.631657,5.305272
sz000019,2011-01-28,10.630000,10.900000,10.480000,10.900000,0.011132,3399186.000000,36536039.930000,1539442330.000000,1698079260.000000,0.024068,28.592442,2010-09-30,2010-10-27,-48.970997,9.560249,-525.426105,6.668366,5.334639
sz000019,2011-01-27,10.310000,10.910000,10.310000,10.780000,0.024715,5620826.000000,60212712.060000,1522494340.000000,1679384810.000000,0.039798,28.277656,2010-09-30,2010-10-27,-48.431854,9.454996,-519.641456,6.594951,5.275907
sz000019,2011-01-26,10.310000,10.600000,10.110000,10.520000,0.013487,1877775.000000,19648664.270000,1485773700.000000,1638880170.000000,0.013296,27.595630,2010-09-30,2010-10-27,-47.263731,9.226952,-507.108275,6.435888,5.148658
sz000019,2011-01-25,10.470000,10.500000,10.030000,10.380000,-0.011429,1099597.000000,11245210.350000,1466001040.000000,1617069970.000000,0.007786,27.228400,2010-09-30,2010-10-27,-46.634768,9.104164,-500.359921,6.350242,5.080142
sz000019,2011-01-24,10.460000,10.630000,10.220000,10.500000,0.002865,2183993.000000,22825943.350000,1482949030.000000,1635764420.000000,0.015464,27.543191,2010-09-30,2010-10-27,-47.173918,9.209418,-506.144648,6.423658,5.138875
sz000019,2011-01-21,10.090000,10.500000,9.990000,10.470000,0.031527,3463520.000000,35895750.630000,1478712030.000000,1631090810.000000,0.024523,27.464505,2010-09-30,2010-10-27,-47.039151,9.183109,-504.698686,6.405307,5.124194
sz000019,2011-01-20,10.050000,10.320000,9.720000,10.150000,0.007944,2454389.000000,24882277.860000,1433517400.000000,1581238940.000000,0.017378,26.625096,2010-09-30,2010-10-27,-45.601473,8.902441,-489.273365,6.209539,4.967581
sz000019,2011-01-19,9.800000,10.300000,9.610000,10.070000,0.027551,2230898.000000,22306488.970000,1422218740.000000,1568775980.000000,0.015796,26.415253,2010-09-30,2010-10-27,-45.242070,8.832278,-485.417211,6.160599,4.928429
sz000019,2011-01-18,9.310000,9.800000,9.230000,9.800000,0.053763,1468704.000000,14006522.310000,1384085760.000000,1526713460.000000,0.010399,25.707000,2010-09-30,2010-10-27,-44.029027,8.595464,-472.402061,5.995419,4.796287
sz000019,2011-01-17,9.850000,9.850000,9.000000,9.300000,-0.057751,1347574.000000,12700957.390000,1313469140.000000,1448819920.000000,0.009541,24.395428,2010-09-30,2010-10-27,-41.782665,8.156923,-448.300103,5.689533,4.551580
sz000019,2011-01-14,10.100000,10.100000,9.810000,9.870000,-0.022772,822649.000000,8142078.270000,1393972090.000000,1537618560.000000,0.005825,25.890639,2010-09-30,2010-10-27,-44.343550,8.656866,-475.776682,6.038248,4.830549
sz000019,2011-01-13,10.020000,10.140000,9.980000,10.100000,0.008991,808576.000000,8145518.700000,1426455730.000000,1573449590.000000,0.005725,26.493959,2010-09-30,2010-10-27,-45.376872,8.858594,-486.863539,6.178955,4.943114
sz000019,2011-01-12,10.000000,10.080000,9.900000,10.010000,0.003006,1010148.000000,10082863.690000,1413744740.000000,1559428750.000000,0.007152,26.257874,2010-09-30,2010-10-27,-44.972524,8.779656,-482.525155,6.123895,4.899066
sz000019,2011-01-11,10.290000,10.290000,9.810000,9.980000,-0.030126,2031619.000000,20257209.670000,1409507750.000000,1554755140.000000,0.014385,26.179180,2010-09-30,2010-10-27,-44.837742,8.753343,-481.079031,6.105542,4.884384
sz000019,2011-01-10,10.520000,10.620000,10.250000,10.290000,-0.028329,1364905.000000,14232518.200000,1453290050.000000,1603049140.000000,0.009664,26.992351,2010-09-30,2010-10-27,-46.230481,9.025238,-496.022196,6.295191,5.036102
sz000019,2011-01-07,10.500000,10.760000,10.450000,10.590000,0.004744,1653640.000000,17581088.430000,1495660020.000000,1649785260.000000,0.011709,27.779312,2010-09-30,2010-10-27,-47.578327,9.288368,-510.483689,6.478727,5.182929
sz000019,2011-01-06,10.790000,10.920000,10.470000,10.540000,-0.024074,2216341.000000,23494599.430000,1488598360.000000,1641995910.000000,0.015693,27.648149,2010-09-30,2010-10-27,-47.353682,9.244512,-508.073388,6.448137,5.158457
sz000019,2011-01-05,10.700000,10.890000,10.600000,10.800000,0.007463,1823349.000000,19612327.590000,1525319000.000000,1682500550.000000,0.012910,28.330169,2010-09-30,2010-10-27,-48.521795,9.472554,-520.606468,6.607198,5.285705
sz000019,2011-01-04,10.780000,10.780000,10.570000,10.720000,0.002806,2269204.000000,24205247.340000,1514020340.000000,1670037580.000000,0.016067,28.120307,2010-09-30,2010-10-27,-48.162360,9.402384,-516.749964,6.558254,5.246550
sz000019,2010-12-31,10.550000,10.720000,10.440000,10.690000,0.021012,1523098.000000,16126796.010000,1509783350.000000,1665363970.000000,0.010784,28.041623,2010-09-30,2010-10-27,-48.027594,9.376075,-515.304020,6.539903,5.231869
sz000019,2010-12-30,10.480000,10.620000,10.310000,10.470000,-0.006641,1514426.000000,15903482.590000,1478712030.000000,1631090810.000000,0.010723,27.464538,2010-09-30,2010-10-27,-47.039206,9.183119,-504.699279,6.405315,5.124200
sz000019,2010-12-29,10.370000,10.540000,10.220000,10.540000,0.015414,1308833.000000,13623754.670000,1488598360.000000,1641995910.000000,0.009267,27.648149,2010-09-30,2010-10-27,-47.353682,9.244512,-508.073395,6.448137,5.158457
sz000019,2010-12-28,10.460000,10.570000,10.190000,10.380000,-0.010486,1270828.000000,13183104.530000,1466001040.000000,1617069970.000000,0.008998,27.228450,2010-09-30,2010-10-27,-46.634853,9.104180,-500.360833,6.350254,5.080152
sz000019,2010-12-27,10.930000,11.290000,10.410000,10.490000,-0.050679,1998024.000000,21656968.100000,1481536700.000000,1634206550.000000,0.014147,27.516993,2010-09-30,2010-10-27,-47.129048,9.200658,-505.663217,6.417548,5.133987
sz000019,2010-12-24,11.270000,11.270000,10.930000,11.050000,-0.019521,2023472.000000,22377588.130000,1560627310.000000,1721447320.000000,0.014327,28.985973,2010-09-30,2010-10-27,-49.645007,9.691831,-532.657781,6.760146,5.408062
sz000019,2010-12-23,11.600000,11.700000,11.230000,11.270000,-0.028448,2619270.000000,29955602.710000,1591698630.000000,1755720480.000000,0.018546,29.563074,2010-09-30,2010-10-27,-50.633422,9.884792,-543.262814,6.894738,5.515734
sz000019,2010-12-22,11.880000,11.960000,11.600000,11.600000,-0.032527,2900813.000000,34099105.120000,1638305600.000000,1807130220.000000,0.020539,30.428710,2010-09-30,2010-10-27,-52.116019,10.174228,-559.170085,7.096623,5.677241
sz000019,2010-12-21,11.880000,12.060000,11.660000,11.990000,0.010110,2805869.000000,33365286.770000,1693386560.000000,1867887190.000000,0.019867,31.451741,2010-09-30,2010-10-27,-53.868189,10.516292,-577.969705,7.335215,5.868113
sz000019,2010-12-20,12.330000,12.380000,11.500000,11.870000,-0.031020,4817132.000000,57404659.300000,1676438570.000000,1849192730.000000,0.034108,31.136946,2010-09-30,2010-10-27,-53.329033,10.411036,-572.184916,7.261799,5.809380
sz000019,2010-12-17,12.020000,12.260000,11.850000,12.250000,0.012397,4784825.000000,57909863.920000,1730107200.000000,1908391830.000000,0.033879,32.133734,2010-09-30,2010-10-27,-55.036257,10.744325,-590.502297,7.494271,5.995356
sz000019,2010-12-16,12.100000,12.310000,11.950000,12.100000,-0.016260,5307562.000000,64263702.040000,1708922220.000000,1885023760.000000,0.037580,31.740251,2010-09-30,2010-10-27,-54.362328,10.612759,-583.271481,7.402502,5.921941
sz000019,2010-12-15,12.150000,12.660000,11.990000,12.300000,0.020747,16063128.000000,197509892.860000,1737168860.000000,1916181180.000000,0.113735,32.264877,2010-09-30,2010-10-27,-55.260869,10.788174,-592.912234,7.524856,6.019824
sz000019,2010-12-14,11.330000,12.060000,11.180000,12.050000,0.065429,9244384.000000,108156964.510000,1701860550.000000,1877234410.000000,0.065455,31.609084,2010-09-30,2010-10-27,-54.137675,10.568901,-580.861108,7.371911,5.897469
sz000019,2010-12-13,11.180000,11.450000,11.060000,11.310000,0.025385,2856124.000000,32166453.440000,1597347960.000000,1761951970.000000,0.020223,29.667940,2010-09-30,2010-10-27,-50.813029,9.919855,-545.189880,6.919195,5.535300
sz000019,2010-12-10,11.100000,11.250000,10.880000,11.030000,-0.015179,3191543.000000,35263438.090000,1557802650.000000,1718331580.000000,0.022598,28.933464,2010-09-30,2010-10-27,-49.555074,9.674274,-531.692856,6.747900,5.398265
sz000019,2010-12-09,11.600000,11.640000,11.160000,11.200000,-0.046809,4684519.000000,53095101.590000,1581812300.000000,1744815390.000000,0.033169,29.379414,2010-09-30,2010-10-27,-50.318864,9.823383,-539.887814,6.851905,5.481468
sz000019,2010-12-08,11.520000,12.080000,11.250000,11.750000,0.019965,7468975.000000,87600774.570000,1659490580.000000,1830498280.000000,0.052884,30.822169,2010-09-30,2010-10-27,-52.789906,10.305786,-566.400452,7.188386,5.750650
sz000019,2010-12-07,11.650000,11.650000,11.120000,11.520000,-0.015385,4421265.000000,50819490.940000,1627006940.000000,1794667250.000000,0.031305,30.218850,2010-09-30,2010-10-27,-51.756586,10.104059,-555.313616,7.047679,5.638086
sz000019,2010-12-06,11.350000,11.850000,11.260000,11.700000,0.027217,6562733.000000,76134653.660000,1652428920.000000,1822708930.000000,0.046467,30.691031,2010-09-30,2010-10-27,-52.565303,10.261939,-563.990612,7.157802,5.726183
sz000019,2010-12-03,11.250000,11.420000,11.050000,11.390000,-0.000877,3517590.000000,39462822.400000,1608646610.000000,1774414930.000000,0.024906,29.877846,2010-09-30,2010-10-27,-51.172540,9.990040,-549.047194,6.968150,5.574463
sz000019,2010-12-02,11.340000,11.740000,11.200000,11.400000,0.012433,5462201.000000,62968144.670000,1610058950.000000,1775972800.000000,0.038675,29.904072,2010-09-30,2010-10-27,-51.217458,9.998809,-549.529131,6.974266,5.579356
sz000019,2010-12-01,10.860000,11.470000,10.760000,11.260000,0.030192,3727749.000000,41811812.490000,1590286290.000000,1754162610.000000,0.026394,29.536840,2010-09-30,2010-10-27,-50.588491,9.876020,-542.780738,6.888620,5.510840
sz000019,2010-11-30,11.490000,11.490000,10.480000,10.930000,-0.055315,6323216.000000,69607058.720000,1543679320.000000,1702752870.000000,0.044771,28.671200,2010-09-30,2010-10-27,-49.105886,9.586582,-526.873377,6.686734,5.349333
sz000019,2010-11-29,11.190000,11.800000,11.190000,11.570000,0.019383,6236949.000000,72313868.740000,1634068600.000000,1802456610.000000,0.044161,30.350010,2010-09-30,2010-10-27,-51.981228,10.147914,-557.723873,7.078268,5.662557
sz000019,2010-11-26,11.400000,11.430000,10.980000,11.350000,-0.006999,6860669.000000,77139803.740000,1602997290.000000,1768183450.000000,0.048577,29.772922,2010-09-30,2010-10-27,-50.992834,9.954957,-547.119064,6.943679,5.554887
sz000019,2010-11-25,10.390000,11.430000,10.390000,11.430000,0.100096,5881065.000000,65417225.720000,1614295940.000000,1780646420.000000,0.041641,29.982771,2010-09-30,2010-10-27,-51.352248,10.025123,-550.975341,6.992620,5.594040
sz000019,2010-11-24,10.100000,10.440000,10.100000,10.390000,0.010700,2316107.000000,23924720.050000,1467413370.000000,1618627840.000000,0.016399,27.254686,2010-09-30,2010-10-27,-46.679788,9.112953,-500.842964,6.356373,5.085047
sz000019,2010-11-23,10.390000,10.560000,10.130000,10.280000,-0.016268,1574903.000000,16244738.630000,1451877720.000000,1601491260.000000,0.011151,26.966148,2010-09-30,2010-10-27,-46.185602,9.016476,-495.540678,6.289080,5.031213
sz000019,2010-11-22,10.290000,10.560000,10.100000,10.450000,0.015549,3020156.000000,31183092.720000,1475887370.000000,1627975070.000000,0.021384,27.412088,2010-09-30,2010-10-27,-46.949375,9.165582,-503.735446,6.393082,5.114414
sz000019,2010-11-19,10.180000,10.450000,10.040000,10.290000,0.024900,1758911.000000,17968801.300000,1453290050.000000,1603049140.000000,0.012454,26.992384,2010-09-30,2010-10-27,-46.230536,9.025249,-496.022788,6.295198,5.036108
sz000019,2010-11-17,9.950000,10.100000,9.870000,10.040000,0.004000,1482259.000000,14826284.940000,1417981740.000000,1564102360.000000,0.010495,26.336602,2010-09-30,2010-10-27,-45.107363,8.805980,-483.971888,6.142256,4.913755
sz000019,2010-11-16,10.480000,10.500000,9.910000,10.000000,-0.043062,2854804.000000,29040568.760000,1412332410.000000,1557870880.000000,0.020213,26.231676,2010-09-30,2010-10-27,-44.927652,8.770896,-482.043713,6.117785,4.894178
sz000019,2010-11-15,10.000000,10.500000,10.000000,10.450000,0.039801,2612044.000000,26817383.370000,1475887370.000000,1627975070.000000,0.018495,27.412095,2010-09-30,2010-10-27,-46.949387,9.165584,-503.735575,6.393084,5.114415
sz000019,2010-11-12,11.100000,11.120000,10.050000,10.050000,-0.100269,4350298.000000,46258660.490000,1419394070.000000,1565660230.000000,0.030802,26.362828,2010-09-30,2010-10-27,-45.152281,8.814749,-484.453828,6.148373,4.918648
sz000019,2010-11-11,11.290000,11.450000,11.160000,11.170000,-0.010629,4894795.000000,55271495.710000,1577575300.000000,1740141770.000000,0.034658,29.300789,2010-09-30,2010-10-27,-50.184200,9.797093,-538.442966,6.833568,5.466799
sz000019,2010-11-09,11.500000,11.600000,11.230000,11.290000,-0.024201,5045023.000000,57340093.520000,1594523290.000000,1758836220.000000,0.035721,29.615573,2010-09-30,2010-10-27,-50.723339,9.902345,-544.227560,6.906982,5.525529
sz000019,2010-11-08,11.640000,11.680000,11.260000,11.570000,-0.005159,6109695.000000,69973096.140000,1634068600.000000,1802456610.000000,0.043260,30.350075,2010-09-30,2010-10-27,-51.981339,10.147936,-557.725065,7.078283,5.662569
sz000019,2010-11-05,11.760000,11.840000,11.530000,11.630000,0.001723,4374094.000000,50864373.470000,1642542590.000000,1811803830.000000,0.030971,30.507463,2010-09-30,2010-10-27,-52.250902,10.200560,-560.617289,7.114990,5.691934
sz000019,2010-11-04,11.470000,11.770000,11.260000,11.610000,0.013089,4628374.000000,53364729.910000,1639717930.000000,1808688090.000000,0.032771,30.454989,2010-09-30,2010-10-27,-52.161028,10.183015,-559.653007,7.102752,5.682144
sz000019,2010-11-03,11.500000,11.790000,11.220000,11.460000,-0.020513,4642200.000000,53367437.220000,1618532940.000000,1785320030.000000,0.032869,30.061514,2010-09-30,2010-10-27,-51.487113,10.051452,-552.422351,7.010985,5.608731
sz000019,2010-11-02,11.140000,11.790000,10.980000,11.700000,0.054054,10022246.000000,115259729.710000,1652428920.000000,1822708930.000000,0.070962,30.691080,2010-09-30,2010-10-27,-52.565387,10.261955,-563.991509,7.157813,5.726192
sz000019,2010-11-01,10.790000,11.100000,10.640000,11.100000,0.029685,5252704.000000,57012711.840000,1567688980.000000,1729236680.000000,0.037192,29.117180,2010-09-30,2010-10-27,-49.869729,9.735701,-535.068895,6.790746,5.432542
sz000019,2010-10-29,11.000000,11.120000,10.690000,10.780000,-0.020000,3214013.000000,34836351.620000,1522494340.000000,1679384810.000000,0.022757,28.277755,2010-09-30,2010-10-27,-48.432024,9.455029,-519.643284,6.594974,5.275926
sz000019,2010-10-28,10.880000,11.160000,10.740000,11.000000,0.007326,4197849.000000,45895483.080000,1553565650.000000,1713657970.000000,0.029723,28.854852,2010-09-30,2010-10-27,-49.420433,9.647989,-530.248249,6.729566,5.383598
sz000019,2010-10-27,10.830000,11.070000,10.590000,10.920000,0.006452,5367429.000000,58437087.490000,1542266990.000000,1701195000.000000,0.038004,28.644999,2010-09-30,2010-10-27,-49.061012,9.577822,-526.391902,6.680623,5.344444
sz000019,2010-10-26,10.800000,11.160000,10.710000,10.850000,0.005561,7489634.000000,82241482.060000,1532380660.000000,1690289900.000000,0.053030,28.461366,2010-06-30,2010-08-13,-68.362439,10.356401,-187.088454,6.550058,5.310183
sz000019,2010-10-25,10.430000,10.900000,10.100000,10.790000,0.048591,8109979.000000,86515234.210000,1523906670.000000,1680942680.000000,0.057423,28.303968,2010-06-30,2010-08-13,-67.984378,10.299128,-186.053808,6.513835,5.280817
sz000019,2010-10-22,10.470000,10.540000,10.250000,10.290000,-0.013423,3648243.000000,38016865.880000,1453290050.000000,1603049140.000000,0.025831,26.992381,2010-06-30,2010-08-13,-64.834028,9.821873,-177.432200,6.211988,5.036107
sz000019,2010-10-21,10.160000,10.540000,10.020000,10.430000,0.032673,5064829.000000,52085897.040000,1473062700.000000,1624859330.000000,0.035861,27.359629,2010-06-30,2010-08-13,-65.716135,9.955506,-179.846277,6.296506,5.104626
sz000019,2010-10-20,9.690000,10.350000,9.540000,10.100000,0.025381,4870195.000000,49034962.940000,1426455730.000000,1573449590.000000,0.034483,26.493991,2010-06-30,2010-08-13,-63.636926,9.640521,-174.156075,6.097289,4.943120
sz000019,2010-10-19,9.500000,9.880000,9.450000,9.850000,0.036842,2584966.000000,25154942.310000,1391147420.000000,1534502820.000000,0.018303,25.838192,2010-06-30,2010-08-13,-62.061737,9.401892,-169.845234,5.946365,4.820764
sz000019,2010-10-18,9.890000,9.890000,9.400000,9.500000,-0.040404,3023145.000000,28782034.330000,1341715790.000000,1479977340.000000,0.021405,24.920086,2010-06-30,2010-08-13,-59.856504,9.067815,-163.810140,5.735073,4.649468
sz000019,2010-10-15,10.110000,10.130000,9.770000,9.900000,0.010204,2893184.000000,28875318.870000,1398209090.000000,1542292170.000000,0.020485,25.969352,2010-06-30,2010-08-13,-62.376775,9.449617,-170.707402,5.976550,4.845235
sz000019,2010-10-14,10.260000,10.280000,9.680000,9.800000,-0.042033,4021982.000000,40122185.510000,1384085760.000000,1526713460.000000,0.028478,25.707037,2010-06-30,2010-08-13,-61.746712,9.354167,-168.983099,5.916181,4.796294
sz000019,2010-10-13,10.400000,10.480000,10.070000,10.230000,-0.016346,3916794.000000,39936435.220000,1444816060.000000,1593701910.000000,0.027733,26.834992,2010-06-30,2010-08-13,-64.455990,9.764603,-176.397620,6.175767,5.006742
sz000019,2010-10-12,10.550000,10.650000,10.360000,10.400000,-0.014218,3299945.000000,34519808.620000,1468825710.000000,1620185720.000000,0.023365,27.280926,2010-06-30,2010-08-13,-65.527096,9.926868,-179.328931,6.278394,5.089942
sz000019,2010-10-11,10.770000,11.000000,10.440000,10.550000,-0.013096,4834595.000000,51543235.860000,1490010690.000000,1643553780.000000,0.034231,27.674401,2010-06-30,2010-08-13,-66.472198,10.070044,-181.915404,6.368947,5.163355
sz000019,2010-10-08,10.180000,10.790000,10.090000,10.690000,0.055281,4630501.000000,48416631.640000,1509783350.000000,1665363970.000000,0.032786,28.041634,2010-06-30,2010-08-13,-67.354269,10.203671,-184.329381,6.453462,5.231872
sz000019,2010-09-30,9.830000,10.260000,9.730000,10.130000,0.016048,5262973.000000,52323246.000000,1430692730.000000,1578123200.000000,0.037264,26.572671,2010-06-30,2010-08-13,-63.825909,9.669150,-174.673268,6.115397,4.957800
sz000019,2010-09-29,10.500000,10.600000,9.910000,9.970000,-0.052281,5974166.000000,60276197.950000,1408095410.000000,1553197270.000000,0.042300,26.152968,2010-06-30,2010-08-13,-62.817809,9.516431,-171.914386,6.018807,4.879493
sz000019,2010-09-28,10.710000,10.880000,10.450000,10.520000,-0.017740,2017616.000000,21471315.010000,1485773700.000000,1638880170.000000,0.014286,27.595698,2010-06-30,2010-08-13,-66.283159,10.041406,-181.398058,6.350835,5.148671
sz000019,2010-09-27,10.500000,10.840000,10.450000,10.710000,0.031792,1896268.000000,20234634.950000,1512608010.000000,1668479710.000000,0.013426,28.094088,2010-06-30,2010-08-13,-67.480259,10.222757,-184.674178,6.465533,5.241658
sz000019,2010-09-21,10.360000,10.630000,10.300000,10.380000,0.000000,1369794.000000,14292340.780000,1466001040.000000,1617069970.000000,0.009699,27.228441,2010-06-30,2010-08-13,-65.401029,9.907769,-178.983921,6.266315,5.080150
sz000019,2010-09-20,10.820000,10.900000,10.260000,10.380000,-0.041551,2227826.000000,23462434.060000,1466001040.000000,1617069970.000000,0.015774,27.228441,2010-06-30,2010-08-13,-65.401029,9.907769,-178.983921,6.266315,5.080150
sz000019,2010-09-17,10.740000,11.000000,10.510000,10.830000,0.012150,2855347.000000,30767907.630000,1529556000.000000,1687174160.000000,0.020217,28.408857,2010-06-30,2010-08-13,-68.236316,10.337294,-186.743292,6.537974,5.300386
sz000019,2010-09-16,11.300000,11.350000,10.510000,10.700000,-0.057269,4757941.000000,51980892.380000,1511195680.000000,1666921840.000000,0.033689,28.067833,2010-06-30,2010-08-13,-67.417197,10.213204,-184.501597,6.459491,5.236760
sz000019,2010-09-15,11.960000,12.050000,11.270000,11.350000,-0.051003,5086564.000000,59150404.680000,1602997290.000000,1768183450.000000,0.036015,29.772897,2010-06-30,2010-08-13,-71.512656,10.833635,-195.709696,6.851892,5.554882
sz000019,2010-09-14,11.980000,12.170000,11.650000,11.960000,0.004198,5880736.000000,70344737.330000,1689149560.000000,1863213570.000000,0.041638,31.373015,2010-06-30,2010-08-13,-75.356040,11.415879,-206.227940,7.220141,5.853424
sz000019,2010-09-13,11.590000,12.090000,11.420000,11.910000,0.032062,7508169.000000,88743085.040000,1682087900.000000,1855424220.000000,0.053161,31.241862,2010-06-30,2010-08-13,-75.041018,11.368156,-205.365814,7.189958,5.828954
sz000019,2010-09-10,11.180000,11.680000,11.030000,11.540000,0.032200,5639564.000000,64147385.200000,1629831600.000000,1797783000.000000,0.039931,30.271303,2010-06-30,2010-08-13,-72.709796,11.014993,-198.985927,6.966595,5.647872
sz000019,2010-09-09,11.400000,11.720000,11.150000,11.180000,-0.026132,5105032.000000,58293859.410000,1578987630.000000,1741699640.000000,0.036146,29.326975,2010-06-30,2010-08-13,-70.441577,10.671375,-192.778461,6.749268,5.471684
sz000019,2010-09-08,11.160000,11.600000,11.120000,11.480000,0.015929,4459574.000000,50723717.240000,1621357610.000000,1788435770.000000,0.031576,30.113911,2010-06-30,2010-08-13,-72.331751,10.957722,-197.951325,6.930373,5.618507
sz000019,2010-09-07,11.050000,11.410000,11.050000,11.300000,0.006233,4129363.000000,46440991.150000,1595935620.000000,1760394090.000000,0.029238,29.641748,2010-06-30,2010-08-13,-71.197643,10.785913,-194.847597,6.821710,5.530413
sz000019,2010-09-06,11.630000,12.180000,11.220000,11.230000,-0.019214,7614536.000000,88388177.580000,1586049300.000000,1749489000.000000,0.053915,29.458135,2010-06-30,2010-08-13,-70.756617,10.719101,-193.640635,6.779453,5.496156
sz000019,2010-09-03,11.300000,11.750000,11.130000,11.450000,-0.002613,7274884.000000,83205432.520000,1617120610.000000,1783762160.000000,0.051510,30.035232,2010-06-30,2010-08-13,-72.142768,10.929093,-197.434135,6.912266,5.603827
sz000019,2010-09-02,11.330000,11.550000,11.010000,11.480000,0.032374,8199448.000000,92439200.900000,1621357610.000000,1788435770.000000,0.058056,30.113920,2010-06-30,2010-08-13,-72.331771,10.957725,-197.951382,6.930375,5.618509
sz000019,2010-09-01,11.210000,11.950000,11.110000,11.120000,-0.043029,11818107.000000,135104071.370000,1570513640.000000,1732352420.000000,0.083678,29.169584,2010-06-30,2010-08-13,-70.063535,10.614104,-191.743866,6.713047,5.442319
sz000019,2010-08-31,10.360000,11.770000,10.170000,11.620000,0.085981,16692242.000000,181329410.510000,1641130260.000000,1810245960.000000,0.118189,30.481158,2010-06-30,2010-08-13,-73.213853,11.091354,-200.365388,7.014890,5.687026
sz000019,2010-08-30,11.070000,11.070000,10.400000,10.700000,0.024904,18869801.000000,203401582.810000,1511195680.000000,1666921840.000000,0.133607,28.067855,2010-06-30,2010-08-13,-67.417251,10.213212,-184.501744,6.459496,5.236764
sz000019,2010-08-27,10.440000,10.440000,10.440000,10.440000,0.100105,1107646.000000,11563824.240000,1474475040.000000,1626417200.000000,0.007843,27.385838,2010-06-30,2010-08-13,-65.779088,9.965043,-180.018561,6.302538,5.109516
sz000019,2010-07-28,9.220000,9.600000,9.090000,9.490000,0.032644,6444961.000000,60844781.840000,1340303460.000000,1478419470.000000,0.045633,24.893841,2010-03-31,2010-04-22,-100.472553,8.935111,-136.939359,5.591998,4.644572
sz000019,2010-07-27,9.250000,9.350000,9.080000,9.190000,-0.007559,3132666.000000,28815260.840000,1297933480.000000,1431683340.000000,0.022181,24.106895,2010-03-31,2010-04-22,-97.296409,8.652653,-132.610424,5.415223,4.497747
sz000019,2010-07-26,9.390000,9.430000,9.150000,9.260000,-0.015940,4916815.000000,45642928.560000,1307819810.000000,1442588430.000000,0.034813,24.290507,2010-03-31,2010-04-22,-98.037474,8.718557,-133.620461,5.456469,4.532005
sz000019,2010-07-23,8.870000,9.480000,8.850000,9.410000,0.063277,7384032.000000,67352206.340000,1329004800.000000,1465956500.000000,0.052283,24.683970,2010-03-31,2010-04-22,-99.625505,8.859782,-135.784872,5.544854,4.605415
sz000019,2010-07-22,8.650000,8.860000,8.560000,8.850000,0.018412,2656861.000000,23260341.080000,1249914180.000000,1378715730.000000,0.018812,23.214994,2010-03-31,2010-04-22,-93.696661,8.332525,-127.704137,5.214872,4.331341
sz000019,2010-07-21,8.880000,8.880000,8.650000,8.690000,-0.020293,3085256.000000,26968162.010000,1227316860.000000,1353789790.000000,0.021845,22.795287,2010-03-31,2010-04-22,-92.002707,8.181880,-125.395358,5.120592,4.253034
sz000019,2010-07-20,8.650000,8.950000,8.560000,8.870000,0.023068,3507115.000000,30855462.570000,1252738850.000000,1381831470.000000,0.024832,23.267454,2010-03-31,2010-04-22,-93.908390,8.351354,-127.992714,5.226657,4.341128
sz000019,2010-07-19,8.400000,8.700000,8.350000,8.670000,0.012850,2648909.000000,22749235.070000,1224492200.000000,1350674050.000000,0.018756,22.742822,2010-03-31,2010-04-22,-91.790956,8.163049,-125.106751,5.108807,4.243245
sz000019,2010-07-16,8.400000,8.600000,8.170000,8.560000,0.019048,3220220.000000,27075824.970000,1208956540.000000,1333537470.000000,0.022801,22.454285,2010-03-31,2010-04-22,-90.626407,8.059484,-123.519526,5.043991,4.189411
sz000019,2010-07-15,8.890000,8.950000,8.360000,8.400000,-0.069767,4353018.000000,37670632.160000,1186359220.000000,1308611540.000000,0.030821,22.034570,2010-03-31,2010-04-22,-88.932422,7.908837,-121.210704,4.949709,4.111103
sz000019,2010-07-14,8.930000,9.700000,8.730000,9.030000,-0.022727,9313328.000000,84373147.800000,1275336170.000000,1406757400.000000,0.065943,23.687152,2010-03-31,2010-04-22,-95.602308,8.501996,-130.301445,5.320935,4.419434
sz000019,2010-07-13,8.900000,9.290000,8.500000,9.240000,0.028953,8680833.000000,77473895.880000,1304995150.000000,1439472690.000000,0.061465,24.238009,2010-03-31,2010-04-22,-97.825591,8.699714,-133.331674,5.444676,4.522210
sz000019,2010-07-12,8.080000,8.990000,8.010000,8.980000,0.099143,6352484.000000,54395030.620000,1268274500.000000,1398968050.000000,0.044979,23.555993,2010-03-31,2010-04-22,-95.072944,8.454919,-129.579946,5.291472,4.394962
sz000019,2010-07-09,7.610000,8.200000,7.500000,8.170000,0.066580,4084279.000000,32266256.330000,1153875580.000000,1272780510.000000,0.028919,21.431236,2010-03-31,2010-04-22,-86.497338,7.692283,-117.891799,4.814180,3.998536
sz000019,2010-07-08,7.600000,7.700000,7.410000,7.660000,-0.002604,1933481.000000,14560079.110000,1081846630.000000,1193329090.000000,0.013690,20.093416,2010-03-31,2010-04-22,-81.097844,7.212101,-110.532542,4.513660,3.748932
sz000019,2010-07-07,7.280000,7.990000,7.250000,7.680000,0.047749,2957887.000000,22601006.150000,1084671290.000000,1196444840.000000,0.020943,20.145876,2010-03-31,2010-04-22,-81.309574,7.230930,-110.821121,4.525445,3.758719
sz000019,2010-07-06,7.290000,7.380000,7.160000,7.330000,0.025175,1542107.000000,11254740.650000,1035239660.000000,1141919360.000000,0.010919,19.227769,2010-03-31,2010-04-22,-77.604058,6.901396,-105.770677,4.319207,3.587424
sz000019,2010-07-05,7.150000,7.270000,7.000000,7.150000,-0.011065,936294.000000,6663616.570000,1009817670.000000,1113877680.000000,0.006629,18.755597,2010-03-31,2010-04-22,-75.698352,6.731920,-103.173289,4.213141,3.499328
sz000019,2010-07-02,7.450000,7.450000,6.950000,7.230000,-0.013643,1640481.000000,11710428.670000,1021116330.000000,1126340650.000000,0.011615,18.965450,2010-03-31,2010-04-22,-76.545326,6.807242,-104.327675,4.260281,3.538481
sz000019,2010-07-01,7.550000,7.650000,7.160000,7.330000,-0.022667,884512.000000,6600590.860000,1035239660.000000,1141919360.000000,0.006263,19.227774,2010-03-31,2010-04-22,-77.604078,6.901397,-105.770705,4.319208,3.587424
sz000019,2010-06-30,7.770000,7.860000,7.400000,7.500000,-0.033505,1192041.000000,9024317.930000,1059249310.000000,1168403160.000000,0.008440,19.673718,2010-03-31,2010-04-22,-79.403927,7.061460,-108.223814,4.419382,3.670627
sz000019,2010-06-29,8.280000,8.330000,7.750000,7.760000,-0.066185,1473377.000000,11700493.050000,1095969950.000000,1208907800.000000,0.010432,20.355737,2010-03-31,2010-04-22,-82.156583,7.306256,-111.975555,4.572587,3.797874
sz000019,2010-06-28,8.200000,8.310000,8.100000,8.310000,0.010949,803401.000000,6570594.100000,1173648230.000000,1294590700.000000,0.005688,21.798469,2010-03-31,2010-04-22,-87.979507,7.824093,-119.911925,4.896673,4.067052
sz000019,2010-06-25,8.400000,8.400000,8.140000,8.220000,-0.021429,686397.000000,5659775.610000,1160937240.000000,1280569860.000000,0.004860,21.562382,2010-03-31,2010-04-22,-87.026652,7.739355,-118.613229,4.843640,4.023004
sz000019,2010-06-24,8.250000,8.420000,8.230000,8.400000,0.008403,924590.000000,7694697.330000,1186359220.000000,1308611540.000000,0.006547,22.034561,2010-03-31,2010-04-22,-88.932384,7.908833,-121.210652,4.949707,4.111101
sz000019,2010-06-23,8.450000,8.480000,8.100000,8.330000,-0.016529,1322924.000000,10986078.600000,1176472900.000000,1297706440.000000,0.009367,21.850948,2010-03-31,2010-04-22,-88.191313,7.842929,-120.200607,4.908461,4.076843
sz000019,2010-06-22,8.320000,8.600000,8.280000,8.470000,0.018029,1452534.000000,12283943.130000,1196245550.000000,1319516640.000000,0.010285,22.218192,2010-03-31,2010-04-22,-89.673526,7.974744,-122.220794,4.990957,4.145362
sz000019,2010-06-21,8.130000,8.350000,8.000000,8.320000,0.028430,1256280.000000,10338929.710000,1175060570.000000,1296148570.000000,0.008895,21.824714,2010-03-31,2010-04-22,-88.085434,7.833513,-120.056299,4.902569,4.071949
sz000019,2010-06-18,8.620000,8.690000,8.000000,8.090000,-0.066897,1661861.000000,13800956.170000,1142576920.000000,1260317540.000000,0.011767,21.221390,2010-03-31,2010-04-22,-85.650393,7.616963,-116.737453,4.767042,3.959384
sz000019,2010-06-17,8.740000,8.850000,8.670000,8.670000,-0.001152,1356725.000000,11883787.250000,1224492200.000000,1350674050.000000,0.009606,22.742816,2010-03-31,2010-04-22,-91.790931,8.163046,-125.106717,5.108805,4.243244
sz000019,2010-06-11,8.800000,8.890000,8.650000,8.680000,-0.008000,1446500.000000,12637931.210000,1225904530.000000,1352231920.000000,0.010242,22.769046,2010-03-31,2010-04-22,-91.896796,8.172461,-125.251006,5.114697,4.248138
sz000019,2010-06-10,8.910000,8.910000,8.720000,8.750000,-0.017957,2342637.000000,20618601.900000,1235790860.000000,1363137020.000000,0.016587,22.952668,2010-03-31,2010-04-22,-92.637900,8.238368,-126.261095,5.155945,4.282397
sz000019,2010-06-09,8.730000,8.960000,8.560000,8.910000,0.007919,3567885.000000,31327011.120000,1258388180.000000,1388062950.000000,0.025262,23.372365,2010-03-31,2010-04-22,-94.331816,8.389010,-128.569824,5.250223,4.360702
sz000019,2010-06-08,8.440000,8.870000,8.240000,8.840000,0.046154,3990324.000000,34445754.420000,1248501850.000000,1377157860.000000,0.028253,23.188734,2010-03-31,2010-04-22,-93.590671,8.323099,-127.559678,5.208973,4.326441
sz000019,2010-06-07,8.220000,8.460000,8.050000,8.450000,-0.002361,1486516.000000,12272236.810000,1193420890.000000,1316400890.000000,0.010525,22.165698,2010-03-31,2010-04-22,-89.461658,7.955902,-121.932028,4.979165,4.135568
sz000019,2010-06-04,8.360000,8.540000,8.200000,8.470000,0.007134,1145150.000000,9575444.340000,1196245550.000000,1319516640.000000,0.008108,22.218155,2010-03-31,2010-04-22,-89.673377,7.974731,-122.220590,4.990949,4.145355
sz000019,2010-06-03,8.520000,8.560000,8.320000,8.410000,0.000000,1603435.000000,13578712.400000,1187771560.000000,1310169410.000000,0.011353,22.060773,2010-03-31,2010-04-22,-89.038179,7.918242,-121.354845,4.955595,4.115992
sz000019,2010-06-02,8.200000,8.440000,8.030000,8.410000,0.021871,1572216.000000,12957634.030000,1187771560.000000,1310169410.000000,0.011132,22.060773,2010-03-31,2010-04-22,-89.038179,7.918242,-121.354845,4.955595,4.115992
sz000019,2010-06-01,8.350000,8.400000,8.000000,8.230000,-0.031765,2040571.000000,16703252.230000,1162349570.000000,1282127730.000000,0.014448,21.588609,2010-03-31,2010-04-22,-87.132504,7.748768,-118.757500,4.849531,4.027898
sz000019,2010-05-31,8.800000,8.980000,8.480000,8.500000,-0.029680,2320386.000000,20407578.930000,1200482550.000000,1324190250.000000,0.016429,22.296869,2010-03-31,2010-04-22,-89.991070,8.002983,-122.653591,5.008630,4.160041
sz000019,2010-05-28,8.850000,8.960000,8.650000,8.760000,-0.011287,2677319.000000,23514216.470000,1237203190.000000,1364694890.000000,0.018957,22.978882,2010-03-31,2010-04-22,-92.743703,8.247777,-126.405300,5.161834,4.287288
sz000019,2010-05-27,8.570000,8.930000,8.450000,8.860000,0.035047,2709745.000000,23593126.390000,1251326520.000000,1380273600.000000,0.019186,23.241206,2010-03-31,2010-04-22,-93.802451,8.341933,-127.848324,5.220760,4.336231
sz000019,2010-05-26,8.500000,8.650000,8.380000,8.560000,0.003517,1548217.000000,13191062.000000,1208956540.000000,1333537470.000000,0.010962,22.454252,2010-03-31,2010-04-22,-90.626272,8.059472,-123.519342,5.043984,4.189405
sz000019,2010-05-25,8.580000,8.630000,8.350000,8.530000,-0.011587,2212575.000000,18790014.820000,1204719550.000000,1328863860.000000,0.015666,22.375557,2010-03-31,2010-04-22,-90.308657,8.031227,-123.086447,5.026306,4.174722
sz000019,2010-05-24,8.200000,8.870000,8.120000,8.630000,0.062808,3826657.000000,32532377.990000,1218842870.000000,1344442570.000000,0.027095,22.637862,2010-03-31,2010-04-22,-91.367330,8.125375,-124.529369,5.085229,4.223662
sz000019,2010-05-21,7.700000,8.130000,7.600000,8.120000,0.025253,2625220.000000,20639071.450000,1146813920.000000,1264991150.000000,0.018588,21.300048,2010-03-31,2010-04-22,-85.967861,7.645196,-117.170146,4.784711,3.974059
sz000019,2010-05-20,8.390000,8.450000,7.900000,7.920000,-0.057143,3322614.000000,26954226.880000,1118567270.000000,1233833740.000000,0.023526,20.775407,2010-03-31,2010-04-22,-83.850387,7.456887,-114.284129,4.666859,3.876174
sz000019,2010-05-19,8.480000,8.680000,8.330000,8.400000,-0.017544,1756218.000000,14936337.000000,1186359220.000000,1308611540.000000,0.012435,22.034526,2010-03-31,2010-04-22,-88.932242,7.908821,-121.210458,4.949699,4.111095
sz000019,2010-05-18,8.440000,8.600000,8.070000,8.550000,0.013033,2596867.000000,21689133.950000,1207544210.000000,1331979600.000000,0.018387,22.428003,2010-03-31,2010-04-22,-90.520331,8.050051,-123.374948,5.038087,4.184508
sz000019,2010-05-17,9.230000,9.320000,8.440000,8.440000,-0.100213,2296394.000000,20212592.560000,1192008550.000000,1314843020.000000,0.016260,22.139459,2010-03-31,2010-04-22,-89.355757,7.946484,-121.787690,4.973271,4.130673
sz000019,2010-05-13,9.290000,9.420000,9.050000,9.380000,0.019565,1626944.000000,15104832.890000,1324767800.000000,1461282890.000000,0.011520,24.605222,2010-03-31,2010-04-22,-99.307677,8.831517,-135.351688,5.527165,4.590723
sz000019,2010-05-12,9.500000,9.650000,9.140000,9.200000,-0.043659,2523870.000000,23534767.200000,1299345820.000000,1433241210.000000,0.017870,24.133059,2010-03-31,2010-04-22,-97.402007,8.662044,-132.754349,5.421101,4.502629
sz000019,2010-05-11,10.620000,10.790000,9.570000,9.620000,-0.073218,3379773.000000,34112813.240000,1358663780.000000,1498671790.000000,0.023930,25.234784,2010-03-31,2010-04-22,-101.848616,9.057485,-138.814868,5.668586,4.708183
sz000019,2010-05-10,10.610000,10.980000,10.100000,10.380000,-0.034419,1853533.000000,19512853.840000,1466001040.000000,1617069970.000000,0.013124,27.228393,2010-03-31,2010-04-22,-109.894901,9.773048,-149.781575,6.116417,5.080141
sz000019,2010-05-07,10.780000,11.000000,10.550000,10.750000,-0.025385,2006216.000000,21636574.970000,1518257340.000000,1674711200.000000,0.014205,28.198973,2010-03-31,2010-04-22,-113.812203,10.121417,-155.120674,6.334443,5.261227
sz000019,2010-05-06,10.910000,11.210000,10.780000,11.030000,0.003640,4966911.000000,54860026.130000,1557802650.000000,1718331580.000000,0.035168,28.933449,2010-03-31,2010-04-22,-116.776576,10.385041,-159.160975,6.499431,5.398262
sz000019,2010-05-05,10.420000,11.040000,10.420000,10.990000,0.050669,4023636.000000,43429132.660000,1552153320.000000,1712100100.000000,0.028489,28.828513,2010-03-31,2010-04-22,-116.353051,10.347377,-158.583730,6.475858,5.378684
sz000019,2010-05-04,10.270000,10.850000,10.040000,10.460000,-0.000955,2456526.000000,25700595.430000,1477299700.000000,1629532940.000000,0.017393,27.438245,2010-03-31,2010-04-22,-110.741871,9.848370,-150.935956,6.163557,5.119294
sz000019,2010-04-30,10.540000,10.700000,10.140000,10.470000,-0.015977,3853189.000000,39819302.930000,1478712030.000000,1631090810.000000,0.027282,27.464473,2010-03-31,2010-04-22,-110.847731,9.857784,-151.080238,6.169449,5.124188
sz000019,2010-04-29,11.420000,11.540000,10.510000,10.640000,-0.073977,4361945.000000,48699152.600000,1502721680.000000,1657574620.000000,0.030885,27.910398,2010-03-31,2010-04-22,-112.647500,10.017839,-153.533238,6.269619,5.207386
sz000019,2010-04-28,11.200000,11.660000,10.890000,11.490000,0.007895,5150457.000000,58302492.240000,1622769940.000000,1789993640.000000,0.036468,30.140070,2010-03-31,2010-04-22,-121.646546,10.818132,-165.798515,6.770478,5.623387
sz000019,2010-04-27,12.550000,12.550000,11.390000,11.400000,-0.098814,9648275.000000,112045218.310000,1610058950.000000,1775972800.000000,0.068314,29.903978,2010-03-31,2010-04-22,-120.693670,10.733392,-164.499789,6.717444,5.579339
sz000019,2010-04-26,13.300000,13.500000,12.600000,12.650000,-0.057377,8699888.000000,113308730.050000,1786600500.000000,1970706660.000000,0.061599,33.182914,2010-03-31,2010-04-22,-133.927591,11.910296,-182.537000,7.454004,6.191107
sz000019,2010-04-23,12.400000,13.640000,12.370000,13.420000,0.068471,14119598.000000,184081555.710000,1895350090.000000,2090662720.000000,0.099974,35.202742,2010-03-31,2010-04-22,-142.079698,12.635270,-193.647938,7.907726,6.567956
sz000019,2010-04-22,12.650000,12.960000,12.310000,12.560000,-0.014902,9606413.000000,121438811.310000,1773889510.000000,1956685830.000000,0.068018,32.946839,2010-03-31,2010-04-22,-132.974781,11.825562,-181.238366,7.400974,6.147061
sz000019,2010-04-21,12.820000,13.200000,12.500000,12.750000,-0.011628,12395360.000000,159046337.570000,1800723820.000000,1986285370.000000,0.087765,33.445240,2009-09-30,2009-10-23,1738.702830,13.299316,352.402096,6.856157,6.240050
sz000019,2010-04-20,12.120000,13.110000,12.010000,12.900000,0.028708,13389095.000000,168733348.330000,1821908810.000000,2009653440.000000,0.094801,33.838716,2009-09-30,2009-10-23,1759.158323,13.455780,356.548037,6.936818,6.313463
sz000019,2010-04-19,11.810000,12.960000,11.580000,12.540000,0.064516,16753983.000000,209687606.550000,1771064840.000000,1953570080.000000,0.118626,32.894384,2009-09-30,2009-10-23,1710.065755,13.080271,346.597904,6.743233,6.137274
sz000019,2010-04-16,11.730000,12.040000,11.480000,11.780000,0.004263,6369449.000000,75462178.110000,1663727580.000000,1835171900.000000,0.045099,30.900789,2009-09-30,2009-10-23,1606.425601,12.287529,325.592010,6.334553,5.765319
sz000019,2010-04-15,11.570000,11.840000,11.400000,11.730000,0.007732,7315185.000000,85349417.020000,1656665920.000000,1827382540.000000,0.051795,30.769618,2009-09-30,2009-10-23,1599.606478,12.235370,324.209903,6.307664,5.740846
sz000019,2010-04-14,11.100000,11.660000,10.950000,11.640000,0.044883,6569749.000000,74878404.350000,1643954930.000000,1813361700.000000,0.046517,30.533533,2009-09-30,2009-10-23,1587.333218,12.141492,321.722346,6.259267,5.696798
sz000019,2010-04-13,11.240000,11.300000,10.700000,11.140000,-0.008897,3589026.000000,39614311.610000,1573338300.000000,1735468160.000000,0.025412,29.221964,2009-09-30,2009-10-23,1519.149243,11.619953,307.902747,5.990400,5.452092
sz000019,2010-04-12,11.320000,11.320000,11.050000,11.240000,-0.005310,2546187.000000,28479192.170000,1587461630.000000,1751046870.000000,0.018028,29.484285,2009-09-30,2009-10-23,1532.786444,11.724264,310.666749,6.044175,5.501034
sz000019,2010-04-09,10.950000,11.310000,10.950000,11.300000,0.029144,3626028.000000,40643809.050000,1595935620.000000,1760394090.000000,0.025674,29.641683,2009-09-30,2009-10-23,1540.968989,11.786852,312.325196,6.076441,5.530401
sz000019,2010-04-08,11.150000,11.170000,10.950000,10.980000,-0.016129,1747473.000000,19310596.460000,1550740990.000000,1710542230.000000,0.012373,28.802269,2009-09-30,2009-10-23,1497.330781,11.453064,303.480559,5.904364,5.373787
sz000019,2010-04-07,11.100000,11.220000,10.950000,11.160000,0.005405,1736827.000000,19259519.650000,1576162970.000000,1738583900.000000,0.012298,29.274437,2009-09-30,2009-10-23,1521.877137,11.640819,308.455640,6.001157,5.461882
sz000019,2010-04-06,11.250000,11.370000,11.020000,11.100000,-0.012456,2579162.000000,28708981.270000,1567688980.000000,1729236680.000000,0.018262,29.117059,2009-09-30,2009-10-23,1513.695612,11.578239,306.797400,5.968895,5.432519
sz000019,2010-04-02,11.280000,11.450000,11.130000,11.240000,-0.005310,3504062.000000,39459473.670000,1587461630.000000,1751046870.000000,0.024810,29.484316,2009-09-30,2009-10-23,1532.788020,11.724276,310.667069,6.044181,5.501040
sz000019,2010-04-01,11.290000,11.350000,11.170000,11.300000,0.011638,4814035.000000,54216363.630000,1595935620.000000,1760394090.000000,0.034086,29.641713,2009-09-30,2009-10-23,1540.970573,11.786864,312.325517,6.076447,5.530407
sz000019,2010-03-31,11.080000,11.290000,10.890000,11.170000,-0.000894,3815284.000000,42314312.020000,1577575300.000000,1740141770.000000,0.027014,29.300711,2009-09-30,2009-10-23,1523.243071,11.651267,308.732489,6.006543,5.466784
sz000019,2010-03-30,10.820000,11.300000,10.630000,11.180000,0.028519,3743228.000000,40823216.140000,1578987630.000000,1741699640.000000,0.026504,29.326930,2009-09-30,2009-10-23,1524.606068,11.661692,309.008742,6.011918,5.471676
sz000019,2010-03-29,10.570000,11.020000,10.490000,10.870000,0.022578,3408050.000000,36597203.940000,1535205330.000000,1693405650.000000,0.024131,28.513746,2009-09-30,2009-10-23,1482.331458,11.338335,300.440480,5.845218,5.319956
sz000019,2010-03-26,10.600000,10.780000,10.460000,10.630000,0.021134,2219584.000000,23636164.120000,1501309350.000000,1656016750.000000,0.015716,27.884177,2009-09-30,2009-10-23,1449.602336,11.087990,293.806908,5.716158,5.202494
sz000019,2010-03-25,10.760000,10.760000,10.380000,10.410000,-0.034323,2578273.000000,26992803.050000,763273750.000000,1621743590.000000,0.035164,27.307070,2009-09-30,2009-10-23,1419.600499,10.858506,287.726104,5.597853,5.094820
sz000019,2010-03-24,11.080000,11.190000,10.680000,10.780000,-0.023551,3906926.000000,42280657.570000,790402600.000000,1679384810.000000,0.053285,28.277643,2009-09-30,2009-10-23,1470.057275,11.244449,297.952736,5.796818,5.275905
sz000019,2010-03-23,11.020000,11.300000,10.900000,11.040000,0.010064,5466128.000000,60754603.200000,809466110.000000,1719889450.000000,0.074550,28.959672,2009-09-30,2009-10-23,1505.513626,11.515655,305.139066,5.936631,5.403155
sz000019,2010-03-22,10.710000,10.940000,10.690000,10.930000,0.021495,2894440.000000,31355158.920000,801400780.000000,1702752870.000000,0.039476,28.671126,2009-09-30,2009-10-23,1490.513103,11.400916,302.098745,5.877480,5.349319
sz000019,2010-03-19,10.590000,10.750000,10.400000,10.700000,0.010387,2608469.000000,27669536.420000,784536900.000000,1666921840.000000,0.035576,28.067809,2009-09-30,2009-10-23,1459.148701,11.161010,295.741775,5.753802,5.236755
sz000019,2010-03-18,10.610000,10.750000,10.500000,10.590000,0.000945,2517943.000000,26801501.090000,776471570.000000,1649785260.000000,0.034341,27.779265,2009-09-30,2009-10-23,1444.148332,11.046272,292.701485,5.694652,5.182920
sz000019,2010-03-17,10.340000,10.580000,10.280000,10.580000,0.022222,2400004.000000,25068776.690000,775738360.000000,1648227390.000000,0.032733,27.753039,2009-09-30,2009-10-23,1442.784901,11.035843,292.425143,5.689275,5.178027
sz000019,2010-03-16,10.160000,10.410000,10.030000,10.350000,0.018701,2124839.000000,21605662.190000,758874480.000000,1612396360.000000,0.028980,27.149718,2009-09-30,2009-10-23,1411.420318,10.795936,286.068137,5.565597,5.065462
sz000019,2010-03-15,10.620000,10.680000,10.130000,10.160000,-0.054004,3037989.000000,31322434.260000,744943450.000000,1582796810.000000,0.041434,26.651312,2009-09-30,2009-10-23,1385.509898,10.597748,280.816586,5.463425,4.972472
sz000019,2010-03-12,10.880000,11.100000,10.700000,10.740000,-0.020073,1994730.000000,21697345.910000,787469750.000000,1673153330.000000,0.027205,28.172753,2009-09-30,2009-10-23,1464.604393,11.202740,296.847541,5.775315,5.256335
sz000019,2010-03-11,11.180000,11.230000,10.800000,10.960000,-0.019678,2766230.000000,30456043.220000,803600420.000000,1707426480.000000,0.037728,28.749849,2009-09-30,2009-10-23,1494.605612,11.432219,302.928219,5.893618,5.364007
sz000019,2010-03-10,10.730000,11.200000,10.610000,11.180000,0.039033,4474923.000000,49014670.110000,819731080.000000,1741699640.000000,0.061032,29.326944,2009-09-30,2009-10-23,1524.606825,11.661698,309.008896,6.011921,5.471678
sz000019,2010-03-09,11.070000,11.070000,10.680000,10.760000,-0.028004,3229651.000000,34933302.540000,788936180.000000,1676269070.000000,0.044048,28.225229,2009-09-30,2009-10-23,1467.332438,11.223607,297.400463,5.786073,5.266126
sz000019,2010-03-08,10.980000,11.180000,10.900000,11.070000,0.015596,4128295.000000,45559138.310000,811665750.000000,1724563060.000000,0.056304,29.038421,2009-09-30,2009-10-23,1509.607486,11.546969,305.968814,5.952774,5.417847
sz000019,2010-03-05,11.110000,11.300000,10.650000,10.900000,-0.033688,6758246.000000,74062566.630000,799201150.000000,1698079260.000000,0.092173,28.592492,2009-09-30,2009-10-23,1486.425199,11.369647,301.270204,5.861361,5.334648
sz000019,2010-03-04,11.600000,12.500000,11.020000,11.280000,-0.031760,11624026.000000,137742619.450000,827063200.000000,1757278350.000000,0.158536,29.589297,2009-09-30,2009-10-23,1538.245617,11.766021,311.773220,6.065702,5.520627
sz000019,2010-03-03,11.860000,12.190000,11.380000,11.650000,0.024626,13825436.000000,162107765.440000,854192050.000000,1814919580.000000,0.188560,30.559878,2009-09-30,2009-10-23,1588.702818,12.151968,321.999938,6.264668,5.701713
sz000019,2010-03-02,10.380000,11.370000,10.250000,11.370000,0.099613,7034893.000000,77379624.450000,833662110.000000,1771299190.000000,0.095946,29.825398,2009-09-30,2009-10-23,1550.519720,11.859906,314.260948,6.114102,5.564678
sz000019,2010-03-01,10.170000,10.370000,10.080000,10.340000,0.026812,2532853.000000,25929933.220000,758141270.000000,1610838490.000000,0.034545,27.123541,2009-09-30,2009-10-23,1410.059466,10.785527,285.792318,5.560231,5.060578
sz000019,2010-02-26,10.230000,10.230000,10.050000,10.070000,-0.018519,1841442.000000,18645427.830000,738344540.000000,1568775980.000000,0.025115,26.415294,2009-09-30,2009-10-23,1373.240151,10.503896,278.329741,5.415042,4.928437
sz000019,2010-02-25,9.990000,10.370000,9.990000,10.260000,0.029087,2658940.000000,27059122.010000,752275570.000000,1598375520.000000,0.036264,26.913709,2009-09-30,2009-10-23,1399.151029,10.702088,283.581385,5.517216,5.021429
sz000019,2010-02-24,9.650000,9.970000,9.520000,9.970000,0.034232,2117183.000000,20829886.870000,731012420.000000,1553197270.000000,0.028875,26.152997,2009-09-30,2009-10-23,1359.604221,10.399595,275.565997,5.361272,4.879499
sz000019,2010-02-23,9.710000,9.720000,9.500000,9.640000,-0.007209,1160891.000000,11116333.800000,706816430.000000,1501787530.000000,0.015833,25.287360,2009-09-30,2009-10-23,1314.602740,10.055380,266.445050,5.183820,4.717992
sz000019,2010-02-22,9.700000,9.830000,9.620000,9.710000,-0.004103,933535.000000,9063915.570000,711948910.000000,1512692620.000000,0.012732,25.470980,2009-09-30,2009-10-23,1324.148527,10.128395,268.379800,5.221461,4.752251
sz000019,2010-02-12,9.600000,9.900000,9.600000,9.750000,0.015625,569203.000000,5520948.590000,714881760.000000,1518924110.000000,0.007763,25.575918,2009-09-30,2009-10-23,1329.603892,10.170123,269.485499,5.242973,4.771830
sz000019,2010-02-11,9.640000,9.980000,9.530000,9.600000,-0.004149,1078604.000000,10508597.340000,703883580.000000,1495556040.000000,0.014711,25.182442,2009-09-30,2009-10-23,1309.148447,10.013660,265.339568,5.162312,4.698418
sz000019,2010-02-10,9.580000,9.770000,9.460000,9.640000,0.008368,1015229.000000,9733866.810000,706816430.000000,1501787530.000000,0.013846,25.287360,2009-09-30,2009-10-23,1314.602734,10.055380,266.445048,5.183820,4.717992
sz000019,2010-02-09,9.860000,9.860000,9.510000,9.560000,-0.034343,1550351.000000,14992986.080000,700950730.000000,1489324560.000000,0.021145,25.077511,2009-09-30,2009-10-23,1303.693427,9.971934,264.233939,5.140802,4.678840
sz000019,2010-02-08,10.000000,10.300000,9.890000,9.900000,-0.021739,1702381.000000,17025687.300000,725879940.000000,1542292170.000000,0.023218,25.969377,2009-09-30,2009-10-23,1350.058486,10.326580,273.631257,5.323631,4.845240
sz000019,2010-02-05,9.630000,10.280000,9.550000,10.120000,0.029502,3359583.000000,33222057.330000,742010600.000000,1576565330.000000,0.045820,26.546471,2009-09-30,2009-10-23,1380.059602,10.556058,279.711914,5.441933,4.952911
sz000019,2010-02-04,9.390000,9.840000,9.380000,9.830000,0.032563,2630240.000000,25447450.780000,720747450.000000,1531387080.000000,0.035873,25.785740,2009-09-30,2009-10-23,1340.511822,10.253558,271.696329,5.285986,4.810978
sz000019,2010-02-03,9.630000,9.700000,9.000000,9.520000,-0.008333,2773744.000000,25774873.250000,698017880.000000,1483093080.000000,0.037830,24.972559,2009-09-30,2009-10-23,1298.237320,9.930201,263.128089,5.119287,4.659258
sz000019,2010-02-02,9.860000,9.960000,9.600000,9.600000,-0.021407,1565163.000000,15384198.150000,703883580.000000,1495556040.000000,0.021347,25.182404,2009-09-30,2009-10-23,1309.146437,10.013644,265.339160,5.162304,4.698410
sz000019,2010-02-01,10.430000,10.430000,9.750000,9.810000,-0.059444,2909491.000000,28949749.770000,719281030.000000,1528271330.000000,0.039681,25.733276,2009-09-30,2009-10-23,1337.784388,10.232696,271.143530,5.275231,4.801189
sz000019,2010-01-29,10.260000,10.600000,10.160000,10.430000,0.012621,2462551.000000,25751483.140000,764740180.000000,1624859330.000000,0.033586,27.359643,2009-09-30,2009-10-23,1422.333585,10.879412,288.280049,5.608631,5.104629
sz000019,2010-01-28,10.270000,10.510000,10.000000,10.300000,0.007828,1908481.000000,19623786.070000,755208420.000000,1604607010.000000,0.026029,27.018640,2009-09-30,2009-10-23,1404.606052,10.743814,284.687014,5.538726,5.041006
sz000019,2010-01-27,10.310000,10.450000,10.160000,10.220000,-0.009690,1298073.000000,13393945.740000,749342730.000000,1592144040.000000,0.017704,26.808781,2009-09-30,2009-10-23,1393.696199,10.660365,282.475794,5.495706,5.001852
sz000019,2010-01-26,10.850000,10.910000,9.980000,10.320000,-0.042672,3121185.000000,32275992.430000,756674850.000000,1607722750.000000,0.042569,27.071100,2009-09-30,2009-10-23,1407.333258,10.764674,285.239767,5.549480,5.050794
sz000019,2010-01-25,11.020000,11.380000,10.780000,10.780000,-0.035778,2365736.000000,26182643.230000,790402600.000000,1679384810.000000,0.032265,28.277769,2009-09-30,2009-10-23,1470.063821,11.244500,297.954063,5.796843,5.275928
sz000019,2010-01-22,11.580000,11.580000,10.910000,11.180000,-0.040343,4022864.000000,44998804.270000,819731080.000000,1741699640.000000,0.054866,29.327032,2009-09-30,2009-10-23,1524.611367,11.661733,309.009816,6.011938,5.471695
sz000019,2010-01-21,11.040000,11.790000,11.010000,11.650000,0.053345,5456675.000000,62320212.100000,854192050.000000,1814919580.000000,0.074422,30.559910,2009-09-30,2009-10-23,1588.704471,12.151980,322.000273,6.264674,5.701719
sz000019,2010-01-20,11.550000,11.700000,11.010000,11.060000,-0.051458,5733149.000000,65143437.650000,810932540.000000,1723005190.000000,0.078192,29.012252,2009-09-30,2009-10-23,1508.247033,11.536562,305.693076,5.947410,5.412965
sz000019,2010-01-19,11.000000,11.810000,10.900000,11.660000,0.057117,7969671.000000,90501326.110000,854925260.000000,1816477450.000000,0.108695,30.586154,2009-09-30,2009-10-23,1590.068793,12.162416,322.276795,6.270054,5.706616
sz000019,2010-01-18,10.580000,11.220000,10.510000,11.030000,0.025093,7575631.000000,83239183.470000,808732900.000000,1718331580.000000,0.103321,28.933556,2009-09-30,2009-10-23,1504.155919,11.505270,304.863885,5.931277,5.398282
sz000019,2010-01-15,10.710000,11.250000,10.690000,10.760000,0.036609,8227994.000000,89739386.990000,788936180.000000,1676269070.000000,0.112218,28.225298,2009-09-30,2009-10-23,1467.336056,11.223635,297.401197,5.786087,5.266139
sz000019,2010-01-14,10.190000,10.400000,10.160000,10.380000,0.018646,1880847.000000,19402897.880000,761074120.000000,1617069970.000000,0.025652,27.228491,2009-09-30,2009-10-23,1415.515451,10.827260,286.898143,5.581745,5.080159
sz000019,2010-01-13,10.300000,10.550000,10.120000,10.190000,-0.035951,2723823.000000,28028114.820000,747143090.000000,1587470430.000000,0.037149,26.730082,2009-09-30,2009-10-23,1389.604878,10.629070,281.646561,5.479573,4.987168
sz000019,2010-01-12,10.100000,10.580000,10.100000,10.570000,0.040354,2386859.000000,24719133.860000,775005150.000000,1646669520.000000,0.032553,27.726891,2009-09-30,2009-10-23,1441.425569,11.025446,292.149632,5.683915,5.173148
sz000019,2010-01-11,10.280000,10.360000,10.060000,10.160000,-0.010711,2075245.000000,21052452.840000,744943450.000000,1582796810.000000,0.028303,26.651400,2009-09-30,2009-10-23,1385.514516,10.597783,280.817522,5.463443,4.972489
sz000019,2010-01-08,10.150000,10.340000,10.010000,10.270000,0.008841,1875981.000000,19098544.070000,753008790.000000,1599933390.000000,0.025586,26.939954,2009-09-30,2009-10-23,1400.515437,10.712525,283.857924,5.522596,5.026326
sz000019,2010-01-07,10.710000,10.800000,10.050000,10.180000,-0.048598,3409268.000000,35359095.160000,746409880.000000,1585912560.000000,0.046498,26.703865,2009-09-30,2009-10-23,1388.241989,10.618645,281.370329,5.474199,4.982277
sz000019,2010-01-06,10.610000,11.050000,10.560000,10.700000,0.009434,4766911.000000,51657486.130000,784536900.000000,1666921840.000000,0.065014,28.067910,2009-09-30,2009-10-23,1459.153953,11.161050,295.742840,5.753823,5.236774
sz000019,2010-01-05,10.520000,10.650000,10.370000,10.600000,0.009524,3110844.000000,32745901.720000,777204780.000000,1651343130.000000,0.042428,27.805592,2009-09-30,2009-10-23,1445.516946,11.056741,292.978877,5.700049,5.187832
sz000019,2010-01-04,10.440000,10.700000,10.360000,10.500000,0.006711,3023910.000000,31902991.520000,769872660.000000,1635764420.000000,0.041242,27.543270,2009-09-30,2009-10-23,1431.879724,10.952430,290.214870,5.646274,5.138889
sz000019,2009-12-31,10.550000,10.580000,10.300000,10.430000,-0.015109,2928431.000000,30551541.920000,764740180.000000,1624859330.000000,0.039940,27.359659,2009-09-30,2009-10-23,1422.334437,10.879418,288.280222,5.608634,5.104632
sz000019,2009-12-29,10.690000,10.700000,10.320000,10.590000,-0.009355,3271499.000000,34291136.120000,776471570.000000,1649785260.000000,0.044619,27.779378,2009-09-30,2009-10-23,1444.154163,11.046317,292.702667,5.694675,5.182941
sz000019,2009-12-28,10.590000,10.880000,10.540000,10.690000,0.002814,3392043.000000,36238833.510000,783803690.000000,1665363970.000000,0.046263,28.041708,2009-09-30,2009-10-23,1457.791805,11.150631,295.466758,5.748452,5.231885
sz000019,2009-12-25,10.220000,10.950000,10.180000,10.660000,0.036965,5454950.000000,58236199.370000,781604060.000000,1660690360.000000,0.074398,27.963020,2009-09-30,2009-10-23,1453.701090,11.119341,294.637648,5.732321,5.217204
sz000019,2009-12-24,9.960000,10.450000,9.800000,10.280000,0.033166,4495434.000000,45685564.630000,753742000.000000,1601491260.000000,0.061312,26.966214,2009-09-30,2009-10-23,1401.880575,10.722967,284.134612,5.527979,5.031225
sz000019,2009-12-23,9.700000,9.950000,9.420000,9.950000,0.037539,3049698.000000,29633217.460000,729546000.000000,1550081530.000000,0.041594,26.100562,2009-09-30,2009-10-23,1356.878347,10.378745,275.013514,5.350524,4.869716
sz000019,2009-12-22,10.250000,10.350000,9.520000,9.590000,-0.068027,3899701.000000,38444950.500000,703150370.000000,1493998170.000000,0.053187,25.156223,2009-09-30,2009-10-23,1307.785392,10.003234,265.063302,5.156937,4.693526
sz000019,2009-12-21,10.050000,10.500000,10.050000,10.290000,0.017804,3481429.000000,35812607.920000,754475210.000000,1603049140.000000,0.047482,26.992438,2009-09-30,2009-10-23,1403.243862,10.733394,284.410924,5.533355,5.036118
sz000019,2009-12-18,10.600000,10.600000,9.880000,10.110000,-0.059535,5046541.000000,51548809.650000,741277390.000000,1575007460.000000,0.068828,26.520271,2009-09-30,2009-10-23,1378.697531,10.545640,279.435848,5.436562,4.948023
sz000019,2009-12-17,11.010000,11.550000,10.700000,10.750000,-0.038462,5143849.000000,57140985.690000,788202960.000000,1674711200.000000,0.070155,28.199104,2009-09-30,2009-10-23,1465.974312,11.213219,297.125197,5.780717,5.261252
sz000019,2009-12-16,11.150000,11.980000,10.950000,11.180000,-0.017575,9244838.000000,105962092.170000,819731080.000000,1741699640.000000,0.126087,29.327083,2009-09-30,2009-10-23,1524.614016,11.661753,309.010353,6.011949,5.471704
sz000019,2009-12-15,11.080000,12.180000,10.500000,11.380000,0.026150,13425961.000000,152147930.070000,834395320.000000,1772857060.000000,0.183112,29.851727,2009-09-30,2009-10-23,1551.888455,11.870375,314.538365,6.119499,5.569590
sz000019,2009-12-14,10.400000,11.090000,9.980000,11.090000,0.100198,12407623.000000,131345328.760000,813132170.000000,1727678810.000000,0.169223,29.090997,2009-09-30,2009-10-23,1512.340745,11.567875,306.522794,5.963552,5.427657
sz000019,2009-12-11,9.600000,10.080000,9.560000,10.080000,0.057712,7199445.000000,71423174.960000,739077760.000000,1570333850.000000,0.098190,26.441602,2009-09-30,2009-10-23,1374.607793,10.514358,278.606936,5.420435,4.933345
sz000019,2009-12-10,9.560000,9.660000,9.330000,9.530000,0.007400,2053177.000000,19573363.220000,698751090.000000,1484650950.000000,0.028002,24.998867,2009-09-30,2009-10-23,1299.604990,9.940662,263.405290,5.124680,4.664167
sz000019,2009-12-09,9.850000,9.850000,9.440000,9.460000,-0.039594,2793393.000000,26782511.680000,693618610.000000,1473745850.000000,0.038098,24.815234,2009-09-30,2009-10-23,1290.058557,9.867642,261.470409,5.087036,4.629906
sz000019,2009-12-08,9.690000,10.000000,9.680000,9.850000,-0.001014,2754860.000000,27081485.060000,722213880.000000,1534502820.000000,0.037572,25.838275,2009-09-30,2009-10-23,1343.242917,10.274448,272.249870,5.296756,4.820780
sz000019,2009-12-07,9.700000,10.060000,9.550000,9.860000,0.015448,3632039.000000,35498989.440000,722947090.000000,1536060690.000000,0.049536,25.864501,2009-09-30,2009-10-23,1344.606348,10.284877,272.526212,5.302132,4.825673
sz000019,2009-12-04,9.920000,10.470000,9.420000,9.710000,-0.025100,5632984.000000,56040787.790000,711948910.000000,1512692620.000000,0.076826,25.471025,2009-09-30,2009-10-23,1324.150865,10.128413,268.380273,5.221471,4.752260
sz000019,2009-12-03,10.160000,10.190000,9.770000,9.960000,-0.018719,4579891.000000,45468841.390000,730279210.000000,1551639400.000000,0.062463,26.126808,2009-09-30,2009-10-23,1358.242758,10.389182,275.290054,5.355904,4.874613
sz000019,2009-12-02,10.000000,10.260000,9.900000,10.150000,0.000000,7164495.000000,71893484.280000,744210240.000000,1581238940.000000,0.097714,26.625205,2009-09-30,2009-10-23,1384.152713,10.587367,280.541510,5.458074,4.967601
sz000019,2009-12-01,9.690000,10.520000,9.490000,10.150000,0.039959,9791089.000000,97495373.290000,744210240.000000,1581238940.000000,0.133537,26.625205,2009-09-30,2009-10-23,1384.152713,10.587367,280.541510,5.458074,4.967601
sz000019,2009-11-30,9.300000,9.920000,9.110000,9.760000,0.038298,8386289.000000,80645349.230000,715614970.000000,1520481980.000000,0.114377,25.602168,2009-09-30,2009-10-23,1330.968541,10.180561,269.762087,5.248355,4.776728
sz000019,2009-11-27,9.810000,10.000000,9.400000,9.400000,-0.099617,10873642.000000,104441050.490000,689219340.000000,1464398630.000000,0.148301,24.657823,2009-09-30,2009-10-23,1281.875282,9.805048,259.811814,5.054767,4.600537
sz000019,2009-11-26,9.540000,10.440000,9.500000,10.440000,0.100105,17514882.000000,181298317.060000,765473390.000000,1626417200.000000,0.238879,27.385927,2009-09-30,2009-10-23,1423.700005,10.889863,288.556997,5.614019,5.109533
sz000019,2009-11-25,8.700000,9.530000,8.700000,9.490000,0.090805,6285034.000000,57998068.640000,695818240.000000,1478419470.000000,0.085719,24.893921,2009-09-30,2009-10-23,1294.149199,9.898931,262.299505,5.103166,4.644587
sz000019,2009-11-24,9.550000,9.630000,8.650000,8.700000,-0.094693,5269771.000000,48286049.910000,637894490.000000,1355347670.000000,0.071872,22.821605,2009-09-30,2009-10-23,1186.416637,9.074886,240.464157,4.678349,4.257944
sz000019,2009-11-23,9.200000,9.680000,9.150000,9.610000,0.041170,4498572.000000,42415835.630000,704616790.000000,1497113920.000000,0.061354,25.208692,2009-09-30,2009-10-23,1310.513049,10.024098,265.616147,5.167693,4.703315
sz000019,2009-11-20,9.080000,9.350000,8.950000,9.230000,0.013172,4228760.000000,38999053.650000,676754730.000000,1437914820.000000,0.057674,24.211888,2009-09-30,2009-10-23,1258.692671,9.627724,255.113139,4.963352,4.517336
sz000019,2009-11-19,8.900000,9.110000,8.850000,9.110000,0.024747,4115495.000000,36981533.670000,667956190.000000,1419220370.000000,0.056130,23.897115,2009-09-30,2009-10-23,1242.328718,9.502557,251.796476,4.898825,4.458607
sz000019,2009-11-18,8.800000,9.000000,8.740000,8.890000,0.010227,2728372.000000,24209884.170000,651825520.000000,1384947210.000000,0.037211,23.320015,2009-09-30,2009-10-23,1212.327255,9.273076,245.715748,4.780521,4.350935
sz000019,2009-11-17,8.870000,8.940000,8.700000,8.800000,-0.015660,3534618.000000,31046513.650000,645226610.000000,1370926370.000000,0.048207,23.083935,2009-09-30,2009-10-23,1200.054300,9.179200,243.228253,4.732126,4.306888
sz000019,2009-11-16,8.790000,9.080000,8.760000,8.940000,0.020548,7460911.000000,66867661.360000,655491580.000000,1392736570.000000,0.101757,23.451181,2009-09-30,2009-10-23,1219.146128,9.325233,247.097804,4.807410,4.375407
sz000019,2009-11-13,8.300000,8.930000,8.200000,8.760000,0.042857,7082470.000000,61065401.730000,642293760.000000,1364694890.000000,0.096595,22.979008,2009-09-30,2009-10-23,1194.599498,9.137476,242.122668,4.710616,4.287312
sz000019,2009-11-12,8.360000,8.550000,8.300000,8.400000,0.005988,3927406.000000,33118371.540000,615898130.000000,1308611540.000000,0.053564,22.034669,2009-09-30,2009-10-23,1145.506524,8.761965,232.172453,4.517030,4.111121
sz000019,2009-11-11,8.160000,8.400000,8.100000,8.350000,0.023284,3806211.000000,31556235.530000,612232070.000000,1300822180.000000,0.051911,21.903510,2009-09-30,2009-10-23,1138.688060,8.709811,230.790479,4.490143,4.086650
sz000019,2009-11-10,8.240000,8.290000,8.130000,8.160000,-0.006090,2683008.000000,21947772.280000,598301040.000000,1271222640.000000,0.036593,21.405114,2009-09-30,2009-10-23,1112.778134,8.511626,225.539029,4.387973,3.993662
sz000019,2009-11-09,8.140000,8.350000,8.100000,8.210000,0.014833,3619305.000000,29774645.190000,601967100.000000,1279011990.000000,0.049362,21.536269,2009-09-30,2009-10-23,1119.596477,8.563779,226.920977,4.414860,4.018132
sz000019,2009-11-06,8.040000,8.220000,8.020000,8.090000,0.008728,4117037.000000,33332932.090000,593168560.000000,1260317540.000000,0.056151,21.221491,2009-09-30,2009-10-23,1103.232233,8.438609,223.604256,4.350331,3.959403
sz000019,2009-11-05,8.060000,8.080000,7.880000,8.020000,-0.001245,2705955.000000,21576615.920000,588036070.000000,1249412450.000000,0.036905,21.037873,2009-09-30,2009-10-23,1093.686537,8.365594,221.669524,4.312690,3.925144
sz000019,2009-11-04,7.950000,8.070000,7.860000,8.030000,0.017744,3468986.000000,27642198.890000,588769280.000000,1250970320.000000,0.047312,21.064097,2009-09-30,2009-10-23,1095.049874,8.376023,221.945847,4.318066,3.930037
sz000019,2009-11-03,7.670000,7.990000,7.670000,7.890000,0.024675,3303313.000000,26098202.870000,578504320.000000,1229160120.000000,0.045053,20.696852,2009-09-30,2009-10-23,1075.958074,8.229990,218.076301,4.242782,3.861518
sz000019,2009-11-02,7.390000,7.720000,7.320000,7.700000,0.026667,2113238.000000,16025041.040000,564573290.000000,1199560580.000000,0.028822,20.198456,2009-09-30,2009-10-23,1050.048136,8.031805,212.824848,4.140612,3.768530
sz000019,2009-10-30,7.640000,7.640000,7.460000,7.500000,0.010782,1485940.000000,11221656.230000,549909050.000000,1168403160.000000,0.020266,19.673814,2009-09-30,2009-10-23,1022.773827,7.823184,207.296862,4.033063,3.670644
sz000019,2009-10-29,7.450000,7.580000,7.360000,7.420000,-0.014608,1797622.000000,13448190.290000,544043350.000000,1155940190.000000,0.024517,19.463954,2009-09-30,2009-10-23,1011.863910,7.739734,205.085629,3.990042,3.631490
sz000019,2009-10-28,7.440000,7.550000,7.350000,7.530000,0.010738,1595042.000000,11910369.450000,552108680.000000,1173076770.000000,0.021754,19.752498,2009-09-30,2009-10-23,1026.864344,7.854472,208.125932,4.049193,3.685325
sz000019,2009-10-27,7.780000,7.780000,7.440000,7.450000,-0.052163,2570283.000000,19501870.390000,546242980.000000,1160613810.000000,0.035055,19.542649,2009-09-30,2009-10-23,1015.955019,7.771027,205.914819,4.006174,3.646172
sz000019,2009-10-26,7.800000,7.930000,7.760000,7.860000,0.005115,2237156.000000,17576198.660000,576304680.000000,1224486510.000000,0.030512,20.618154,2009-09-30,2009-10-23,1071.866808,8.198696,217.247078,4.226649,3.846835
sz000019,2009-10-23,7.850000,7.980000,7.770000,7.820000,-0.007614,3465895.000000,27277128.580000,573371830.000000,1218255030.000000,0.047270,20.513229,2009-09-30,2009-10-23,1066.412110,8.156973,216.141515,4.205140,3.827258
sz000019,2009-10-22,7.800000,7.890000,7.750000,7.880000,-0.002532,2669981.000000,20852302.300000,577771100.000000,1227602250.000000,0.036415,20.670615,2009-06-30,2009-08-12,383.510925,8.629922,89.881477,4.335244,3.856623
sz000019,2009-10-21,8.010000,8.030000,7.900000,7.900000,-0.028290,3874850.000000,30789288.880000,579237530.000000,1230718000.000000,0.052848,20.723086,2009-06-30,2009-08-12,384.484440,8.651828,90.109635,4.346248,3.866412
sz000019,2009-10-20,7.810000,8.230000,7.650000,8.130000,0.049032,7155614.000000,57161777.390000,596101400.000000,1266549030.000000,0.097593,21.326410,2009-06-30,2009-08-12,395.678175,8.903714,92.733053,4.472783,3.978978
sz000019,2009-10-19,7.510000,7.780000,7.500000,7.750000,0.018397,3482448.000000,26675267.260000,568239350.000000,1207349930.000000,0.047496,20.329608,2009-06-30,2009-08-12,377.184085,8.487553,88.398688,4.263724,3.792999
sz000019,2009-10-16,7.590000,7.610000,7.270000,7.610000,0.002635,2056179.000000,15308162.260000,557974380.000000,1185539740.000000,0.028043,19.962361,2009-06-30,2009-08-12,370.370382,8.334228,86.801796,4.186702,3.724480
sz000019,2009-10-15,7.530000,7.660000,7.410000,7.590000,0.027064,2364361.000000,17892250.040000,556507950.000000,1182424000.000000,0.032247,19.909898,2009-06-30,2009-08-12,369.397020,8.312325,86.573674,4.175699,3.714692
sz000019,2009-10-14,7.400000,7.580000,7.340000,7.390000,-0.002699,2034907.000000,15207756.870000,541843710.000000,1151266580.000000,0.027753,19.385256,2009-06-30,2009-08-12,359.663098,8.093288,84.292385,4.065666,3.616807
sz000019,2009-10-13,7.360000,7.470000,7.240000,7.410000,0.020661,1402465.000000,10334561.810000,543310140.000000,1154382320.000000,0.019128,19.437718,2009-06-30,2009-08-12,360.636456,8.115191,84.520506,4.076668,3.626595
sz000019,2009-10-12,7.220000,7.360000,7.110000,7.260000,0.008333,1390339.000000,10100756.530000,532311960.000000,1131014260.000000,0.018962,19.044245,2009-06-30,2009-08-12,353.336177,7.950917,82.809577,3.994145,3.553183
sz000019,2009-10-09,6.940000,7.240000,6.900000,7.200000,0.044993,1174860.000000,8358990.300000,527912680.000000,1121667030.000000,0.016023,18.886861,2009-06-30,2009-08-12,350.416159,7.885210,82.125228,3.961137,3.523819
sz000019,2009-09-30,6.900000,6.990000,6.850000,6.890000,0.013235,1060150.000000,7339615.880000,505183110.000000,1073373040.000000,0.014459,18.073672,2009-06-30,2009-08-12,335.328715,7.545706,78.589261,3.790587,3.372098
sz000019,2009-09-29,7.140000,7.150000,6.660000,6.800000,-0.047619,1544977.000000,10626085.840000,498584200.000000,1059352200.000000,0.021071,17.837591,2009-06-30,2009-08-12,330.948610,7.447143,77.562718,3.741074,3.328051
sz000019,2009-09-28,7.310000,7.470000,7.040000,7.140000,-0.021918,1556178.000000,11350804.100000,523513410.000000,1112319810.000000,0.021224,18.729470,2009-06-30,2009-08-12,347.496023,7.819500,81.440850,3.928128,3.494453
sz000019,2009-09-25,7.480000,7.530000,7.280000,7.300000,-0.029255,1764856.000000,13035430.380000,535244800.000000,1137245740.000000,0.024070,19.149182,2009-06-30,2009-08-12,355.283118,7.994728,83.265872,4.016154,3.572761
sz000019,2009-09-24,7.600000,7.660000,7.210000,7.520000,-0.007916,2170228.000000,16268718.110000,551375470.000000,1171518900.000000,0.029599,19.726274,2009-06-30,2009-08-12,365.990160,8.235662,85.775226,4.137187,3.680432
sz000019,2009-09-23,7.990000,8.000000,7.560000,7.580000,-0.040506,2207898.000000,17117913.450000,555774740.000000,1180866130.000000,0.030113,19.883673,2009-06-30,2009-08-12,368.910456,8.301376,86.459640,4.170199,3.709799
sz000019,2009-09-22,8.180000,8.290000,7.880000,7.900000,-0.012500,3154354.000000,25501586.900000,579237530.000000,1230718000.000000,0.043021,20.723082,2009-06-30,2009-08-12,384.484380,8.651827,90.109621,4.346248,3.866412
sz000019,2009-09-21,8.090000,8.110000,7.720000,8.000000,-0.018405,3512950.000000,27949018.220000,586569650.000000,1246296700.000000,0.047912,20.985400,2009-06-30,2009-08-12,389.351271,8.761344,91.250249,4.401263,3.915354
sz000019,2009-09-18,7.950000,8.450000,7.810000,8.150000,0.029040,7116638.000000,57397059.450000,597567830.000000,1269664770.000000,0.097061,21.378878,2009-06-30,2009-08-12,396.651644,8.925620,92.961200,4.483788,3.988767
sz000019,2009-09-17,7.910000,8.090000,7.780000,7.920000,0.038008,6464118.000000,51134746.300000,580703950.000000,1233833740.000000,0.088162,20.775556,2009-06-30,2009-08-12,385.457945,8.673735,90.337790,4.357253,3.876202
sz000019,2009-09-16,7.630000,7.740000,7.350000,7.630000,-0.002614,2782381.000000,21134307.150000,559440800.000000,1188655480.000000,0.037948,20.014832,2009-06-30,2009-08-12,371.343906,8.356135,87.029956,4.197707,3.734270
sz000019,2009-09-15,7.570000,7.720000,7.470000,7.650000,0.010568,3480596.000000,26477689.080000,560907230.000000,1191771220.000000,0.047471,20.067288,2009-06-30,2009-08-12,372.317143,8.378035,87.258048,4.208708,3.744057
sz000019,2009-09-14,7.520000,7.650000,7.460000,7.570000,0.012032,3429258.000000,25916474.290000,555041530.000000,1179308260.000000,0.046770,19.857435,2009-06-30,2009-08-12,368.423642,8.290422,86.345548,4.164696,3.704904
sz000019,2009-09-11,7.330000,7.500000,7.260000,7.480000,0.020464,2247590.000000,16608759.460000,548442620.000000,1165287420.000000,0.030654,19.621351,2009-06-30,2009-08-12,364.043471,8.191857,85.318990,4.115182,3.660856
sz000019,2009-09-10,7.530000,7.580000,7.300000,7.330000,-0.018742,2791001.000000,20715262.050000,537444440.000000,1141919360.000000,0.038065,19.227872,2009-06-30,2009-08-12,356.743081,8.027581,83.608036,4.032657,3.587443
sz000019,2009-09-09,7.290000,7.490000,7.210000,7.470000,0.026099,2473233.000000,18153780.040000,547709410.000000,1163729550.000000,0.033731,19.595123,2009-06-30,2009-08-12,363.556864,8.180907,85.204947,4.109681,3.655963
sz000019,2009-09-08,7.230000,7.300000,7.010000,7.280000,0.006916,1917581.000000,13839695.440000,533778380.000000,1134130000.000000,0.026153,19.096718,2009-06-30,2009-08-12,354.309734,7.972825,83.037745,4.005151,3.562973
sz000019,2009-09-07,7.180000,7.390000,7.160000,7.230000,0.000000,2131080.000000,15534946.200000,530112320.000000,1126340650.000000,0.029065,18.965552,2009-06-30,2009-08-12,351.876158,7.918063,82.467400,3.977641,3.538500
sz000019,2009-09-04,7.100000,7.280000,7.080000,7.230000,0.012605,2070062.000000,14892520.780000,530112320.000000,1126340650.000000,0.028233,18.965552,2009-06-30,2009-08-12,351.876158,7.918063,82.467400,3.977641,3.538500
sz000019,2009-09-03,7.000000,7.160000,6.850000,7.140000,0.037791,2158903.000000,15187887.910000,523513410.000000,1112319810.000000,0.029444,18.729467,2009-06-30,2009-08-12,347.495972,7.819499,81.440838,3.928127,3.494453
sz000019,2009-09-02,6.700000,6.900000,6.690000,6.880000,0.011765,1382358.000000,9381660.350000,504449900.000000,1071815170.000000,0.018853,18.047437,2009-06-30,2009-08-12,334.841959,7.534753,78.475183,3.785085,3.367203
sz000019,2009-09-01,6.650000,6.950000,6.600000,6.800000,0.001473,1184694.000000,8063413.520000,498584200.000000,1059352200.000000,0.016158,17.837578,2009-06-30,2009-08-12,330.948352,7.447137,77.562658,3.741071,3.328048
sz000019,2009-08-31,7.370000,7.380000,6.780000,6.790000,-0.094667,1817377.000000,12853773.870000,497850990.000000,1057794330.000000,0.024787,17.811341,2009-06-30,2009-08-12,330.461582,7.436184,77.448576,3.735569,3.323153
sz000019,2009-08-28,7.600000,7.700000,7.300000,7.500000,-0.025974,2204766.000000,16504818.620000,549909050.000000,1168403160.000000,0.030070,19.673801,2009-06-30,2009-08-12,365.016609,8.213755,85.547060,4.126182,3.670642
sz000019,2009-08-26,7.420000,7.750000,7.420000,7.700000,0.015831,4160285.000000,31765174.480000,564573290.000000,1199560580.000000,0.056741,20.198435,2009-06-30,2009-08-12,374.750375,8.432788,87.828312,4.236214,3.768526
sz000019,2009-08-25,7.690000,7.920000,7.250000,7.580000,-0.002632,6613077.000000,50317523.200000,555774740.000000,1180866130.000000,0.090193,19.883657,2009-06-30,2009-08-12,368.910159,8.301369,86.459571,4.170195,3.709796
sz000019,2009-08-24,7.230000,7.620000,7.130000,7.600000,0.052632,4485555.000000,33208220.450000,557241170.000000,1183981870.000000,0.061177,19.936129,2009-06-30,2009-08-12,369.883693,8.323276,86.687733,4.181200,3.719586
sz000019,2009-08-21,7.030000,7.260000,6.910000,7.220000,0.022663,1926740.000000,13747417.340000,529379110.000000,1124782780.000000,0.026278,18.939315,2009-06-30,2009-08-12,351.389367,7.907109,82.353313,3.972139,3.533605
sz000019,2009-08-20,6.900000,7.090000,6.720000,7.060000,0.023188,2075292.000000,14401580.920000,517647710.000000,1099856840.000000,0.028304,18.519605,2009-06-30,2009-08-12,343.602308,7.731882,80.528300,3.884113,3.455298
sz000019,2009-08-19,7.250000,7.350000,6.850000,6.900000,-0.058663,2340699.000000,16588826.590000,505916320.000000,1074930910.000000,0.031924,18.099905,2009-06-30,2009-08-12,335.815420,7.556658,78.703328,3.796089,3.376992
sz000019,2009-08-18,7.170000,7.400000,7.060000,7.330000,0.005487,1227292.000000,8937345.860000,537444440.000000,1141919360.000000,0.016739,19.227869,2009-06-30,2009-08-12,356.743037,8.027580,83.608025,4.032657,3.587442
sz000019,2009-08-17,7.650000,7.730000,7.090000,7.290000,-0.047059,2761980.000000,20339316.400000,534511590.000000,1135687870.000000,0.037670,19.122942,2009-06-30,2009-08-12,354.796270,7.983773,83.151771,4.010650,3.567865
sz000019,2009-08-14,8.290000,8.400000,7.600000,7.650000,-0.081633,2682331.000000,21365350.340000,560907230.000000,1191771220.000000,0.036583,20.067288,2009-06-30,2009-08-12,372.317142,8.378035,87.258048,4.208708,3.744057
sz000019,2009-08-13,8.260000,8.380000,8.190000,8.330000,0.008475,1788248.000000,14804526.870000,610765650.000000,1297706440.000000,0.024389,21.851055,2009-06-30,2009-08-12,405.412153,9.122752,95.014355,4.582817,4.076864
sz000019,2009-08-12,9.020000,9.020000,8.150000,8.260000,-0.082222,2554571.000000,21939935.970000,605633160.000000,1286801350.000000,0.034841,21.667424,2009-06-30,2009-08-12,402.005159,9.046087,94.215875,4.544304,4.042602
sz000019,2009-08-11,9.200000,9.200000,8.830000,9.000000,-0.015317,3417734.000000,30686027.100000,659890850.000000,1402083790.000000,0.046613,23.608568,2009-03-31,2009-04-22,329.670929,10.320776,872.263653,5.027650,4.404772
sz000019,2009-08-10,9.300000,9.470000,9.090000,9.140000,0.007718,8481773.000000,78651529.910000,670155820.000000,1423893980.000000,0.115680,23.975805,2009-03-31,2009-04-22,334.799046,10.481319,885.831941,5.105856,4.473289
sz000019,2009-08-07,8.760000,9.320000,8.760000,9.070000,0.019101,5187845.000000,46658699.200000,665023340.000000,1412988890.000000,0.070755,23.792177,2009-03-31,2009-04-22,332.234858,10.401044,879.047452,5.066751,4.439029
sz000019,2009-08-06,8.950000,8.990000,8.600000,8.900000,-0.008909,3282472.000000,28805852.000000,652558730.000000,1386505080.000000,0.044768,23.346240,2009-03-31,2009-04-22,326.007783,10.206097,862.571475,4.971785,4.355828
sz000019,2009-08-05,8.810000,9.090000,8.780000,8.980000,0.008989,2993814.000000,26796555.540000,658424430.000000,1398968050.000000,0.040831,23.556102,2009-03-31,2009-04-22,328.938294,10.297840,870.325202,5.016477,4.394983
sz000019,2009-08-04,8.870000,8.940000,8.610000,8.900000,0.003382,3044921.000000,26728285.860000,652558730.000000,1386505080.000000,0.041529,23.346242,2009-03-31,2009-04-22,326.007810,10.206098,862.571546,4.971786,4.355828
sz000019,2009-08-03,8.670000,8.870000,8.590000,8.870000,0.031395,3347489.000000,29239928.420000,650359100.000000,1381831470.000000,0.045655,23.267551,2009-03-31,2009-04-22,324.908968,10.171697,859.664162,4.955028,4.341146
sz000019,2009-07-31,8.450000,8.720000,8.380000,8.600000,0.023810,3021596.000000,25894328.830000,630562370.000000,1339768960.000000,0.041210,22.559302,2009-03-31,2009-04-22,315.018948,9.862077,833.496538,4.804200,4.209005
sz000019,2009-07-30,8.500000,8.650000,8.150000,8.400000,-0.012926,3361980.000000,28201864.980000,615898130.000000,1308611540.000000,0.045853,22.034657,2009-03-31,2009-04-22,307.692783,9.632722,814.112519,4.692472,4.111119
sz000019,2009-07-29,9.250000,9.300000,8.410000,8.510000,-0.088865,5046868.000000,45153740.430000,623963460.000000,1325748120.000000,0.068832,22.323207,2009-03-31,2009-04-22,311.722103,9.758865,824.773542,4.753921,4.164955
sz000019,2009-07-28,9.300000,9.450000,9.110000,9.340000,0.000000,2866024.000000,26579044.790000,684820060.000000,1455051400.000000,0.039089,24.500438,2009-03-31,2009-04-22,342.125045,10.710669,905.215519,5.217582,4.571172
sz000019,2009-07-27,9.240000,9.370000,9.090000,9.340000,0.010823,2984135.000000,27523692.610000,684820060.000000,1455051400.000000,0.040699,24.500438,2009-03-31,2009-04-22,342.125045,10.710669,905.215519,5.217582,4.571172
sz000019,2009-07-24,9.590000,9.660000,9.100000,9.240000,-0.040498,4574005.000000,42740955.830000,677487940.000000,1439472690.000000,0.062383,24.238109,2009-03-31,2009-04-22,338.461872,10.595988,895.523271,5.161716,4.522228
sz000019,2009-07-23,9.550000,9.770000,9.410000,9.630000,0.013684,3516041.000000,33754841.200000,706083210.000000,1500229660.000000,0.047954,25.261135,2009-03-31,2009-04-22,352.747438,11.043217,933.320900,5.379579,4.713100
sz000019,2009-07-22,9.200000,9.800000,9.200000,9.500000,0.028139,5902687.000000,56364988.060000,696551460.000000,1479977340.000000,0.080504,24.920128,2009-03-31,2009-04-22,347.985603,10.894141,920.721744,5.306958,4.649476
sz000019,2009-07-21,9.330000,9.590000,9.180000,9.240000,-0.009646,5021153.000000,47146884.330000,677487940.000000,1439472690.000000,0.068482,24.238092,2009-03-31,2009-04-22,338.461631,10.595981,895.522633,5.161713,4.522225
sz000019,2009-07-20,9.100000,9.550000,9.030000,9.330000,0.027533,4414395.000000,41031164.610000,684086850.000000,1453493530.000000,0.060206,24.474170,2009-03-31,2009-04-22,341.758231,10.699185,904.244980,5.211988,4.566271
sz000019,2009-07-17,9.000000,9.170000,8.900000,9.080000,0.006652,2437745.000000,22013303.790000,665756550.000000,1414546760.000000,0.033247,23.818378,2009-03-31,2009-04-22,332.600735,10.412498,880.015513,5.072331,4.443917
sz000019,2009-07-16,9.200000,9.330000,9.000000,9.020000,-0.019565,3500716.000000,31981859.620000,661357280.000000,1405199530.000000,0.047745,23.660985,2009-03-31,2009-04-22,330.402895,10.343692,874.200332,5.038813,4.414551
sz000019,2009-07-15,9.160000,9.470000,9.160000,9.200000,-0.001086,4057174.000000,37697489.120000,674555100.000000,1433241210.000000,0.055334,24.133150,2009-03-31,2009-04-22,336.996226,10.550104,891.645374,5.139365,4.502646
sz000019,2009-07-14,9.100000,9.240000,9.100000,9.210000,0.006557,3705763.000000,33956104.140000,675288310.000000,1434799080.000000,0.050541,24.159388,2009-03-31,2009-04-22,337.362602,10.561574,892.614753,5.144952,4.507541
sz000019,2009-07-13,9.250000,9.400000,9.130000,9.150000,-0.017186,5718752.000000,52831177.470000,670889030.000000,1425451860.000000,0.077996,24.002006,2009-03-31,2009-04-22,335.164925,10.492773,886.800006,5.111436,4.478178
sz000019,2009-07-10,9.020000,9.360000,8.900000,9.310000,0.026461,6787699.000000,62175776.980000,682620430.000000,1450377790.000000,0.092575,24.421718,2009-03-31,2009-04-22,341.025795,10.676255,902.307055,5.200817,4.556485
sz000019,2009-07-09,8.760000,9.200000,8.720000,9.070000,0.033030,6415227.000000,57567703.230000,665023340.000000,1412988890.000000,0.087495,23.792154,2009-03-31,2009-04-22,332.234537,10.401034,879.046603,5.066746,4.439024
sz000019,2009-07-08,8.650000,8.800000,8.530000,8.780000,0.009195,3783600.000000,32863892.500000,643760190.000000,1367810630.000000,0.051603,23.031426,2009-03-31,2009-04-22,321.611702,10.068472,850.940053,4.904743,4.297091
sz000019,2009-07-07,8.610000,8.970000,8.500000,8.700000,0.002304,5691700.000000,49918784.550000,637894490.000000,1355347670.000000,0.077627,22.821581,2009-03-31,2009-04-22,318.681426,9.976736,843.186949,4.860054,4.257940
sz000019,2009-07-06,8.520000,8.750000,8.390000,8.680000,0.018779,3801717.000000,32471647.420000,636428070.000000,1352231920.000000,0.051850,22.769121,2009-03-31,2009-04-22,317.948872,9.953802,841.248712,4.848883,4.248152
sz000019,2009-07-03,8.580000,8.680000,8.480000,8.520000,-0.018433,3354451.000000,28752288.150000,624696680.000000,1327305990.000000,0.045750,22.349422,2009-03-31,2009-04-22,312.088168,9.770325,825.742101,4.759504,4.169846
sz000019,2009-07-02,8.480000,8.750000,8.330000,8.680000,0.023585,4146217.000000,35238701.310000,636428070.000000,1352231920.000000,0.056549,22.769125,2009-03-31,2009-04-22,317.948921,9.953804,841.248841,4.848883,4.248152
sz000019,2009-07-01,8.620000,8.620000,8.300000,8.480000,-0.011655,2593357.000000,21862485.660000,621763830.000000,1321074510.000000,0.035370,22.244489,2009-03-31,2009-04-22,310.622880,9.724453,821.865151,4.737158,4.150268
sz000019,2009-06-29,8.750000,8.770000,8.490000,8.580000,-0.032694,4657988.000000,40168311.080000,629095950.000000,1336653220.000000,0.063529,22.506805,2009-03-31,2009-04-22,314.285882,9.839128,831.556947,4.793020,4.199210
sz000019,2009-06-26,8.680000,8.890000,8.520000,8.870000,0.036215,8751895.000000,76333397.230000,650359100.000000,1381831470.000000,0.119364,23.267514,2009-03-31,2009-04-22,324.908439,10.171681,859.662762,4.955020,4.341139
sz000019,2009-06-25,8.620000,8.630000,8.320000,8.560000,-0.005807,4155685.000000,35181972.480000,627629520.000000,1333537470.000000,0.056678,22.454330,2009-03-31,2009-04-22,313.553113,9.816187,829.618141,4.781845,4.189420
sz000019,2009-06-24,8.250000,8.630000,8.240000,8.610000,0.039855,2984955.000000,25173200.730000,631295580.000000,1341326830.000000,0.040711,22.585484,2009-03-31,2009-04-22,315.384551,9.873523,834.463872,4.809775,4.213890
sz000019,2009-06-23,8.200000,8.360000,8.110000,8.280000,0.002421,1729021.000000,14283348.180000,607099590.000000,1289917090.000000,0.023581,21.719840,2009-03-31,2009-04-22,303.296662,9.495096,802.480992,4.625429,4.052382
sz000019,2009-06-22,8.490000,8.580000,8.210000,8.260000,-0.025943,2578681.000000,21587345.990000,605633160.000000,1286801350.000000,0.035170,21.667383,2009-03-31,2009-04-22,302.564154,9.472164,800.542878,4.614258,4.042595
sz000019,2009-06-19,8.590000,8.630000,8.460000,8.480000,-0.016241,2620430.000000,22329861.690000,621763830.000000,1321074510.000000,0.035739,22.244471,2009-03-31,2009-04-22,310.622638,9.724445,821.864509,4.737154,4.150265
sz000019,2009-06-18,8.460000,8.730000,8.370000,8.620000,0.014118,3855885.000000,32904436.510000,632028800.000000,1342884700.000000,0.052589,22.611708,2009-03-31,2009-04-22,315.750745,9.884987,835.432773,4.815360,4.218782
sz000019,2009-06-17,8.200000,8.500000,8.180000,8.500000,0.036585,2391026.000000,19957044.430000,623230250.000000,1324190250.000000,0.032610,22.296920,2009-03-31,2009-04-22,311.355035,9.747374,823.802331,4.748323,4.160051
sz000019,2009-06-16,8.230000,8.280000,8.150000,8.200000,-0.013237,1750893.000000,14368670.820000,601233890.000000,1277454120.000000,0.023880,21.509978,2009-03-31,2009-04-22,300.366140,9.403352,794.727236,4.580737,4.013227
sz000019,2009-06-15,8.240000,8.340000,8.130000,8.310000,0.015892,1962171.000000,16172665.740000,609299220.000000,1294590700.000000,0.026761,21.798525,2009-03-31,2009-04-22,304.395422,9.529494,805.388159,4.642186,4.067063
sz000019,2009-06-12,8.600000,8.690000,8.000000,8.180000,-0.048837,4032887.000000,33515796.320000,599767470.000000,1274338380.000000,0.055003,21.457522,2009-03-31,2009-04-22,299.633644,9.380420,792.789153,4.569566,4.003440
sz000019,2009-06-11,8.790000,8.990000,8.600000,8.600000,-0.030440,4128982.000000,36307857.580000,630562370.000000,1339768960.000000,0.056314,22.559248,2009-03-31,2009-04-22,315.018187,9.862053,833.494526,4.804188,4.208995
sz000019,2009-06-10,8.820000,9.050000,8.610000,8.870000,-0.005605,6558358.000000,57956602.070000,650359100.000000,1381831470.000000,0.089447,23.267511,2009-03-31,2009-04-22,324.908399,10.171679,859.662657,4.955019,4.341139
sz000019,2009-06-09,8.520000,9.070000,8.350000,8.920000,0.051887,9399560.000000,82209744.210000,654025160.000000,1389620820.000000,0.128197,23.398660,2009-03-31,2009-04-22,326.739775,10.229013,864.508225,4.982948,4.365608
sz000019,2009-06-08,8.150000,8.650000,8.000000,8.480000,0.031630,5068279.000000,42888888.180000,621763830.000000,1321074510.000000,0.069124,22.244462,2009-03-31,2009-04-22,310.622506,9.724441,821.864160,4.737152,4.150263
sz000019,2009-06-05,8.160000,8.340000,8.060000,8.220000,0.009828,2593925.000000,21344005.180000,602700310.000000,1280569860.000000,0.035378,21.562442,2009-03-31,2009-04-22,301.098752,9.426287,796.665626,4.591910,4.023015
sz000019,2009-06-04,8.320000,8.320000,7.980000,8.140000,-0.023981,2356576.000000,19202841.880000,596834620.000000,1268106900.000000,0.032140,21.352589,2009-03-31,2009-04-22,298.168353,9.334547,788.912197,4.547220,3.983862
sz000019,2009-06-03,8.250000,8.370000,8.160000,8.340000,0.012136,2896668.000000,23977531.610000,611498860.000000,1299264310.000000,0.039507,21.877226,2009-03-31,2009-04-22,305.494415,9.563899,808.295942,4.658946,4.081746
sz000019,2009-06-02,8.120000,8.340000,8.040000,8.240000,0.019802,3226967.000000,26429796.790000,604166740.000000,1283685610.000000,0.044011,21.614908,2009-03-31,2009-04-22,301.831389,9.449224,798.604083,4.603083,4.032804
sz000019,2009-06-01,8.050000,8.160000,7.970000,8.080000,0.011264,1859007.000000,15004460.760000,592435340.000000,1258759670.000000,0.025354,21.195200,2009-03-31,2009-04-22,295.970580,9.265743,783.097192,4.513702,3.954497
sz000019,2009-05-27,7.960000,8.180000,7.960000,7.990000,0.000000,1795380.000000,14434750.000000,585836440.000000,1244738830.000000,0.024487,20.959117,2009-03-31,2009-04-22,292.673901,9.162536,774.374636,4.463426,3.910450
sz000019,2009-05-26,8.050000,8.150000,7.960000,7.990000,-0.011139,2609317.000000,20977483.100000,585836440.000000,1244738830.000000,0.035587,20.959117,2009-03-31,2009-04-22,292.673901,9.162536,774.374636,4.463426,3.910450
sz000019,2009-05-25,8.000000,8.190000,7.690000,8.080000,-0.030012,4686830.000000,37041933.020000,592435340.000000,1258759670.000000,0.063922,21.195210,2009-03-31,2009-04-22,295.970719,9.265748,783.097560,4.513705,3.954499
sz000019,2009-05-22,8.610000,9.080000,8.270000,8.330000,0.007255,9127877.000000,79139473.730000,610765650.000000,1297706440.000000,0.124492,21.851003,2009-03-31,2009-04-22,305.128227,9.552435,807.327060,4.653361,4.076854
sz000019,2009-05-21,8.230000,8.280000,7.980000,8.270000,0.002424,3332703.000000,27105488.370000,606366370.000000,1288359220.000000,0.045453,21.693615,2009-03-31,2009-04-22,302.930467,9.483632,801.512089,4.619844,4.047489
sz000019,2009-05-20,8.420000,8.550000,8.230000,8.250000,-0.023669,2939125.000000,24554774.310000,604899950.000000,1285243480.000000,0.040086,21.641157,2009-03-31,2009-04-22,302.197939,9.460699,799.573922,4.608673,4.037702
sz000019,2009-05-19,8.470000,8.600000,8.360000,8.450000,0.005952,3623096.000000,30763767.440000,619564190.000000,1316400890.000000,0.049414,22.165800,2009-03-31,2009-04-22,309.524064,9.690053,818.957835,4.720400,4.135587
sz000019,2009-05-18,8.450000,8.500000,8.050000,8.400000,0.001192,2803199.000000,23253716.750000,615898130.000000,1308611540.000000,0.038232,22.034649,2009-03-31,2009-04-22,307.692677,9.632719,814.112239,4.692470,4.111118
sz000019,2009-05-15,8.520000,8.600000,8.300000,8.390000,-0.017564,3610540.000000,30450458.330000,615164920.000000,1307053670.000000,0.049243,22.008415,2009-03-31,2009-04-22,307.326344,9.621250,813.142973,4.686884,4.106223
sz000019,2009-05-14,8.200000,8.640000,8.020000,8.540000,0.041463,6654083.000000,55770977.550000,626163100.000000,1330421730.000000,0.090753,22.401882,2009-03-31,2009-04-22,312.820727,9.793259,827.680350,4.770676,4.179634
sz000019,2009-05-13,8.060000,8.210000,7.870000,8.200000,0.018634,3947149.000000,31840570.980000,601233890.000000,1277454120.000000,0.053834,21.510012,2009-03-31,2009-04-22,300.366626,9.403367,794.728522,4.580744,4.013233
sz000019,2009-05-12,7.760000,8.060000,7.700000,8.050000,0.013854,2512969.000000,19843683.150000,590235710.000000,1254086060.000000,0.034273,21.116527,2009-03-31,2009-04-22,294.871981,9.231350,780.190453,4.496948,3.939819
sz000019,2009-05-11,8.360000,8.730000,7.920000,7.940000,-0.060355,6307432.000000,52768521.300000,582170380.000000,1236949480.000000,0.086025,20.827976,2009-03-31,2009-04-22,290.842647,9.105207,769.529393,4.435499,3.885982
sz000019,2009-05-08,8.100000,8.520000,8.030000,8.450000,0.043210,7788786.000000,65145398.520000,619564190.000000,1316400890.000000,0.106228,22.165793,2009-03-31,2009-04-22,309.523966,9.690050,818.957577,4.720399,4.135586
sz000019,2009-05-07,8.300000,8.300000,7.900000,8.100000,-0.022919,3748159.000000,30355608.790000,593901770.000000,1261875410.000000,0.051120,21.247680,2009-03-31,2009-04-22,296.703412,9.288686,785.036165,4.524879,3.964289
sz000019,2009-05-06,8.260000,8.430000,8.030000,8.290000,0.006068,5281188.000000,43398498.160000,607832800.000000,1291474960.000000,0.072028,21.746079,2009-03-31,2009-04-22,303.663066,9.506567,803.450445,4.631017,4.057278
sz000019,2009-05-05,8.150000,8.330000,7.980000,8.240000,0.019802,6077433.000000,49500736.600000,604166740.000000,1283685610.000000,0.082888,21.614919,2009-03-31,2009-04-22,301.831552,9.449229,798.604513,4.603085,4.032806
sz000019,2009-05-04,7.720000,8.090000,7.660000,8.080000,0.035897,3619741.000000,28600221.400000,592435340.000000,1258759670.000000,0.049368,21.195212,2009-03-31,2009-04-22,295.970739,9.265748,783.097614,4.513705,3.954499
sz000019,2009-04-30,8.070000,8.250000,7.700000,7.800000,-0.001280,6340010.000000,50287346.760000,571905410.000000,1215139290.000000,0.086469,20.460733,2009-03-31,2009-04-22,285.714448,8.944662,755.960886,4.357291,3.817464
sz000019,2009-04-29,7.620000,7.810000,7.420000,7.810000,0.037185,3141297.000000,23990751.550000,572638620.000000,1216697160.000000,0.042843,20.486956,2009-03-31,2009-04-22,286.080631,8.956126,756.929756,4.362876,3.822357
sz000019,2009-04-28,7.390000,7.550000,7.240000,7.530000,-0.009211,2628553.000000,19475334.280000,552108680.000000,1173076770.000000,0.035850,19.752461,2009-03-31,2009-04-22,275.824111,8.635032,729.792425,4.206459,3.685318
sz000019,2009-04-27,8.040000,8.200000,7.510000,7.600000,-0.040404,4458970.000000,35187941.010000,557241170.000000,1183981870.000000,0.060814,19.936092,2009-03-31,2009-04-22,278.388346,8.715309,736.577036,4.245564,3.719579
sz000019,2009-04-24,7.620000,7.950000,7.420000,7.920000,0.039370,4936250.000000,38276305.880000,580703950.000000,1233833740.000000,0.067324,20.775506,2009-03-31,2009-04-22,290.109949,9.082269,767.590774,4.424325,3.876193
sz000019,2009-04-23,8.000000,8.010000,7.420000,7.620000,-0.040302,4169006.000000,32193764.280000,558707590.000000,1187097610.000000,0.056859,19.988556,2009-03-31,2009-04-22,279.120957,8.738244,738.515422,4.256737,3.729368
sz000019,2009-04-22,8.850000,8.850000,7.890000,7.940000,-0.094641,7062815.000000,59727928.330000,582170380.000000,1236949480.000000,0.096327,20.827965,2009-03-31,2009-04-22,290.842491,9.105202,769.528978,4.435496,3.885980
sz000019,2009-04-21,8.410000,8.800000,8.330000,8.770000,0.012702,5173941.000000,44003333.440000,643026980.000000,1366252760.000000,0.070565,23.005200,2008-12-31,2009-03-21,126.321628,10.557749,3085.856902,4.794902,4.292198
sz000019,2009-04-20,8.150000,8.840000,8.100000,8.660000,0.062577,7043181.000000,59739401.010000,634961640.000000,1349116180.000000,0.096059,22.716653,2008-12-31,2009-03-21,124.737215,10.425326,3047.151977,4.734761,4.238363
sz000019,2009-04-17,8.230000,8.600000,8.100000,8.150000,-0.023952,5474202.000000,45575806.140000,597567830.000000,1269664770.000000,0.074661,21.378830,2008-12-31,2009-03-21,117.391225,9.811361,2867.699919,4.455923,3.988758
sz000019,2009-04-16,8.000000,8.500000,7.940000,8.350000,0.038557,6612039.000000,54349438.570000,612232070.000000,1300822180.000000,0.090179,21.903462,2008-12-31,2009-03-21,120.271979,10.052130,2938.072635,4.565270,4.086641
sz000019,2009-04-15,8.230000,8.230000,7.800000,8.040000,-0.024272,4947248.000000,39583374.490000,589502500.000000,1252528190.000000,0.067474,21.090284,2008-12-31,2009-03-21,115.806816,9.678939,2828.995072,4.395782,3.934922
sz000019,2009-04-14,7.930000,8.270000,7.850000,8.240000,0.037783,6547374.000000,53124483.600000,604166740.000000,1283685610.000000,0.089297,21.614921,2008-12-31,2009-03-21,118.687601,9.919710,2899.368545,4.505131,4.032807
sz000019,2009-04-13,7.860000,7.940000,7.710000,7.940000,0.010178,3849373.000000,30092505.480000,582170380.000000,1236949480.000000,0.052500,20.827978,2008-12-31,2009-03-21,114.366492,9.558559,2793.810021,4.341110,3.885983
sz000019,2009-04-10,7.730000,7.900000,7.610000,7.860000,0.022107,3389428.000000,26366197.700000,576304680.000000,1224486510.000000,0.046227,20.618126,2008-12-31,2009-03-21,113.214198,9.462252,2765.661122,4.297372,3.846830
sz000019,2009-04-09,7.610000,7.720000,7.310000,7.690000,0.021248,3069821.000000,23094895.230000,563840070.000000,1198002710.000000,0.041868,20.172180,2008-12-31,2009-03-21,110.765505,9.257594,2705.843050,4.204425,3.763627
sz000019,2009-04-08,8.150000,8.150000,7.510000,7.530000,-0.085055,5914772.000000,46526992.810000,552108680.000000,1173076770.000000,0.080669,19.752479,2008-12-31,2009-03-21,108.460927,9.064982,2649.545507,4.116948,3.685321
sz000019,2009-04-07,7.960000,8.400000,7.810000,8.230000,0.028750,11761130.000000,95986796.740000,603433530.000000,1282127730.000000,0.160406,21.588707,2008-12-31,2009-03-21,118.543658,9.907679,2895.852218,4.499667,4.027916
sz000019,2009-04-03,7.650000,8.280000,7.600000,8.000000,0.052632,11064421.000000,87631984.080000,586569650.000000,1246296700.000000,0.150903,20.985377,2008-12-31,2009-03-21,115.230773,9.630794,2814.923176,4.373917,3.915350
sz000019,2009-04-02,7.540000,7.660000,7.410000,7.600000,-0.009126,4155946.000000,31323069.080000,557241170.000000,1183981870.000000,0.056681,19.936100,2008-12-31,2009-03-21,109.469191,9.149251,2674.175948,4.155219,3.719581
sz000019,2009-04-01,7.180000,7.820000,7.170000,7.670000,0.068245,6890718.000000,51290302.800000,562373650.000000,1194886960.000000,0.093980,20.119713,2008-12-31,2009-03-21,110.477408,9.233516,2698.805244,4.193489,3.753838
sz000019,2009-03-31,7.200000,7.240000,6.910000,7.180000,-0.012380,2197801.000000,15592064.350000,526446260.000000,1118551290.000000,0.029975,18.834362,2008-12-31,2009-03-21,103.419541,8.643631,2526.391646,3.925587,3.514024
sz000019,2009-03-30,7.220000,7.390000,7.160000,7.270000,0.004144,2261006.000000,16392830.840000,533045170.000000,1132572130.000000,0.030837,19.070454,2008-12-31,2009-03-21,104.715924,8.751981,2558.060435,3.974795,3.558072
sz000019,2009-03-27,7.390000,7.480000,7.150000,7.240000,0.005556,3932725.000000,28804057.250000,530845530.000000,1127898520.000000,0.053637,18.991752,2008-12-31,2009-03-21,104.283772,8.715862,2547.503580,3.958392,3.543389
sz000019,2009-03-26,7.100000,7.250000,6.920000,7.200000,0.009818,2685985.000000,19080663.300000,527912680.000000,1121667030.000000,0.036633,18.886817,2008-12-31,2009-03-21,103.707573,8.667704,2533.427855,3.936520,3.523810
sz000019,2009-03-25,7.250000,7.370000,7.130000,7.130000,-0.023288,3519808.000000,25547718.080000,522780200.000000,1110761940.000000,0.048005,18.703189,2008-12-31,2009-03-21,102.699272,8.583432,2508.796491,3.898247,3.489550
sz000019,2009-03-24,7.220000,7.350000,7.130000,7.300000,0.016713,3731654.000000,27060116.270000,535244800.000000,1137245740.000000,0.050895,19.149134,2008-12-31,2009-03-21,105.147957,8.788089,2568.614382,3.991194,3.572752
sz000019,2009-03-23,7.020000,7.220000,7.020000,7.180000,0.007013,3510914.000000,25118590.350000,526446260.000000,1118551290.000000,0.047884,18.834356,2008-12-31,2009-03-21,103.419507,8.643628,2526.390813,3.925586,3.514022
sz000019,2009-03-20,7.090000,7.250000,6.890000,7.130000,0.005642,4263497.000000,30105991.040000,522780200.000000,1110761940.000000,0.058148,18.703190,2008-09-30,2008-10-23,30.150696,7.785660,-68.244748,3.851876,3.489550
sz000019,2009-03-19,6.950000,7.090000,6.840000,7.090000,0.032023,2854590.000000,19987170.470000,519847350.000000,1104530450.000000,0.038933,18.598259,2008-09-30,2008-10-23,29.981540,7.741980,-67.861871,3.830265,3.469973
sz000019,2009-03-18,6.860000,7.030000,6.810000,6.870000,0.002920,3038716.000000,21015285.320000,503716690.000000,1070257290.000000,0.041444,18.021167,2008-09-30,2008-10-23,29.051233,7.501751,-65.756162,3.711415,3.362302
sz000019,2009-03-17,6.620000,6.930000,6.580000,6.850000,0.034743,2916180.000000,19728335.840000,502250260.000000,1067141550.000000,0.039773,17.968698,2008-09-30,2008-10-23,28.966650,7.479910,-65.564713,3.700609,3.352512
sz000019,2009-03-16,6.450000,6.640000,6.380000,6.620000,0.024768,1285388.000000,8401619.510000,485386380.000000,1031310520.000000,0.017531,17.365373,2008-09-30,2008-10-23,27.994053,7.228761,-63.363282,3.576355,3.239947
sz000019,2009-03-13,6.550000,6.580000,6.390000,6.460000,-0.004622,1121113.000000,7279454.700000,473654990.000000,1006384590.000000,0.015290,16.945663,2008-09-30,2008-10-23,27.317454,7.054047,-61.831831,3.489917,3.161639
sz000019,2009-03-12,6.540000,6.610000,6.240000,6.490000,-0.013678,1358055.000000,8699342.800000,475854630.000000,1011058200.000000,0.018522,17.024350,2008-09-30,2008-10-23,27.444302,7.086802,-62.118945,3.506122,3.176320
sz000019,2009-03-11,6.700000,6.700000,6.470000,6.580000,0.003049,1598353.000000,10538937.700000,482453540.000000,1025079040.000000,0.021799,17.260438,2008-09-30,2008-10-23,27.824891,7.185079,-62.980391,3.554744,3.220368
sz000019,2009-03-10,6.350000,6.580000,6.240000,6.560000,0.020218,1317122.000000,8485101.690000,480987110.000000,1021963300.000000,0.017964,17.207971,2008-09-30,2008-10-23,27.740310,7.163239,-62.788947,3.543939,3.210579
sz000019,2009-03-09,6.820000,6.970000,6.410000,6.430000,-0.059942,2592212.000000,17245633.010000,471455350.000000,1001710980.000000,0.035354,16.866955,2008-09-30,2008-10-23,27.190571,7.021282,-61.544638,3.473707,3.146954
sz000019,2009-03-06,6.740000,6.940000,6.450000,6.840000,0.014837,3135032.000000,21197739.320000,501517050.000000,1065583680.000000,0.042758,17.942462,2008-09-30,2008-10-23,28.924355,7.468988,-65.468979,3.695205,3.347617
sz000019,2009-03-05,6.810000,7.010000,6.600000,6.740000,-0.005900,4249420.000000,28908632.420000,494184930.000000,1050004970.000000,0.057956,17.680141,2008-09-30,2008-10-23,28.501479,7.359791,-64.511818,3.641181,3.298675
sz000019,2009-03-04,6.500000,6.800000,6.410000,6.780000,0.046296,4311689.000000,28598034.200000,497117780.000000,1056236460.000000,0.058805,17.785073,2008-09-30,2008-10-23,28.670635,7.403472,-64.894696,3.662792,3.318252
sz000019,2009-03-03,6.060000,6.490000,5.860000,6.480000,0.040128,3481246.000000,21638980.660000,475121410.000000,1009500330.000000,0.047479,16.998128,2008-09-30,2008-10-23,27.402031,7.075887,-62.023267,3.500722,3.171428
sz000019,2009-03-02,6.000000,6.300000,5.960000,6.230000,0.026359,1866141.000000,11484088.940000,456791110.000000,970553560.000000,0.025452,16.342342,2008-09-30,2008-10-23,26.344864,6.802900,-59.630418,3.365665,3.049075
sz000019,2009-02-27,6.680000,6.740000,6.070000,6.070000,-0.099407,4156108.000000,26084564.800000,445059720.000000,945627620.000000,0.056684,15.922638,2008-09-30,2008-10-23,25.668274,6.628187,-58.098986,3.279228,2.970768
sz000019,2009-02-26,7.290000,7.590000,6.560000,6.740000,-0.074176,4526483.000000,33023190.340000,494184930.000000,1050004970.000000,0.061735,17.680170,2008-09-30,2008-10-23,28.501525,7.359803,-64.511923,3.641187,3.298680
sz000019,2009-02-25,7.130000,7.310000,7.010000,7.280000,0.023910,3189788.000000,22832005.990000,533778380.000000,1134130000.000000,0.043504,19.096686,2008-09-30,2008-10-23,30.785036,7.949463,-69.680548,3.932915,3.562967
sz000019,2009-02-24,7.650000,7.680000,7.030000,7.110000,-0.079016,4986792.000000,36756768.240000,521313770.000000,1107646200.000000,0.068013,18.650747,2008-09-30,2008-10-23,30.066154,7.763829,-68.053391,3.841075,3.479766
sz000019,2009-02-23,7.350000,7.860000,7.210000,7.720000,0.050340,4636150.000000,35369747.390000,566039710.000000,1202676320.000000,0.063231,20.250891,2008-09-30,2008-10-23,32.645686,8.429929,-73.892045,4.170621,3.778313
sz000019,2009-02-20,7.240000,7.370000,7.080000,7.350000,0.015193,3544150.000000,25590114.440000,538910860.000000,1145035100.000000,0.048337,19.280320,2008-09-30,2008-10-23,31.081065,8.025905,-70.350596,3.970734,3.597228
sz000019,2009-02-19,7.200000,7.400000,7.160000,7.240000,-0.005495,3238713.000000,23556504.850000,530845530.000000,1127898520.000000,0.044172,18.991778,2008-09-30,2008-10-23,30.615917,7.905792,-69.297755,3.911309,3.543393
sz000019,2009-02-18,7.180000,7.430000,6.910000,7.280000,-0.026738,5394708.000000,38600706.250000,533778380.000000,1134130000.000000,0.073576,19.096714,2008-09-30,2008-10-23,30.785081,7.949474,-69.680650,3.932921,3.562972
sz000019,2009-02-17,7.890000,7.980000,7.410000,7.480000,-0.073110,5462179.000000,42360966.490000,548442620.000000,1165287420.000000,0.074497,19.621350,2008-09-30,2008-10-23,31.630827,8.167867,-71.594956,4.040968,3.660856
sz000019,2009-02-16,7.590000,8.180000,7.330000,8.070000,0.080321,7602885.000000,58015097.120000,591702130.000000,1257201800.000000,0.103693,21.169017,2008-09-30,2008-10-23,34.125761,8.812121,-77.242128,4.359706,3.949612
sz000019,2009-02-13,7.050000,7.580000,7.020000,7.470000,0.053597,6620103.000000,48488607.090000,547709410.000000,1163729550.000000,0.090289,19.595117,2008-09-30,2008-10-23,31.588538,8.156947,-71.499238,4.035566,3.655962
sz000019,2009-02-12,7.230000,7.230000,6.800000,7.090000,-0.022069,5629198.000000,39575225.460000,519847350.000000,1104530450.000000,0.076774,18.598304,2008-09-30,2008-10-23,29.981613,7.741999,-67.862036,3.830275,3.469981
sz000019,2009-02-11,6.900000,7.650000,6.810000,7.250000,0.029830,8389071.000000,60544384.730000,531578740.000000,1129456390.000000,0.114415,19.018013,2008-09-30,2008-10-23,30.658209,7.916713,-69.393481,3.916712,3.548288
sz000019,2009-02-10,6.800000,7.060000,6.660000,7.040000,0.020290,6298561.000000,43131399.670000,516181290.000000,1096741100.000000,0.085904,18.467138,2008-09-30,2008-10-23,29.770165,7.687398,-67.383433,3.803261,3.445509
sz000019,2009-02-09,6.870000,6.990000,6.660000,6.900000,0.014706,6235711.000000,42477890.250000,505916320.000000,1074930910.000000,0.085046,18.099891,2008-09-30,2008-10-23,29.178141,7.534522,-66.043412,3.727628,3.376990
sz000019,2009-02-06,6.600000,6.870000,6.540000,6.800000,0.027190,5955504.000000,40087992.690000,498584200.000000,1059352200.000000,0.081225,17.837572,2008-09-30,2008-10-23,28.755266,7.425325,-65.086254,3.673604,3.328047
sz000019,2009-02-05,6.460000,6.810000,6.320000,6.620000,0.021605,6917422.000000,45328156.150000,485386380.000000,1031310520.000000,0.094344,17.365406,2008-09-30,2008-10-23,27.994106,7.228775,-63.363403,3.576362,3.239953
sz000019,2009-02-04,6.420000,6.490000,6.220000,6.480000,0.020472,4330584.000000,27494907.500000,475121410.000000,1009500330.000000,0.059063,16.998161,2008-09-30,2008-10-23,27.402084,7.075900,-62.023388,3.500729,3.171434
sz000019,2009-02-03,6.220000,6.440000,6.150000,6.350000,0.027508,3377950.000000,21363209.080000,465589660.000000,989248010.000000,0.046071,16.657156,2008-09-30,2008-10-23,26.852363,6.933948,-60.779118,3.430500,3.107811
sz000019,2009-02-02,5.960000,6.180000,5.880000,6.180000,0.052811,2546166.000000,15510852.910000,453125050.000000,962764200.000000,0.034726,16.211218,2008-09-30,2008-10-23,26.133483,6.748316,-59.151965,3.338660,3.024610
sz000019,2009-01-23,5.950000,6.000000,5.820000,5.870000,-0.010118,1547722.000000,9129398.520000,430395480.000000,914470210.000000,0.021109,15.398032,2008-09-30,2008-10-23,24.822578,6.409807,-56.184790,3.171186,2.872890
sz000019,2009-01-22,5.950000,5.960000,5.800000,5.930000,0.008503,1685639.000000,9933277.080000,434794750.000000,923817430.000000,0.022990,15.555422,2008-09-30,2008-10-23,25.076300,6.475325,-56.759079,3.203600,2.902255
sz000019,2009-01-21,5.960000,6.040000,5.760000,5.880000,-0.028099,2280671.000000,13437738.910000,431128690.000000,916028080.000000,0.031105,15.424269,2008-09-30,2008-10-23,24.864874,6.420729,-56.280525,3.176590,2.877785
sz000019,2009-01-20,5.960000,6.110000,5.920000,6.050000,0.006656,1455438.000000,8748582.170000,443593300.000000,942511880.000000,0.019850,15.870206,2008-09-30,2008-10-23,25.583751,6.606361,-57.907673,3.268430,2.960986
sz000019,2009-01-19,6.300000,6.350000,5.990000,6.010000,-0.042994,3919840.000000,23894955.800000,440660450.000000,936280400.000000,0.053461,15.765273,2008-09-30,2008-10-23,25.414592,6.562680,-57.524788,3.246819,2.941408
sz000019,2009-01-16,6.380000,6.610000,6.210000,6.280000,0.004800,7605451.000000,49025357.290000,460457170.000000,978342910.000000,0.103728,16.473536,2008-09-30,2008-10-23,26.556356,6.857512,-60.109120,3.392684,3.073552
sz000019,2009-01-15,6.160000,6.380000,6.100000,6.250000,0.001603,5418525.000000,33850386.940000,458257540.000000,973669300.000000,0.073901,16.394841,2008-09-30,2008-10-23,26.429494,6.824753,-59.821974,3.376477,3.058870
sz000019,2009-01-14,5.950000,6.340000,5.950000,6.240000,0.046980,5991705.000000,37096296.560000,457524330.000000,972111430.000000,0.081719,16.368602,2008-09-30,2008-10-23,26.387196,6.813831,-59.726233,3.371073,3.053974
sz000019,2009-01-13,5.870000,6.180000,5.510000,5.960000,-0.001675,5274592.000000,30995923.170000,436994390.000000,928491040.000000,0.071938,15.634111,2008-09-30,2008-10-23,25.203152,6.508081,-57.046202,3.219806,2.916936
sz000019,2009-01-12,5.820000,6.090000,5.720000,5.970000,0.017036,3149222.000000,18517743.880000,437727600.000000,930048920.000000,0.042951,15.660342,2008-09-30,2008-10-23,25.245438,6.519000,-57.141915,3.225209,2.921830
sz000019,2009-01-09,5.700000,5.970000,5.580000,5.870000,0.040780,3188243.000000,18350072.150000,430395480.000000,914470210.000000,0.043483,15.398022,2008-09-30,2008-10-23,24.822561,6.409803,-56.184752,3.171184,2.872888
sz000019,2009-01-08,5.500000,5.860000,5.470000,5.640000,0.007143,3865992.000000,22010051.340000,413531600.000000,878639180.000000,0.052727,14.794694,2008-09-30,2008-10-23,23.849959,6.158653,-53.983312,3.046930,2.760322
sz000019,2009-01-07,5.610000,5.750000,5.560000,5.600000,-0.019264,2907042.000000,16384330.420000,410598750.000000,872407690.000000,0.039648,14.689765,2008-09-30,2008-10-23,23.680807,6.114974,-53.600444,3.025321,2.740745
sz000019,2009-01-06,5.330000,5.720000,5.280000,5.710000,0.069288,4060879.000000,22482368.540000,418664090.000000,889544270.000000,0.055385,14.978307,2008-09-30,2008-10-23,24.145955,6.235087,-54.653285,3.084745,2.794580
sz000019,2009-01-05,5.170000,5.380000,5.120000,5.340000,0.049116,2017045.000000,10619909.080000,391535240.000000,831903050.000000,0.027510,14.007739,2008-09-30,2008-10-23,22.581339,5.831064,-51.111847,2.884859,2.613496
sz000019,2008-12-31,5.400000,5.400000,5.090000,5.090000,-0.048598,1483320.000000,7824621.890000,373204940.000000,792956280.000000,0.020230,13.351945,2008-09-30,2008-10-23,21.524158,5.558074,-48.718967,2.749800,2.491141
sz000019,2008-12-30,5.500000,5.570000,5.260000,5.350000,-0.023723,2174113.000000,11802857.970000,392268450.000000,833460920.000000,0.029652,14.033967,2008-09-30,2008-10-23,22.623621,5.841982,-51.207551,2.890261,2.618389
sz000019,2008-12-29,5.710000,5.730000,5.230000,5.480000,-0.055172,3202176.000000,17431901.920000,401800210.000000,853713240.000000,0.043673,14.374985,2008-09-30,2008-10-23,23.173363,5.983939,-52.451867,2.960492,2.682015
sz000019,2008-12-26,5.680000,5.940000,5.600000,5.800000,0.026549,3516213.000000,20350555.090000,425262990.000000,903565110.000000,0.047956,15.214394,2008-09-30,2008-10-23,24.526541,6.333363,-55.514725,3.133367,2.838628
sz000019,2008-12-25,5.710000,5.940000,5.480000,5.650000,-0.010508,2577972.000000,14745087.140000,414264810.000000,880197050.000000,0.035160,14.820913,2008-09-30,2008-10-23,23.892227,6.169568,-54.078982,3.052330,2.765214
sz000019,2008-12-24,5.810000,5.970000,5.610000,5.710000,-0.046745,3533921.000000,20379943.260000,418664090.000000,889544270.000000,0.048198,14.978305,2008-09-30,2008-10-23,24.145952,6.235086,-54.653279,3.084745,2.794579
sz000019,2008-12-23,6.620000,6.660000,5.990000,5.990000,-0.099248,5306804.000000,32918156.910000,439194020.000000,933164660.000000,0.072377,15.712800,2008-09-30,2008-10-23,25.330003,6.540837,-57.333325,3.236012,2.931618
sz000019,2008-12-22,6.630000,6.730000,6.350000,6.650000,0.003017,4875611.000000,31902473.000000,487586020.000000,1035984140.000000,0.066497,17.444091,2008-09-30,2008-10-23,28.120951,7.261530,-63.650511,3.592567,3.254634
sz000019,2008-12-19,6.580000,6.740000,6.470000,6.630000,-0.010448,5865905.000000,38851450.420000,486119600.000000,1032868390.000000,0.080003,17.391621,2008-09-30,2008-10-23,28.036366,7.239688,-63.459055,3.581761,3.244844
sz000019,2008-12-18,6.780000,6.940000,6.490000,6.700000,-0.011799,7396065.000000,49193065.630000,491252080.000000,1043773490.000000,0.100872,17.575247,2008-09-30,2008-10-23,28.332382,7.316126,-64.129076,3.619578,3.279104
sz000019,2008-12-17,6.700000,7.250000,6.600000,6.780000,-0.034188,10825797.000000,74901906.330000,497117780.000000,1056236460.000000,0.147649,17.785093,2008-09-30,2008-10-23,28.670668,7.403480,-64.894769,3.662796,3.318256
sz000019,2008-12-16,6.250000,7.140000,6.150000,7.020000,0.081664,11848935.000000,79757624.720000,514714870.000000,1093625360.000000,0.161603,18.414654,2008-09-30,2008-10-23,29.685557,7.665550,-67.191927,3.792452,3.435716
sz000019,2008-12-15,6.000000,6.490000,5.690000,6.490000,0.100000,10709932.000000,66355360.690000,475854630.000000,1011058200.000000,0.146069,17.024375,2008-09-30,2008-10-23,27.444343,7.086812,-62.119038,3.506128,3.176325
sz000019,2008-12-12,5.640000,6.130000,5.460000,5.900000,0.059246,8756347.000000,51042124.520000,432595120.000000,919143820.000000,0.119424,15.476705,2008-09-30,2008-10-23,24.949402,6.442557,-56.471853,3.187389,2.887568
sz000019,2008-12-11,5.560000,5.950000,5.380000,5.570000,0.001799,4801989.000000,27097263.540000,408399120.000000,867734080.000000,0.065492,14.611058,2008-09-30,2008-10-23,23.553926,6.082210,-53.313255,3.009111,2.726060
sz000019,2008-12-10,5.330000,5.560000,5.280000,5.560000,0.029630,2712181.000000,14783340.650000,407665910.000000,866176210.000000,0.036990,14.584820,2008-09-30,2008-10-23,23.511629,6.071288,-53.217517,3.003707,2.721165
sz000019,2008-12-09,5.700000,5.700000,5.330000,5.400000,-0.044248,2710669.000000,14778249.900000,395934510.000000,841250280.000000,0.036970,14.165108,2008-09-30,2008-10-23,22.835027,5.896572,-51.686059,2.917269,2.642857
sz000019,2008-12-08,5.540000,5.670000,5.380000,5.650000,0.044362,4030113.000000,22388719.510000,414264810.000000,880197050.000000,0.054965,14.820903,2008-09-30,2008-10-23,23.892210,6.169563,-54.078944,3.052328,2.765212
sz000019,2008-12-05,5.180000,5.450000,5.150000,5.410000,0.034417,2898545.000000,15436588.490000,396667720.000000,842808150.000000,0.039532,14.191346,2008-09-30,2008-10-23,22.877326,5.907495,-51.781800,2.922673,2.647752
sz000019,2008-12-04,5.220000,5.580000,5.130000,5.230000,0.000000,5804547.000000,30950176.860000,383469910.000000,814766470.000000,0.079166,13.719174,2008-09-30,2008-10-23,22.116154,5.710942,-50.058922,2.825430,2.559657
sz000019,2008-12-03,5.010000,5.280000,4.910000,5.230000,0.043912,4499810.000000,23122263.040000,383469910.000000,814766470.000000,0.061371,13.719174,2008-09-30,2008-10-23,22.116154,5.710942,-50.058922,2.825430,2.559657
sz000019,2008-12-02,4.920000,5.170000,4.820000,5.010000,0.018293,5855516.000000,29282781.470000,367339240.000000,780493310.000000,0.079861,13.142079,2008-09-30,2008-10-23,21.185841,5.470712,-47.953201,2.706578,2.451985
sz000019,2008-12-01,4.540000,4.920000,4.460000,4.920000,0.100671,4200470.000000,20163817.590000,360740330.000000,766472470.000000,0.057289,12.905989,2008-09-30,2008-10-23,20.805251,5.372434,-47.091752,2.657956,2.407937
sz000019,2008-11-28,4.400000,4.550000,4.360000,4.470000,-0.015419,1004557.000000,4477218.430000,327745790.000000,696368280.000000,0.013701,11.725565,2008-09-30,2008-10-23,18.902334,4.881053,-42.784585,2.414851,2.187699
sz000019,2008-11-27,4.800000,4.840000,4.520000,4.540000,0.006652,2710442.000000,12736254.180000,332878280.000000,707273380.000000,0.036967,11.909193,2008-09-30,2008-10-23,19.198354,4.957493,-43.454611,2.452669,2.221959
sz000019,2008-11-26,4.350000,4.550000,4.310000,4.510000,0.029680,1080425.000000,4819569.650000,330678640.000000,702599770.000000,0.014736,11.830496,2008-09-30,2008-10-23,19.071490,4.924733,-43.167462,2.436461,2.207276
sz000019,2008-11-25,4.500000,4.550000,4.250000,4.380000,-0.013514,1205542.000000,5291362.330000,321146880.000000,682347450.000000,0.016442,11.489488,2008-09-30,2008-10-23,18.521764,4.782781,-41.923181,2.366232,2.143653
sz000019,2008-11-24,4.690000,4.700000,4.420000,4.440000,-0.055319,1626689.000000,7401965.660000,325546150.000000,691694670.000000,0.022186,11.646884,2008-09-30,2008-10-23,18.775496,4.848300,-42.497493,2.398647,2.173019
sz000019,2008-11-21,4.690000,4.890000,4.390000,4.700000,-0.036885,2961857.000000,13881605.180000,344609670.000000,732199310.000000,0.040396,12.328907,2008-09-30,2008-10-23,19.874959,5.132209,-44.986077,2.539108,2.300267
sz000019,2008-11-20,4.630000,5.090000,4.470000,4.880000,0.033898,3578968.000000,17084398.170000,357807490.000000,760240990.000000,0.048812,12.801075,2008-09-30,2008-10-23,20.636122,5.328760,-46.708937,2.636350,2.388362
sz000019,2008-11-19,4.310000,4.760000,4.310000,4.720000,0.070295,2494657.000000,11292629.030000,346076090.000000,735315060.000000,0.034024,12.381371,2008-09-30,2008-10-23,19.959534,5.154049,-45.177509,2.549913,2.310056
sz000019,2008-11-18,4.870000,4.870000,4.410000,4.410000,-0.100000,3389574.000000,15536475.560000,323346520.000000,687021060.000000,0.046229,11.568186,2008-09-30,2008-10-23,18.648629,4.815540,-42.210334,2.382439,2.158336
sz000019,2008-11-17,4.710000,4.940000,4.700000,4.900000,0.038136,4731167.000000,22913603.950000,359273910.000000,763356730.000000,0.064527,12.853539,2008-09-30,2008-10-23,20.720699,5.350600,-46.900371,2.647155,2.398151
sz000019,2008-11-14,4.270000,4.720000,4.240000,4.720000,0.100233,4769615.000000,21750352.210000,346076090.000000,735315060.000000,0.065051,12.381364,2008-09-30,2008-10-23,19.959522,5.154045,-45.177483,2.549911,2.310055
sz000019,2008-11-13,4.060000,4.370000,4.060000,4.290000,0.031250,3076746.000000,13058480.930000,314547970.000000,668326610.000000,0.041963,11.253402,2008-09-30,2008-10-23,18.141178,4.684504,-41.061741,2.317610,2.099605
sz000019,2008-11-12,3.840000,4.180000,3.840000,4.160000,0.053165,1698192.000000,6906049.610000,305016220.000000,648074290.000000,0.023161,10.912389,2008-09-30,2008-10-23,17.591445,4.542549,-39.817446,2.247379,2.035980
sz000019,2008-11-11,4.000000,4.190000,3.920000,3.950000,-0.029484,2286515.000000,9238330.690000,289618760.000000,615359000.000000,0.031185,10.361519,2008-09-30,2008-10-23,16.703408,4.313236,-37.807415,2.133929,1.933202
sz000019,2008-11-10,3.820000,4.110000,3.780000,4.070000,0.071053,2980898.000000,11807109.900000,298417310.000000,634053450.000000,0.040655,10.676299,2008-09-30,2008-10-23,17.210853,4.444271,-38.955993,2.198757,1.991932
sz000019,2008-11-07,3.570000,3.950000,3.480000,3.800000,0.052632,1873259.000000,6946208.590000,278620580.000000,591990930.000000,0.025549,9.968040,2008-09-30,2008-10-23,16.069096,4.149440,-36.371676,2.052893,1.859788
sz000019,2008-11-06,3.510000,3.620000,3.490000,3.610000,-0.002762,765564.000000,2738157.610000,264689550.000000,562391390.000000,0.010441,9.469634,2008-09-30,2008-10-23,15.265635,3.941967,-34.553079,1.950248,1.766798
sz000019,2008-11-05,3.510000,3.690000,3.500000,3.620000,0.043228,1424562.000000,5118084.800000,265422770.000000,563949260.000000,0.019429,9.495862,2008-09-30,2008-10-23,15.307915,3.952885,-34.648779,1.955649,1.771692
sz000019,2008-11-04,3.580000,3.610000,3.400000,3.470000,-0.038781,1276936.000000,4484710.940000,254424580.000000,540581200.000000,0.017416,9.102384,2008-09-30,2008-10-23,14.673605,3.789090,-33.213045,1.874613,1.698278
sz000019,2008-11-03,3.630000,3.740000,3.470000,3.610000,-0.062338,2463747.000000,8883037.090000,264689550.000000,562391390.000000,0.033602,9.469626,2008-09-30,2008-10-23,15.265621,3.941963,-34.553047,1.950246,1.766797
sz000019,2008-10-31,3.850000,4.000000,3.730000,3.850000,0.057692,3310565.000000,12968119.690000,282286640.000000,599780290.000000,0.045152,10.099189,2008-09-30,2008-10-23,16.280515,4.204034,-36.850216,2.079903,1.884257
sz000019,2008-10-30,3.580000,3.730000,3.540000,3.640000,0.000000,1009458.000000,3670083.390000,266889190.000000,567065000.000000,0.013768,9.548327,2008-09-30,2008-10-23,15.392492,3.974725,-34.840214,1.966454,1.781480
sz000019,2008-10-29,4.000000,4.030000,3.620000,3.640000,-0.073791,922464.000000,3562621.090000,266889190.000000,567065000.000000,0.012581,9.548327,2008-09-30,2008-10-23,15.392492,3.974725,-34.840214,1.966454,1.781480
sz000019,2008-10-28,3.730000,3.980000,3.680000,3.930000,0.023438,983227.000000,3802780.950000,288152340.000000,612243260.000000,0.013410,10.309041,2008-09-30,2008-10-23,16.618810,4.291391,-37.615931,2.123121,1.923411
sz000019,2008-10-27,4.100000,4.100000,3.840000,3.840000,-0.100703,1459100.000000,5731853.500000,281553430.000000,598222420.000000,0.019900,10.072951,2008-09-30,2008-10-23,16.238219,4.193112,-36.754480,2.074499,1.879362
sz000019,2008-10-24,4.520000,4.600000,4.250000,4.270000,-0.042601,1545261.000000,6827816.450000,313081550.000000,665210870.000000,0.021075,11.200917,2008-09-30,2008-10-23,18.056570,4.662656,-40.870235,2.306801,2.089813
sz000019,2008-10-23,4.330000,4.500000,4.230000,4.460000,-0.002237,1069676.000000,4689294.510000,327012580.000000,694810410.000000,0.014589,11.699320,2008-09-30,2008-10-23,18.860026,4.870128,-42.688821,2.409446,2.182802
sz000019,2008-10-22,4.440000,4.670000,4.400000,4.470000,-0.019737,1834914.000000,8331477.160000,327745790.000000,696368280.000000,0.025026,11.725550,2008-06-30,2008-08-11,22.496994,4.761386,-58.824536,2.489061,2.187696
sz000019,2008-10-21,4.610000,4.750000,4.400000,4.560000,-0.006536,2148018.000000,9818745.290000,334344700.000000,710389120.000000,0.029296,11.961637,2008-06-30,2008-08-11,22.949957,4.857254,-60.008932,2.539177,2.231744
sz000019,2008-10-20,4.380000,4.600000,4.200000,4.590000,0.036117,1584612.000000,7012005.400000,336544340.000000,715062730.000000,0.021612,12.040333,2008-06-30,2008-08-11,23.100945,4.889209,-60.403731,2.555882,2.246427
sz000019,2008-10-17,4.410000,4.550000,4.290000,4.430000,0.011416,1076991.000000,4714058.420000,324812940.000000,690136800.000000,0.014689,11.620630,2008-06-30,2008-08-11,22.295691,4.718781,-58.298176,2.466789,2.168121
sz000019,2008-10-16,4.520000,4.650000,4.380000,4.380000,-0.100616,1604773.000000,7208885.770000,321146880.000000,682347450.000000,0.021887,11.489466,2008-06-30,2008-08-11,22.044037,4.665520,-57.640156,2.438946,2.143649
sz000019,2008-10-15,4.850000,4.890000,4.500000,4.870000,0.008282,2023946.000000,9393534.520000,357074270.000000,758683120.000000,0.027604,12.774818,2008-06-30,2008-08-11,24.510150,5.187461,-64.088482,2.711796,2.383463
sz000019,2008-10-14,5.020000,5.320000,4.800000,4.830000,-0.022267,3388011.000000,17073734.280000,354141420.000000,752451640.000000,0.046208,12.669886,2008-06-30,2008-08-11,24.308824,5.144852,-63.562061,2.689521,2.363886
sz000019,2008-10-13,4.500000,4.970000,4.480000,4.940000,0.071584,3161597.000000,14911784.110000,362206760.000000,769588210.000000,0.043120,12.958431,2008-06-30,2008-08-11,24.862436,5.262021,-65.009631,2.750773,2.417721
sz000019,2008-10-10,4.860000,4.860000,4.610000,4.610000,-0.099609,2685400.000000,12536437.150000,338010760.000000,718178480.000000,0.036625,12.092781,2008-06-30,2008-08-11,23.201574,4.910507,-60.666855,2.567016,2.256212
sz000019,2008-10-09,5.330000,5.400000,5.050000,5.120000,-0.033962,2504173.000000,12956744.710000,375404570.000000,797629890.000000,0.034153,13.430589,2008-06-30,2008-08-11,25.768332,5.453750,-67.378344,2.851001,2.505814
sz000019,2008-10-08,5.500000,5.680000,5.300000,5.300000,-0.100170,3921537.000000,21478298.720000,388602390.000000,825671570.000000,0.053484,13.902754,2008-06-30,2008-08-11,26.674243,5.645482,-69.747095,2.951231,2.593908
sz000019,2008-10-07,5.700000,6.000000,5.700000,5.890000,-0.069510,5929041.000000,34094642.590000,431861900.000000,917585950.000000,0.080864,15.450423,2008-06-30,2008-08-11,29.643647,6.273942,-77.511413,3.279765,2.882665
sz000019,2008-10-06,6.330000,6.330000,6.330000,6.330000,-0.099573,716900.000000,4537977.000000,464123230.000000,986132270.000000,0.009778,16.604609,2008-06-30,2008-08-11,31.858104,6.742622,-83.301716,3.524772,3.098007
sz000019,2008-09-26,6.980000,7.130000,6.810000,7.030000,-0.019526,1668119.000000,11636025.690000,515448080.000000,1095183230.000000,0.022751,18.440817,2008-06-30,2008-08-11,35.381107,7.488250,-92.513569,3.914556,3.440598
sz000019,2008-09-25,6.500000,7.320000,6.500000,7.170000,0.034632,2572498.000000,17832183.360000,525713050.000000,1116993420.000000,0.035085,18.808063,2008-06-30,2008-08-11,36.085716,7.637377,-94.355964,3.992514,3.509117
sz000019,2008-09-24,6.450000,7.120000,6.160000,6.930000,0.071097,2133100.000000,14711181.520000,508115960.000000,1079604520.000000,0.029093,18.178505,2008-06-30,2008-08-11,34.877828,7.381733,-91.197608,3.858873,3.391657
sz000019,2008-09-23,7.000000,7.000000,6.470000,6.470000,-0.100139,1042075.000000,6904595.000000,474388200.000000,1007942460.000000,0.014212,16.971857,2008-06-30,2008-08-11,32.562716,6.891750,-85.144117,3.602730,3.166526
sz000019,2008-09-22,7.280000,7.620000,6.820000,7.190000,0.033046,2340828.000000,16938595.020000,527179470.000000,1120109160.000000,0.031926,18.860532,2008-06-30,2008-08-11,36.186384,7.658683,-94.619188,4.003651,3.518906
sz000019,2008-09-19,6.790000,6.960000,6.700000,6.960000,0.099526,942145.000000,6502778.320000,510315590.000000,1084278130.000000,0.012850,18.257204,2008-06-30,2008-08-11,35.028822,7.413690,-91.592425,3.875579,3.406340
sz000019,2008-09-18,6.620000,6.750000,6.130000,6.330000,-0.070485,909398.000000,5751333.400000,464123230.000000,986132270.000000,0.012403,16.604613,2008-06-30,2008-08-11,31.858112,6.742624,-83.301736,3.524773,3.098008
sz000019,2008-09-17,6.850000,7.050000,6.760000,6.810000,-0.015896,785540.000000,5447229.970000,499317410.000000,1060910070.000000,0.010714,17.863739,2008-06-30,2008-08-11,34.273908,7.253916,-89.618496,3.792056,3.332929
sz000019,2008-09-16,7.000000,7.050000,6.700000,6.920000,-0.021216,828256.000000,5699327.460000,507382750.000000,1078046650.000000,0.011296,18.152288,2008-06-30,2008-08-11,34.827526,7.371087,-91.066082,3.853308,3.386766
sz000019,2008-09-12,7.070000,7.150000,6.920000,7.070000,0.015805,564852.000000,3974117.610000,518380930.000000,1101414710.000000,0.007704,18.545755,2008-06-30,2008-08-11,35.582443,7.530862,-93.040019,3.936832,3.460177
sz000019,2008-09-11,7.300000,7.380000,6.910000,6.960000,-0.053061,894759.000000,6299454.540000,510315590.000000,1084278130.000000,0.012203,18.257200,2008-06-30,2008-08-11,35.028813,7.413688,-91.592401,3.875578,3.406339
sz000019,2008-09-10,7.270000,7.390000,6.900000,7.350000,0.002729,1006545.000000,7257708.720000,538910860.000000,1145035100.000000,0.013728,19.280228,2008-06-30,2008-08-11,36.991626,7.829109,-96.724711,4.092743,3.597211
sz000019,2008-09-09,7.950000,7.950000,7.230000,7.330000,-0.087173,2105775.000000,15551864.960000,537444440.000000,1141919360.000000,0.028720,19.227755,2008-06-30,2008-08-11,36.890950,7.807801,-96.461468,4.081604,3.587421
sz000019,2008-09-08,8.600000,8.740000,8.030000,8.030000,-0.099776,1638389.000000,13341570.310000,588769280.000000,1250970320.000000,0.022345,21.063964,2008-06-30,2008-08-11,40.413956,8.553429,-105.673329,4.471389,3.930012
sz000019,2008-09-05,9.090000,9.430000,8.470000,8.920000,0.026467,3537981.000000,31776925.580000,654025160.000000,1389620820.000000,0.048253,23.398581,2008-06-30,2008-08-11,44.893222,9.501445,-117.385594,4.966974,4.365593
sz000019,2008-09-04,8.400000,8.690000,8.400000,8.690000,0.100000,374600.000000,3240838.900000,637161280.000000,1353789790.000000,0.005109,22.795259,2008-06-30,2008-08-11,43.735670,9.256455,-114.358858,4.838902,4.253028
sz000019,2008-09-03,8.080000,8.090000,7.830000,7.900000,-0.024691,261654.000000,2080486.640000,579237530.000000,1230718000.000000,0.003569,20.722963,2008-06-30,2008-08-11,39.759700,8.414959,-103.962598,4.399002,3.866389
sz000019,2008-09-02,8.200000,8.200000,7.900000,8.100000,0.004963,311585.000000,2512125.520000,593901770.000000,1261875410.000000,0.004250,21.247587,2008-06-30,2008-08-11,40.766260,8.627993,-106.594524,4.510368,3.964271
sz000019,2008-09-01,8.100000,8.380000,8.010000,8.060000,-0.047281,482035.000000,3936486.730000,590968920.000000,1255643930.000000,0.006574,21.142656,2008-06-30,2008-08-11,40.564936,8.585383,-106.068108,4.488093,3.944694
sz000019,2008-08-29,8.300000,8.800000,8.250000,8.460000,0.018051,1372390.000000,11741789.270000,620297400.000000,1317958760.000000,0.018718,22.191911,2008-06-30,2008-08-11,42.578070,9.011454,-111.331996,4.710826,4.140459
sz000019,2008-08-28,7.410000,8.310000,7.410000,8.310000,0.100662,836008.000000,6780927.350000,609299220.000000,1294590700.000000,0.011402,21.798428,2008-06-30,2008-08-11,41.823121,8.851672,-109.357975,4.627298,4.067045
sz000019,2008-08-27,7.680000,7.790000,7.360000,7.550000,-0.006579,291384.000000,2202960.480000,553575110.000000,1176192510.000000,0.003974,19.804834,2008-06-30,2008-08-11,37.998151,8.042135,-99.356546,4.204105,3.695089
sz000019,2008-08-26,8.080000,8.100000,7.460000,7.600000,-0.065191,382008.000000,2960553.480000,557241170.000000,1183981870.000000,0.005210,19.935993,2008-06-30,2008-08-11,38.249796,8.095395,-100.014542,4.231947,3.719560
sz000019,2008-08-25,8.090000,8.420000,8.010000,8.130000,0.007435,184431.000000,1516474.920000,596101400.000000,1266549030.000000,0.002515,21.326274,2008-06-30,2008-08-11,40.917232,8.659945,-106.989280,4.527071,3.978952
sz000019,2008-08-22,8.010000,8.120000,7.810000,8.070000,-0.003704,243756.000000,1938863.920000,591702130.000000,1257201800.000000,0.003324,21.168883,2008-06-30,2008-08-11,40.615257,8.596034,-106.199685,4.493661,3.949587
sz000019,2008-08-21,8.260000,8.450000,8.010000,8.100000,-0.041420,559664.000000,4582227.170000,593901770.000000,1261875410.000000,0.007633,21.247584,2008-06-30,2008-08-11,40.766255,8.627992,-106.594511,4.510367,3.964271
sz000019,2008-08-20,7.780000,8.480000,7.760000,8.450000,0.088918,637959.000000,5264519.410000,619564190.000000,1316400890.000000,0.008701,22.165687,2008-06-30,2008-08-11,42.527755,9.000805,-111.200433,4.705259,4.135566
sz000019,2008-08-19,7.640000,8.030000,7.500000,7.760000,0.015707,446973.000000,3474719.290000,568972560.000000,1208907800.000000,0.006096,20.355699,2008-06-30,2008-08-11,39.055057,8.265824,-102.120117,4.321041,3.797867
sz000019,2008-08-18,8.420000,8.450000,7.630000,7.640000,-0.092637,377503.000000,3026422.350000,560174010.000000,1190213350.000000,0.005149,20.040916,2008-06-30,2008-08-11,38.451106,8.138001,-100.540921,4.254220,3.739137
sz000019,2008-08-15,8.330000,8.600000,8.300000,8.420000,0.003576,241394.000000,2050398.870000,617364550.000000,1311727280.000000,0.003292,22.086989,2008-06-30,2008-08-11,42.376762,8.968848,-110.805621,4.688553,4.120883
sz000019,2008-08-14,8.500000,8.590000,8.310000,8.390000,-0.014101,239127.000000,2019008.040000,615164920.000000,1307053670.000000,0.003261,22.008287,2008-06-30,2008-08-11,42.225763,8.936890,-110.410792,4.671847,4.106199
sz000019,2008-08-13,8.620000,8.690000,8.220000,8.510000,-0.020713,355149.000000,3001468.150000,623963460.000000,1325748120.000000,0.004844,22.323065,2008-06-30,2008-08-11,42.829704,9.064711,-111.989962,4.738666,4.164929
sz000019,2008-08-12,8.660000,8.860000,8.520000,8.690000,-0.006857,209513.000000,1814884.280000,637161280.000000,1353789790.000000,0.002857,22.795222,2008-06-30,2008-08-11,43.735600,9.256440,-114.358674,4.838894,4.253022
sz000019,2008-08-11,9.800000,9.800000,8.740000,8.750000,-0.098867,948905.000000,8668012.930000,641560550.000000,1363137020.000000,0.012942,22.952608,2008-06-30,2008-08-11,44.037565,9.320349,-115.148245,4.872304,4.282386
sz000019,2008-08-08,10.080000,10.390000,9.630000,9.710000,-0.035750,686847.000000,6852897.190000,711948910.000000,1512692620.000000,0.009368,25.470833,2008-03-31,2008-04-19,40.559417,8.938871,206.656555,5.508250,4.752224
sz000019,2008-08-07,10.220000,10.440000,9.970000,10.070000,-0.014677,494100.000000,4994257.040000,738344540.000000,1568775980.000000,0.006739,26.415175,2008-03-31,2008-04-19,42.063175,9.270284,214.318439,5.712471,4.928415
sz000019,2008-08-06,10.270000,10.490000,10.180000,10.220000,-0.000978,204342.000000,2099268.270000,749342730.000000,1592144040.000000,0.002787,26.808646,2008-03-31,2008-04-19,42.689732,9.408370,217.510845,5.797561,5.001827
sz000019,2008-08-05,10.580000,10.600000,10.200000,10.230000,-0.017291,259901.000000,2690301.230000,750075940.000000,1593701910.000000,0.003545,26.834890,2008-03-31,2008-04-19,42.731524,9.417581,217.723779,5.803237,5.006723
sz000019,2008-08-04,10.720000,10.750000,10.410000,10.410000,-0.031628,279267.000000,2958796.110000,763273750.000000,1621743590.000000,0.003809,27.307057,2008-03-31,2008-04-19,43.483395,9.583285,221.554681,5.905346,5.094818
sz000019,2008-08-01,10.500000,10.800000,10.420000,10.750000,0.022835,358189.000000,3797852.150000,788202960.000000,1674711200.000000,0.004885,28.198933,2008-03-31,2008-04-19,44.903606,9.896285,228.790879,6.098221,5.261220
sz000019,2008-07-31,11.020000,11.130000,10.410000,10.510000,-0.046279,495768.000000,5349390.220000,770605880.000000,1637322290.000000,0.006762,27.569386,2008-03-31,2008-04-19,43.901124,9.675348,223.683076,5.962077,5.143762
sz000019,2008-07-29,11.350000,11.350000,10.900000,11.020000,-0.026502,497906.000000,5497186.210000,807999690.000000,1716773710.000000,0.006791,28.907181,2008-03-31,2008-04-19,46.031412,10.144842,234.537224,6.251385,5.393361
sz000019,2008-07-28,10.970000,11.390000,10.970000,11.320000,0.032847,610432.000000,6859094.810000,829996050.000000,1763509840.000000,0.008325,29.694135,2008-03-31,2008-04-19,47.284547,10.421019,240.922143,6.421569,5.540187
sz000019,2008-07-25,10.930000,11.180000,10.820000,10.960000,-0.022302,419780.000000,4628463.400000,803600420.000000,1707426480.000000,0.005725,28.749791,2008-03-31,2008-04-19,45.780785,10.089606,233.260244,6.217348,5.363996
sz000019,2008-07-24,11.340000,11.340000,11.060000,11.210000,0.019091,632567.000000,7074996.030000,821930720.000000,1746373260.000000,0.008627,29.405594,2008-03-31,2008-04-19,46.825078,10.319757,238.581079,6.359170,5.486353
sz000019,2008-07-23,11.000000,11.380000,10.820000,11.000000,0.000000,458308.000000,5047417.160000,806533270.000000,1713657970.000000,0.006251,28.854729,2008-03-31,2008-04-19,45.947887,10.126434,234.111653,6.240042,5.383575
sz000019,2008-07-22,11.070000,11.400000,11.000000,11.000000,-0.006323,545368.000000,6092016.900000,806533270.000000,1713657970.000000,0.007438,28.854729,2008-03-31,2008-04-19,45.947887,10.126434,234.111653,6.240042,5.383575
sz000019,2008-07-21,10.700000,11.080000,10.510000,11.070000,0.029767,604552.000000,6607930.720000,811665750.000000,1724563060.000000,0.008245,29.038338,2008-03-31,2008-04-19,46.240264,10.190870,235.601361,6.279748,5.417832
sz000019,2008-07-18,10.400000,10.790000,10.200000,10.750000,0.037645,505619.000000,5306881.550000,788202960.000000,1674711200.000000,0.006896,28.198940,2008-03-31,2008-04-19,44.903618,9.896288,228.790941,6.098223,5.261221
sz000019,2008-07-17,10.480000,10.600000,10.240000,10.360000,0.009747,339783.000000,3533413.700000,759607690.000000,1613954230.000000,0.004634,27.175903,2008-03-31,2008-04-19,43.274548,9.537258,220.490573,5.876984,5.070348
sz000019,2008-07-16,10.510000,10.650000,10.100000,10.260000,-0.044693,632513.000000,6568849.670000,752275570.000000,1598375520.000000,0.008627,26.913577,2008-03-31,2008-04-19,42.856823,9.445195,218.362197,5.820254,5.021404
sz000019,2008-07-15,11.590000,11.590000,10.700000,10.740000,-0.053744,803775.000000,8827928.080000,787469750.000000,1673153330.000000,0.010962,28.172699,2008-03-31,2008-04-19,44.861832,9.887079,228.578035,6.092548,5.256325
sz000019,2008-07-14,11.200000,11.400000,11.010000,11.350000,0.013393,455362.000000,5123138.610000,832195690.000000,1768183450.000000,0.006211,29.772809,2008-03-31,2008-04-19,47.409826,10.448630,241.560461,6.438583,5.554866
sz000019,2008-07-11,11.530000,11.600000,11.080000,11.200000,-0.026087,649172.000000,7310851.630000,821197510.000000,1744815390.000000,0.008854,29.379332,2008-03-31,2008-04-19,46.783258,10.310541,238.367998,6.353491,5.481453
sz000019,2008-07-10,11.900000,12.150000,11.500000,11.500000,-0.033613,930330.000000,10954972.440000,843193870.000000,1791551510.000000,0.012688,30.166279,2008-03-31,2008-04-19,48.036383,10.586716,244.752866,6.523674,5.628278
sz000019,2008-07-09,11.700000,12.040000,11.600000,11.900000,0.021459,1380288.000000,16275294.940000,872522350.000000,1853866350.000000,0.018825,31.215527,2008-03-31,2008-04-19,49.707191,10.954945,253.265892,6.750581,5.824041
sz000019,2008-07-08,11.800000,11.800000,11.400000,11.650000,-0.008511,749166.000000,8691973.640000,854192050.000000,1814919580.000000,0.010218,30.559745,2008-03-31,2008-04-19,48.662933,10.724801,247.945236,6.608764,5.701689
sz000019,2008-07-07,11.590000,11.860000,11.220000,11.750000,0.033421,908111.000000,10566789.020000,861524170.000000,1830498280.000000,0.012385,30.822072,2008-03-31,2008-04-19,49.080659,10.816864,250.073612,6.665494,5.750632
sz000019,2008-07-04,11.010000,11.950000,10.900000,11.370000,0.029891,1065735.000000,12240501.150000,833662110.000000,1771299190.000000,0.014535,29.825281,2008-03-31,2008-04-19,47.493382,10.467045,241.986192,6.449930,5.564656
sz000019,2008-07-03,10.690000,11.200000,10.350000,11.040000,0.032741,878389.000000,9630985.300000,809466110.000000,1719889450.000000,0.011980,28.959648,2008-03-31,2008-04-19,46.114960,10.163255,234.962915,6.262731,5.403150
sz000019,2008-07-02,10.480000,11.080000,10.310000,10.690000,0.043945,906437.000000,9810178.450000,783803690.000000,1665363970.000000,0.012363,28.041540,2008-03-31,2008-04-19,44.652977,9.841049,227.513883,6.064184,5.231854
sz000019,2008-07-01,10.440000,10.810000,10.210000,10.240000,-0.036689,364515.000000,3774495.950000,750809150.000000,1595259780.000000,0.004971,26.861128,2008-03-31,2008-04-19,42.773304,9.426789,217.936657,5.808911,5.011619
sz000019,2008-06-30,10.380000,10.970000,10.260000,10.630000,0.005676,542389.000000,5748864.290000,779404420.000000,1656016750.000000,0.007397,27.884170,2008-03-31,2008-04-19,44.402383,9.785821,226.237068,6.030151,5.202493
sz000019,2008-06-27,11.650000,11.700000,10.570000,10.570000,-0.099659,1812838.000000,19774635.220000,775005150.000000,1646669520.000000,0.024725,27.726793,2008-03-31,2008-04-19,44.151778,9.730590,224.960194,5.996117,5.173130
sz000019,2008-06-26,10.800000,11.740000,10.570000,11.740000,0.100281,2242513.000000,25760955.080000,860790960.000000,1828940410.000000,0.030585,30.795880,2008-03-31,2008-04-19,49.038950,10.807672,249.861102,6.659829,5.745745
sz000019,2008-06-25,10.190000,10.750000,10.100000,10.670000,0.046078,620570.000000,6547266.890000,782337270.000000,1662248230.000000,0.008464,27.989104,2008-03-31,2008-04-19,44.569478,9.822647,227.088446,6.052844,5.222071
sz000019,2008-06-24,9.920000,10.360000,9.880000,10.200000,0.020000,444846.000000,4496341.540000,747876300.000000,1589028300.000000,0.006067,26.756231,2008-03-31,2008-04-19,42.606267,9.389975,217.085576,5.786226,4.992047
sz000019,2008-06-23,10.570000,10.570000,9.900000,10.000000,-0.036609,446780.000000,4481571.710000,733212060.000000,1557870880.000000,0.006093,26.231599,2008-03-31,2008-04-19,41.770850,9.205858,212.828996,5.672771,4.894164
sz000019,2008-06-20,10.200000,10.950000,9.900000,10.380000,0.006790,647949.000000,6726783.150000,761074120.000000,1617069970.000000,0.008837,27.228403,2008-03-31,2008-04-19,43.358148,9.555682,220.916530,5.888337,5.080143
sz000019,2008-06-19,11.470000,11.470000,10.310000,10.310000,-0.100349,809617.000000,8714369.320000,755941630.000000,1606164880.000000,0.011042,27.044769,2008-03-31,2008-04-19,43.065732,9.491237,219.426623,5.848625,5.045881
sz000019,2008-06-18,11.110000,11.660000,10.850000,11.460000,0.032432,597648.000000,6764100.570000,840261020.000000,1785320030.000000,0.008151,30.061401,2008-03-31,2008-04-19,47.869376,10.549910,243.901939,6.500993,5.608710
sz000019,2008-06-17,10.910000,11.150000,10.820000,11.100000,0.013699,967291.000000,10625560.430000,813865390.000000,1729236680.000000,0.013193,29.117076,2008-03-31,2008-04-19,46.365645,10.218503,236.240196,6.296776,5.432522
sz000019,2008-06-16,11.330000,11.650000,10.810000,10.950000,-0.033539,532416.000000,5891960.910000,802867210.000000,1705868610.000000,0.007261,28.723591,2008-03-31,2008-04-19,45.739066,10.080412,233.047676,6.211682,5.359108
sz000019,2008-06-13,11.800000,11.970000,11.200000,11.330000,-0.039831,405514.000000,4682486.800000,830729260.000000,1765067710.000000,0.005531,29.720383,2008-03-31,2008-04-19,47.326344,10.430231,241.135107,6.427246,5.545084
sz000019,2008-06-12,11.510000,11.990000,11.510000,11.800000,0.008547,681627.000000,8013805.720000,865190230.000000,1838287640.000000,0.009296,30.953284,2008-03-31,2008-04-19,49.289598,10.862912,251.138192,6.693869,5.775113
sz000019,2008-06-11,12.100000,12.380000,11.650000,11.700000,-0.071429,1417131.000000,16837500.340000,857858110.000000,1822708930.000000,0.019328,30.690968,2008-03-31,2008-04-19,48.871890,10.770853,249.009904,6.637141,5.726171
sz000019,2008-06-10,13.550000,13.650000,12.600000,12.600000,-0.100000,941061.000000,12119038.510000,923847200.000000,1962917310.000000,0.012835,33.051827,2008-03-31,2008-04-19,52.631291,11.599386,268.164636,7.147694,6.166649
sz000019,2008-06-06,14.190000,14.390000,13.800000,14.000000,-0.013390,726008.000000,10185674.040000,1026496880.000000,2181019230.000000,0.009902,36.724252,2008-03-31,2008-04-19,58.479212,12.888206,297.960707,7.941882,6.851832
sz000019,2008-06-05,14.000000,14.280000,13.850000,14.190000,0.016476,763075.000000,10752884.010000,1040427910.000000,2210618780.000000,0.010407,37.222663,2008-03-31,2008-04-19,59.272876,13.063122,302.004548,8.049667,6.944823
sz000019,2008-06-04,14.100000,14.300000,13.690000,13.960000,0.004317,410890.000000,5694925.360000,1023564040.000000,2174787750.000000,0.005604,36.619323,2008-03-31,2008-04-19,58.312125,12.851382,297.109374,7.919191,6.832255
sz000019,2008-06-03,13.900000,14.050000,13.730000,13.900000,-0.007143,479610.000000,6646217.200000,1019164760.000000,2165440520.000000,0.006541,36.461917,2008-03-31,2008-04-19,58.061474,12.796141,295.832266,7.885150,6.802887
sz000019,2008-06-02,13.650000,14.450000,13.600000,14.000000,0.014493,777469.000000,10950557.700000,1026496880.000000,2181019230.000000,0.010604,36.724239,2008-03-31,2008-04-19,58.479190,12.888202,297.960598,7.941879,6.851830
sz000019,2008-05-30,13.600000,13.990000,13.600000,13.800000,0.002907,563012.000000,7767665.600000,1011832640.000000,2149861810.000000,0.007679,36.199598,2008-03-31,2008-04-19,57.643759,12.704081,293.703947,7.828422,6.753945
sz000019,2008-05-29,14.160000,14.160000,13.710000,13.760000,-0.028934,514519.000000,7147784.780000,1008899790.000000,2143630330.000000,0.007017,36.094671,2008-03-31,2008-04-19,57.476675,12.667258,292.852624,7.805731,6.734368
sz000019,2008-05-28,13.880000,14.260000,13.750000,14.170000,0.020893,589964.000000,8270152.160000,1038961490.000000,2207503040.000000,0.008046,37.170152,2008-03-31,2008-04-19,59.189257,13.044693,301.578497,8.038311,6.935026
sz000019,2008-05-27,13.510000,14.100000,13.500000,13.880000,0.018342,385648.000000,5296759.210000,1017698340.000000,2162324780.000000,0.005260,36.409449,2008-03-31,2008-04-19,57.977924,12.777728,295.406567,7.873804,6.793098
sz000019,2008-05-26,14.050000,14.050000,13.520000,13.630000,-0.029893,479533.000000,6577563.550000,999368040.000000,2123378010.000000,0.006540,35.753656,2008-03-31,2008-04-19,56.933647,12.547580,290.085813,7.731984,6.670743
sz000019,2008-05-23,13.850000,14.280000,13.510000,14.050000,0.010791,669872.000000,9391290.110000,1030162940.000000,2188808590.000000,0.009136,36.855373,2008-03-31,2008-04-19,58.688008,12.934223,299.024554,7.970238,6.876296
sz000019,2008-05-22,14.300000,14.300000,13.700000,13.900000,-0.012784,1095919.000000,15294920.340000,1019164760.000000,2165440520.000000,0.014947,36.461913,2008-03-31,2008-04-19,58.061466,12.796140,295.832229,7.885150,6.802886
sz000019,2008-05-21,13.750000,14.230000,13.400000,14.080000,0.024000,1130072.000000,15617684.660000,1032362580.000000,2193482200.000000,0.015413,36.934078,2008-03-31,2008-04-19,58.813336,12.961844,299.663122,7.987259,6.890980
sz000019,2008-05-20,14.980000,15.180000,13.660000,13.750000,-0.072200,1302190.000000,18818498.640000,1008166580.000000,2142072460.000000,0.017760,36.068436,2008-03-31,2008-04-19,57.434898,12.658051,292.639768,7.800057,6.729473
sz000019,2008-05-19,14.880000,15.230000,14.600000,14.820000,-0.019193,939435.000000,13842968.280000,1086620270.000000,2308764640.000000,0.012813,38.875227,2008-03-31,2008-04-19,61.904396,13.643081,315.412554,8.407046,7.253151
sz000019,2008-05-16,15.550000,15.880000,14.850000,15.110000,-0.040635,1751829.000000,26865123.340000,1107883420.000000,2353942900.000000,0.023893,39.635960,2008-03-31,2008-04-19,63.115777,13.910057,321.584730,8.571560,7.395084
sz000019,2008-05-15,15.000000,15.890000,15.000000,15.750000,0.055630,3280703.000000,50893659.030000,1154808990.000000,2453646640.000000,0.044744,41.314786,2008-03-31,2008-04-19,65.789118,14.499233,335.205818,8.934618,7.708312
sz000019,2008-05-14,14.400000,15.070000,14.400000,14.920000,0.026841,1336600.000000,19864143.100000,1093952390.000000,2324343350.000000,0.018229,39.137564,2008-03-31,2008-04-19,62.322137,13.735147,317.541012,8.463778,7.302096
sz000019,2008-05-13,14.260000,14.900000,14.120000,14.530000,-0.024832,1594099.000000,23219044.750000,1065357120.000000,2263586390.000000,0.021741,38.114531,2008-03-31,2008-04-19,60.693074,13.376119,309.240683,8.242540,7.111224
sz000019,2008-05-12,14.450000,15.220000,13.700000,14.900000,0.007437,2078167.000000,29825409.080000,1092485970.000000,2321227610.000000,0.028343,39.085093,2008-03-31,2008-04-19,62.238583,13.716732,317.115289,8.452431,7.292306
sz000019,2008-05-09,15.340000,15.500000,14.450000,14.790000,-0.019881,1888463.000000,28430053.150000,1084420640.000000,2304091030.000000,0.025756,38.796562,2008-03-31,2008-04-19,61.779132,13.615474,314.774313,8.390034,7.238474
sz000019,2008-05-08,14.680000,15.160000,14.520000,15.090000,0.012752,2239915.000000,33305226.360000,1106417000.000000,2350827160.000000,0.030549,39.583522,2008-03-31,2008-04-19,63.032276,13.891654,321.159281,8.560220,7.385301
sz000019,2008-05-07,14.610000,15.650000,14.610000,14.900000,0.000672,2084381.000000,31806649.500000,1092485970.000000,2321227610.000000,0.028428,39.085109,2008-03-31,2008-04-19,62.238609,13.716738,317.115425,8.452434,7.292309
sz000019,2008-05-06,15.250000,15.250000,14.800000,14.890000,-0.036246,2111742.000000,31668574.250000,1091752760.000000,2319669740.000000,0.028801,39.058862,2008-03-31,2008-04-19,62.196813,13.707527,316.902466,8.446758,7.287412
sz000019,2008-05-05,15.200000,15.570000,14.810000,15.450000,0.012451,2566291.000000,39123850.770000,1132812630.000000,2406910510.000000,0.035001,40.527833,2008-03-31,2008-04-19,64.535984,14.223056,328.820909,8.764434,7.561486
sz000019,2008-04-30,14.600000,15.620000,14.600000,15.260000,0.042350,3612441.000000,54761782.360000,1118881600.000000,2377310960.000000,0.049269,40.029427,2008-03-31,2008-04-19,63.742329,14.048142,324.777109,8.656650,7.468496
sz000019,2008-04-29,14.690000,15.430000,14.360000,14.640000,-0.011479,2155192.000000,32058209.510000,1073422460.000000,2280722970.000000,0.029394,38.403058,2008-03-31,2008-04-19,61.152520,13.477375,311.581627,8.304936,7.165056
sz000019,2008-04-28,14.100000,15.100000,13.900000,14.810000,0.020675,2484371.000000,36345869.390000,1085887060.000000,2307206770.000000,0.033883,38.849005,2008-03-31,2008-04-19,61.862641,13.633879,315.199806,8.401375,7.248258
sz000019,2008-04-25,14.000000,15.500000,13.650000,14.510000,0.015395,4043916.000000,58640555.010000,1063890700.000000,2260470650.000000,0.055153,38.062072,2008-03-31,2008-04-19,60.609539,13.357708,308.815054,8.231195,7.101436
sz000019,2008-04-24,14.050000,14.310000,13.480000,14.290000,0.098386,4500315.000000,63015102.880000,1047760030.000000,2226197490.000000,0.061378,37.484991,2008-03-31,2008-04-19,59.690602,13.155184,304.132928,8.106397,6.993767
sz000019,2008-04-23,12.290000,13.600000,12.120000,13.010000,0.044980,2746247.000000,35304057.220000,953908890.000000,2026790010.000000,0.037455,34.127338,2008-03-31,2008-04-19,54.343921,11.976832,276.890754,7.380281,6.367313
sz000019,2008-04-22,12.490000,12.900000,11.940000,12.450000,-0.061794,3319611.000000,40904780.590000,912849010.000000,1939549250.000000,0.045275,32.658365,2008-03-31,2008-04-19,52.004747,11.461302,264.972300,7.062605,6.093239
sz000019,2008-04-21,15.200000,15.990000,13.270000,13.270000,-0.099729,4426435.000000,63620323.180000,972972400.000000,2067294660.000000,0.060370,34.809376,2008-03-31,2008-04-19,55.429988,12.216189,282.424436,7.527777,6.494564
sz000019,2008-04-17,16.280000,16.500000,14.740000,14.740000,-0.100122,3645496.000000,55982996.470000,1080754580.000000,2296301680.000000,0.049720,38.665441,2007-12-31,2008-03-28,61.376313,13.948888,-1094.365780,8.376906,7.214010
sz000019,2008-04-16,16.600000,17.430000,16.080000,16.380000,-0.006068,4254818.000000,70861976.930000,1201001350.000000,2551792500.000000,0.058030,42.967426,2007-12-31,2008-03-28,68.205149,15.500865,-1216.126830,9.308936,8.016653
sz000019,2008-04-15,14.700000,16.480000,14.380000,16.480000,0.100134,4218601.000000,65635267.630000,1208333470.000000,2567371210.000000,0.057536,43.229744,2007-12-31,2008-03-28,68.621545,15.595499,-1223.551340,9.365767,8.065595
sz000019,2008-04-14,14.230000,15.310000,13.920000,14.980000,0.023923,3370823.000000,49708206.170000,1098351670.000000,2333690580.000000,0.045973,39.294980,2007-12-31,2008-03-28,62.375624,14.175999,-1112.183916,8.513297,7.331466
sz000019,2008-04-11,15.010000,15.150000,14.460000,14.630000,-0.038765,2842724.000000,42006631.810000,1072689240.000000,2279165100.000000,0.038771,38.376890,2007-12-31,2008-03-28,60.918276,13.844790,-1086.198782,8.314391,7.160173
sz000019,2008-04-10,14.490000,15.490000,14.100000,15.220000,0.016700,4435283.000000,65701890.080000,1115948760.000000,2371079480.000000,0.060491,39.924566,2007-12-31,2008-03-28,63.375008,14.403128,-1130.003363,8.649697,7.448931
sz000019,2008-04-09,15.010000,15.970000,14.700000,14.970000,0.030992,7381808.000000,113805560.200000,1097618450.000000,2332132710.000000,0.100678,39.268777,2007-12-31,2008-03-28,62.334030,14.166546,-1111.442277,8.507620,7.326577
sz000019,2008-04-08,14.100000,14.520000,13.810000,14.520000,0.100000,965961.000000,13798759.140000,1064623910.000000,2262028520.000000,0.013174,38.088343,2007-12-31,2008-03-28,60.460246,13.740695,-1078.031912,8.251877,7.106338
sz000019,2008-04-07,12.500000,13.200000,12.310000,13.200000,0.100000,1802670.000000,23414475.320000,967839920.000000,2056389560.000000,0.024586,34.625767,2007-12-31,2008-03-28,54.963860,12.491541,-980.029011,7.501707,6.460307
sz000019,2008-04-03,11.000000,12.000000,10.750000,12.000000,0.099908,1501187.000000,17932396.800000,879854470.000000,1869445060.000000,0.020474,31.477970,2007-12-31,2008-03-28,49.967146,11.355946,-890.935464,6.819733,5.873006
sz000019,2008-04-02,11.880000,12.230000,10.890000,10.910000,-0.070698,790673.000000,9036682.640000,799934360.000000,1699637130.000000,0.010784,28.618730,2007-12-31,2008-03-28,45.428477,10.324451,-810.009077,6.200276,5.339543
sz000019,2008-04-01,13.000000,13.280000,11.710000,11.740000,-0.097617,1057465.000000,12942661.540000,860790960.000000,1828940410.000000,0.014422,30.795941,2007-12-31,2008-03-28,48.884515,11.109898,-871.631695,6.671971,5.745757
sz000019,2008-03-31,13.370000,13.800000,12.900000,13.010000,-0.074021,559000.000000,7447878.800000,953908890.000000,2026790010.000000,0.007624,34.127351,2007-12-31,2008-03-28,54.172690,12.311733,-965.922114,7.393724,6.367315
sz000019,2008-03-28,13.700000,14.100000,12.900000,14.050000,0.021818,728645.000000,9812560.380000,1030162940.000000,2188808590.000000,0.009938,36.855426,2007-12-31,2008-03-28,58.503152,13.295909,-1043.136090,7.984765,6.876306
sz000019,2008-03-27,14.080000,14.400000,13.700000,13.750000,-0.051724,590403.000000,8235920.210000,1008166580.000000,2142072460.000000,0.008052,36.068484,2007-09-30,2007-10-23,50.140416,15.444187,-110.808509,8.560150,6.729482
sz000019,2008-03-26,14.920000,14.920000,14.310000,14.500000,0.002766,415163.000000,6046652.630000,1063157490.000000,2258912780.000000,0.005662,38.035850,2007-09-30,2007-10-23,52.875340,16.286595,-116.852592,9.027066,7.096544
sz000019,2008-03-25,14.270000,14.580000,13.600000,14.460000,-0.002759,593266.000000,8420211.250000,1060224640.000000,2252681290.000000,0.008091,37.930933,2007-09-30,2007-10-23,52.729490,16.241671,-116.530269,9.002166,7.076969
sz000019,2008-03-24,14.930000,15.110000,14.450000,14.500000,-0.011588,784071.000000,11467631.940000,1063157490.000000,2258912780.000000,0.010694,38.035874,2007-09-30,2007-10-23,52.875373,16.286605,-116.852666,9.027072,7.096548
sz000019,2008-03-21,14.660000,14.920000,14.200000,14.670000,0.000682,715688.000000,10504521.390000,1075622090.000000,2285396580.000000,0.009761,38.481802,2007-09-30,2007-10-23,53.495276,16.477547,-118.222630,9.132904,7.179747
sz000019,2008-03-20,13.700000,14.850000,12.900000,14.660000,0.050896,738681.000000,10276048.980000,1074888880.000000,2283838710.000000,0.010075,38.455575,2007-09-30,2007-10-23,53.458818,16.466317,-118.142057,9.126679,7.174854
sz000019,2008-03-19,13.710000,14.350000,13.580000,13.950000,0.037175,850321.000000,11882584.550000,1022830820.000000,2173229880.000000,0.011597,36.593131,2007-09-30,2007-10-23,50.869751,15.668836,-112.420313,8.684665,6.827368
sz000019,2008-03-18,14.970000,15.200000,13.450000,13.450000,-0.099732,1871284.000000,25919552.330000,986170220.000000,2095336330.000000,0.025522,35.281540,2007-09-30,2007-10-23,49.046449,15.107225,-108.390882,8.373384,6.582658
sz000019,2008-03-17,16.300000,16.300000,14.910000,14.940000,-0.085119,839402.000000,12965709.680000,1095418820.000000,2327459090.000000,0.011448,39.190041,2007-09-30,2007-10-23,54.479832,16.780809,-120.398461,9.300990,7.311887
sz000019,2008-03-14,16.030000,16.560000,16.030000,16.330000,0.001840,550424.000000,8952562.020000,1197335290.000000,2544003150.000000,0.007507,42.836217,2007-09-30,2007-10-23,59.548544,18.342067,-131.600133,10.166339,7.992173
sz000019,2008-03-13,17.300000,17.300000,16.030000,16.300000,-0.063218,754608.000000,12541241.540000,1195135660.000000,2539329530.000000,0.010292,42.757543,2007-09-30,2007-10-23,59.439176,18.308380,-131.358433,10.147667,7.977494
sz000019,2008-03-12,18.340000,18.340000,17.400000,17.400000,-0.022472,758813.000000,13465495.990000,1275788980.000000,2710695330.000000,0.010349,45.643002,2007-09-30,2007-10-23,63.450382,19.543906,-140.223054,10.832475,8.515849
sz000019,2008-03-11,17.500000,18.000000,17.460000,17.800000,0.002252,840215.000000,14908405.800000,1305117470.000000,2773010170.000000,0.011459,46.692271,2007-09-30,2007-10-23,64.909018,19.993193,-143.446586,11.081498,8.711617
sz000019,2008-03-10,18.800000,18.800000,17.660000,17.760000,-0.055319,707895.000000,12842255.650000,1302184620.000000,2766778680.000000,0.009655,46.587356,2007-09-30,2007-10-23,64.763171,19.948270,-143.124270,11.056599,8.692042
sz000019,2008-03-07,19.380000,19.380000,18.580000,18.800000,-0.037871,1018791.000000,19231814.610000,1378438670.000000,2928797250.000000,0.013895,49.315437,2007-09-30,2007-10-23,68.555598,21.116408,-151.505397,11.704055,9.201034
sz000019,2008-03-06,18.990000,19.970000,18.540000,19.540000,0.028963,1552953.000000,30046711.890000,1432696370.000000,3044079700.000000,0.021180,51.256574,2007-09-30,2007-10-23,71.254061,21.947585,-157.468902,12.164746,9.563202
sz000019,2008-03-05,19.080000,19.350000,18.250000,18.990000,-0.012480,1236296.000000,23245855.900000,1392369700.000000,2958396800.000000,0.016861,49.813817,2007-09-30,2007-10-23,69.248419,21.329810,-153.036505,11.822336,9.294019
sz000019,2008-03-04,19.350000,20.250000,19.010000,19.230000,-0.006202,1886435.000000,37020876.450000,1409966790.000000,2995785700.000000,0.025728,50.443350,2007-09-30,2007-10-23,70.123561,21.599370,-154.970538,11.971743,9.411475
sz000019,2008-03-03,19.100000,19.510000,18.600000,19.350000,0.010972,1707428.000000,32589739.800000,1418765340.000000,3014480150.000000,0.023287,50.758152,2007-09-30,2007-10-23,70.561181,21.734165,-155.937663,12.046456,9.470209
sz000019,2008-02-29,18.700000,19.300000,18.510000,19.140000,0.009494,1038941.000000,19695598.000000,1403367880.000000,2981764860.000000,0.014170,50.207278,2007-09-30,2007-10-23,69.795386,21.498286,-154.245284,11.915716,9.367429
sz000019,2008-02-28,19.000000,19.470000,18.660000,18.960000,-0.023184,1623165.000000,30875632.440000,1390170070.000000,2953723190.000000,0.022138,49.735093,2007-09-30,2007-10-23,69.138981,21.296101,-152.794651,11.803652,9.279331
sz000019,2008-02-27,19.710000,20.150000,18.810000,19.410000,-0.014721,3293074.000000,63756317.190000,1423164610.000000,3023827380.000000,0.044913,50.915518,2007-09-30,2007-10-23,70.779943,21.801548,-156.421119,12.083803,9.499570
sz000019,2008-02-26,19.090000,20.270000,18.850000,19.700000,0.068909,6604419.000000,130474202.000000,1444427760.000000,3069005630.000000,0.090075,51.676244,2007-09-30,2007-10-23,71.837462,22.127284,-158.758198,12.264347,9.641502
sz000019,2008-02-25,16.620000,18.430000,16.620000,18.430000,0.100299,2365593.000000,43155041.920000,1351309830.000000,2871156030.000000,0.032263,48.344849,2007-09-30,2007-10-23,67.206341,20.700812,-148.523586,11.473705,9.019947
sz000019,2008-02-22,17.510000,17.760000,16.700000,16.750000,-0.048295,910926.000000,15509696.090000,1228130200.000000,2609433720.000000,0.012424,43.937920,2007-09-30,2007-10-23,61.080071,18.813806,-134.984751,10.427807,8.197723
sz000019,2008-02-21,17.780000,17.800000,17.260000,17.600000,-0.010124,706013.000000,12381351.360000,1290453230.000000,2741852750.000000,0.009629,46.167583,2007-09-30,2007-10-23,64.179626,19.768527,-141.834655,10.956974,8.613723
sz000019,2008-02-20,18.200000,18.650000,17.780000,17.780000,-0.029476,882412.000000,16032781.240000,1303651040.000000,2769894420.000000,0.012035,46.639764,2007-09-30,2007-10-23,64.836026,19.970710,-143.285276,11.069037,8.701820
sz000019,2008-02-19,18.250000,18.390000,17.880000,18.320000,0.002188,830947.000000,15062366.000000,1343244490.000000,2854019450.000000,0.011333,48.056271,2007-09-30,2007-10-23,66.805175,20.577245,-147.637025,11.405217,8.966105
sz000019,2008-02-18,18.180000,18.460000,17.000000,18.280000,0.018384,795603.000000,14297587.000000,1340311650.000000,2847787970.000000,0.010851,47.951353,2007-09-30,2007-10-23,66.659324,20.532320,-147.314700,11.380317,8.946530
sz000019,2008-02-15,17.150000,17.980000,17.120000,17.950000,0.019886,589622.000000,10347046.000000,1316115650.000000,2796378230.000000,0.008042,47.085729,2007-09-30,2007-10-23,65.455981,20.161668,-144.655356,11.174878,8.785026
sz000019,2008-02-14,17.260000,17.780000,17.220000,17.600000,0.029842,467380.000000,8161349.000000,1290453230.000000,2741852750.000000,0.006374,46.167639,2007-09-30,2007-10-23,64.179704,19.768551,-141.834828,10.956987,8.613733
sz000019,2008-02-13,17.800000,17.800000,16.730000,17.090000,-0.023429,466855.000000,8056344.480000,1253059410.000000,2662401330.000000,0.006367,44.829828,2007-09-30,2007-10-23,62.319952,19.195712,-137.724844,10.639484,8.364131
sz000019,2008-02-05,17.280000,17.580000,16.880000,17.500000,0.021600,599463.000000,10339936.000000,1283121110.000000,2726274040.000000,0.008176,45.905344,2007-09-30,2007-10-23,63.815075,19.656238,-141.029012,10.894736,8.564796
sz000019,2008-02-04,16.200000,17.150000,16.200000,17.130000,0.084864,725399.000000,12216005.000000,1255992260.000000,2668632820.000000,0.009893,44.934753,2007-09-30,2007-10-23,62.465814,19.240641,-138.047193,10.664386,8.383708
sz000019,2008-02-01,16.550000,16.550000,14.880000,15.790000,-0.032475,882565.000000,13838278.000000,1157741840.000000,2459878120.000000,0.012037,41.419711,2007-09-30,2007-10-23,57.579396,17.735532,-127.248386,9.830159,7.727888
sz000019,2008-01-31,16.860000,16.950000,16.230000,16.320000,-0.032028,552362.000000,9169860.000000,1196602080.000000,2542445280.000000,0.007533,42.809964,2007-09-30,2007-10-23,59.512050,18.330826,-131.519481,10.160109,7.987275
sz000019,2008-01-30,17.100000,17.280000,16.440000,16.860000,0.000593,600605.000000,10115693.000000,1236195530.000000,2626570300.000000,0.008191,44.226449,2007-09-30,2007-10-23,61.481169,18.937351,-135.871163,10.496284,8.251556
sz000019,2008-01-29,16.660000,17.190000,16.090000,16.850000,0.014449,737535.000000,12319570.000000,1235462320.000000,2625012430.000000,0.010059,44.200238,2007-09-30,2007-10-23,61.444732,18.926128,-135.790639,10.490063,8.246665
sz000019,2008-01-28,18.300000,18.450000,16.610000,16.610000,-0.099729,1317200.000000,22252131.000000,1217865230.000000,2587623530.000000,0.017965,43.570686,2007-09-30,2007-10-23,60.569562,18.656560,-133.856546,10.340651,8.129206
sz000019,2008-01-25,18.510000,18.820000,18.110000,18.450000,-0.011784,963957.000000,17780615.000000,1352776250.000000,2874271770.000000,0.013147,48.397300,2007-09-30,2007-10-23,67.279255,20.723271,-148.684725,11.486153,9.029733
sz000019,2008-01-24,18.380000,18.850000,18.010000,18.670000,0.023575,1265991.000000,23352376.000000,1368906920.000000,2908544930.000000,0.017266,48.974414,2007-09-30,2007-10-23,68.081528,20.970386,-150.457718,11.623120,9.137408
sz000019,2008-01-23,18.010000,18.610000,17.500000,18.240000,0.020134,1511070.000000,27328530.000000,1337378800.000000,2841556490.000000,0.020609,47.846435,2007-09-30,2007-10-23,66.513473,20.487395,-146.992373,11.355416,8.926955
sz000019,2008-01-22,19.510000,19.520000,17.880000,17.880000,-0.100151,1438252.000000,26097007.000000,1310983160.000000,2785473130.000000,0.019616,46.902108,2007-09-30,2007-10-23,65.200721,20.083043,-144.091240,11.131299,8.750767
sz000019,2008-01-21,20.720000,20.790000,19.800000,19.870000,-0.028362,1158644.000000,23591118.000000,1456892360.000000,3095489440.000000,0.015802,52.122198,2007-09-30,2007-10-23,72.457403,22.318237,-160.128244,12.370185,9.724706
sz000019,2008-01-18,20.530000,20.950000,20.000000,20.450000,-0.008725,1145737.000000,23334726.000000,1499418660.000000,3185845950.000000,0.015626,53.643639,2007-09-30,2007-10-23,74.572426,22.969704,-164.802369,12.731270,10.008569
sz000019,2008-01-17,21.600000,21.900000,19.900000,20.630000,-0.049309,1733631.000000,35894882.000000,1512616480.000000,3213887630.000000,0.023644,54.115799,2007-09-30,2007-10-23,75.228797,23.171879,-166.252925,12.843328,10.096662
sz000019,2008-01-16,22.630000,22.630000,21.650000,21.700000,-0.041519,1445091.000000,32060391.000000,1591070170.000000,3380579810.000000,0.019709,56.922595,2007-09-30,2007-10-23,79.130650,24.373722,-174.875880,13.509466,10.620341
sz000019,2008-01-15,22.010000,22.850000,21.900000,22.640000,0.023971,1888320.000000,42263263.000000,1659992100.000000,3527019670.000000,0.025754,59.388340,2007-09-30,2007-10-23,82.558392,25.429531,-182.451066,14.094662,11.080387
sz000019,2008-01-14,21.900000,22.990000,21.700000,22.110000,0.006372,2478955.000000,55709300.000000,1621131860.000000,3444452520.000000,0.033810,57.998068,2007-09-30,2007-10-23,80.625713,24.834230,-178.179915,13.764708,10.820997
sz000019,2008-01-11,20.670000,22.140000,20.120000,21.970000,0.061353,2318016.000000,49017547.000000,1610866900.000000,3422642320.000000,0.031615,57.630844,2007-09-30,2007-10-23,80.115219,24.676988,-177.051742,13.677555,10.752482
sz000019,2008-01-10,21.000000,21.110000,20.470000,20.700000,-0.014286,1778239.000000,36846439.000000,1517748960.000000,3224792720.000000,0.024253,54.299413,2007-09-30,2007-10-23,75.484046,23.250500,-166.817017,12.886905,10.130920
sz000019,2008-01-09,20.850000,21.270000,20.080000,21.000000,0.005747,1921018.000000,39611537.000000,1539745330.000000,3271528850.000000,0.026200,55.086377,2007-09-30,2007-10-23,76.578040,23.587471,-169.234704,13.073675,10.277748
sz000019,2008-01-08,21.880000,21.990000,20.820000,20.880000,-0.042202,1587314.000000,33950896.000000,1530946780.000000,3252834400.000000,0.021649,54.771604,2007-09-30,2007-10-23,76.140461,23.452688,-168.267670,12.998970,10.219019
sz000019,2008-01-07,21.990000,22.180000,21.260000,21.800000,-0.003201,1770434.000000,38215409.000000,1598402290.000000,3396158520.000000,0.024146,57.184922,2007-09-30,2007-10-23,79.495323,24.486048,-175.681793,13.571724,10.669284
sz000019,2008-01-04,22.000000,22.310000,21.780000,21.870000,-0.014865,1204426.000000,26467686.000000,1603534780.000000,3407063610.000000,0.016427,57.368559,2007-09-30,2007-10-23,79.750604,24.564680,-176.245956,13.615307,10.703546
sz000019,2008-01-03,21.450000,22.350000,21.010000,22.200000,0.032078,1981275.000000,43292747.000000,1627730770.000000,3458473350.000000,0.027022,58.234211,2007-09-30,2007-10-23,80.953985,24.935344,-178.905385,13.820752,10.865056
sz000019,2008-01-02,21.200000,22.100000,21.190000,21.510000,0.015101,1424266.000000,30869211.000000,1577139140.000000,3350980260.000000,0.019425,56.424234,2007-09-30,2007-10-23,78.437856,24.160329,-173.344829,13.391189,10.527359
sz000019,2007-12-28,21.700000,21.780000,21.000000,21.190000,-0.030650,1669445.000000,35815768.000000,1553676360.000000,3301128390.000000,0.022769,55.584847,2007-09-30,2007-10-23,77.270987,23.800911,-170.766091,13.191977,10.370750
sz000019,2007-12-27,20.510000,21.990000,20.130000,21.860000,0.069472,3775971.000000,79444308.000000,1602801560.000000,3405505740.000000,0.051499,57.342391,2007-09-30,2007-10-23,79.714228,24.553475,-176.165565,13.609096,10.698664
sz000019,2007-12-26,20.250000,20.670000,19.790000,20.440000,0.006401,2108962.000000,42513052.000000,1498685450.000000,3184288080.000000,0.028763,53.617478,2007-09-30,2007-10-23,74.536059,22.958502,-164.721998,12.725061,10.003688
sz000019,2007-12-25,20.760000,20.760000,20.100000,20.310000,-0.021205,1934166.000000,39331096.000000,1489153690.000000,3164035760.000000,0.026379,53.276455,2007-09-30,2007-10-23,74.061988,22.812479,-163.674319,12.644126,9.940062
sz000019,2007-12-24,20.480000,21.220000,20.320000,20.750000,0.018155,2116449.000000,43989362.000000,1521415020.000000,3232582080.000000,0.028865,54.430658,2007-09-30,2007-10-23,75.666496,23.306698,-167.220224,12.918053,10.155407
sz000019,2007-12-21,20.330000,20.580000,20.030000,20.380000,-0.001470,1489950.000000,30211060.000000,1494286180.000000,3174940850.000000,0.020321,53.460090,2007-09-30,2007-10-23,74.317266,22.891110,-164.238474,12.687708,9.974323
sz000019,2007-12-20,20.100000,20.700000,19.900000,20.410000,0.030288,2215798.000000,45129850.000000,1496485810.000000,3179614470.000000,0.030220,53.538792,2007-09-30,2007-10-23,74.426673,22.924809,-164.480260,12.706386,9.989007
sz000019,2007-12-19,19.600000,19.810000,19.350000,19.810000,0.029091,1258946.000000,24695999.000000,1452493090.000000,3086142210.000000,0.017170,51.964879,2007-09-30,2007-10-23,72.238707,22.250875,-159.644935,12.332849,9.695354
sz000019,2007-12-18,19.880000,20.080000,19.200000,19.250000,-0.023834,843000.000000,16454058.000000,1411433220.000000,2998901440.000000,0.011497,50.495903,2007-09-30,2007-10-23,70.196617,21.621873,-155.131990,11.984216,9.421280
sz000019,2007-12-17,20.000000,20.410000,19.500000,19.720000,-0.009045,1879096.000000,37850969.000000,1445894180.000000,3072121380.000000,0.025628,51.728807,2007-09-30,2007-10-23,71.910533,22.149791,-158.919682,12.276822,9.651309
sz000019,2007-12-14,19.250000,19.980000,18.530000,19.900000,0.018945,2159239.000000,41448966.000000,1459092000.000000,3100163050.000000,0.029449,52.200965,2007-09-30,2007-10-23,72.566901,22.351965,-160.370230,12.388879,9.739402
sz000019,2007-12-13,19.710000,20.500000,19.530000,19.530000,-0.021543,1982461.000000,39700135.000000,1431963150.000000,3042521830.000000,0.027038,51.230405,2007-09-30,2007-10-23,71.217682,21.936380,-157.388505,12.158536,9.558320
sz000019,2007-12-12,19.900000,20.300000,19.410000,19.960000,-0.006471,2266179.000000,44930147.000000,1463491270.000000,3109510280.000000,0.030908,52.358361,2007-09-30,2007-10-23,72.785704,22.419360,-160.853778,12.426234,9.768768
sz000019,2007-12-11,20.330000,20.840000,19.800000,20.090000,0.009548,5836884.000000,118136297.000000,1473023030.000000,3129762600.000000,0.079607,52.699379,2007-09-30,2007-10-23,73.259768,22.565381,-161.901442,12.507168,9.832394
sz000019,2007-12-10,17.780000,19.900000,17.610000,19.900000,0.100055,4810372.000000,93730419.000000,1459092000.000000,3100163050.000000,0.065607,52.200964,2007-09-30,2007-10-23,72.566899,22.351964,-160.370227,12.388879,9.739402
sz000019,2007-12-07,17.550000,18.350000,17.240000,18.090000,0.028425,2001001.000000,35829209.000000,1326380620.000000,2818188420.000000,0.027291,47.453049,2007-09-30,2007-10-23,65.966610,20.318951,-145.783827,11.262054,8.853559
sz000019,2007-12-06,17.280000,17.700000,17.070000,17.590000,0.031067,1901450.000000,32981990.000000,1289720010.000000,2740294880.000000,0.025933,46.141478,2007-09-30,2007-10-23,64.143336,19.757349,-141.754456,10.950778,8.608852
sz000019,2007-12-05,16.890000,17.180000,16.680000,17.060000,0.024010,2082208.000000,35396181.000000,1250859770.000000,2657727720.000000,0.028398,44.751193,2007-09-30,2007-10-23,62.210638,19.162042,-137.483264,10.620821,8.349460
sz000019,2007-12-04,16.500000,16.940000,16.380000,16.660000,0.015854,850559.000000,14183703.000000,1221531290.000000,2595412890.000000,0.011600,43.701910,2007-09-30,2007-10-23,60.751983,18.712749,-134.259688,10.371794,8.153690
sz000019,2007-12-03,16.400000,16.700000,16.080000,16.400000,0.000610,593664.000000,9782376.000000,1202467780.000000,2554908240.000000,0.008097,43.019873,2007-09-30,2007-10-23,59.803852,18.420707,-132.164355,10.209926,8.026438
sz000019,2007-11-30,17.000000,17.040000,16.220000,16.390000,-0.040398,1508144.000000,24852840.000000,1201734570.000000,2553350370.000000,0.020569,42.993647,2007-09-30,2007-10-23,59.767394,18.409477,-132.083784,10.203702,8.021545
sz000019,2007-11-29,16.660000,17.180000,16.420000,17.080000,0.039562,1111362.000000,18732242.000000,1252326200.000000,2660843460.000000,0.015157,44.803623,2007-09-30,2007-10-23,62.283524,19.184492,-137.644340,10.633265,8.359242
sz000019,2007-11-28,16.600000,16.880000,16.300000,16.430000,-0.004242,723064.000000,11953714.000000,1204667410.000000,2559581860.000000,0.009862,43.098558,2007-09-30,2007-10-23,59.913237,18.454399,-132.406090,10.228601,8.041119
sz000019,2007-11-27,16.580000,16.950000,16.380000,16.500000,-0.011976,776279.000000,12924688.000000,1209799900.000000,2570486950.000000,0.010587,43.282161,2007-09-30,2007-10-23,60.168471,18.533016,-132.970149,10.272175,8.075375
sz000019,2007-11-26,16.670000,16.880000,16.310000,16.700000,0.007238,1597221.000000,26550282.000000,1224464140.000000,2601644370.000000,0.021784,43.806791,2007-09-30,2007-10-23,60.897783,18.757658,-134.581902,10.396686,8.173258
sz000019,2007-11-23,16.090000,16.580000,15.820000,16.580000,0.042767,1255111.000000,20266633.000000,1215665600.000000,2582949920.000000,0.017118,43.491996,2007-09-30,2007-10-23,60.460172,18.622866,-133.614798,10.321975,8.114525
sz000019,2007-11-22,17.010000,17.380000,15.870000,15.900000,-0.098128,2542951.000000,42198102.000000,1165807180.000000,2477014700.000000,0.034682,41.708259,2007-09-30,2007-10-23,57.980520,17.859086,-128.134855,9.898640,7.781724
sz000019,2007-11-21,18.180000,18.820000,17.600000,17.630000,-0.043407,2183557.000000,39803798.000000,1292652860.000000,2746526360.000000,0.029781,46.246318,2007-09-30,2007-10-23,64.289078,19.802240,-142.076542,10.975660,8.628413
sz000019,2007-11-20,18.250000,18.990000,17.600000,18.430000,0.008206,3213754.000000,59631482.000000,1351309830.000000,2871156030.000000,0.043831,48.344821,2007-09-30,2007-10-23,67.206302,20.700800,-148.523502,11.473699,9.019941
sz000019,2007-11-19,17.550000,18.480000,17.300000,18.280000,0.046365,1963603.000000,35525111.000000,1340311650.000000,2847787970.000000,0.026781,47.951333,2007-09-30,2007-10-23,66.659296,20.532312,-147.314638,11.380312,8.946526
sz000019,2007-11-16,17.060000,17.950000,17.050000,17.470000,0.005178,1480535.000000,25998544.000000,1280921470.000000,2721600430.000000,0.020192,45.826583,2007-09-30,2007-10-23,63.705587,19.622514,-140.787046,10.876044,8.550101
sz000019,2007-11-15,17.600000,17.600000,17.030000,17.380000,-0.023596,1926247.000000,33396899.000000,1274322560.000000,2707579590.000000,0.026271,45.590515,2007-09-30,2007-10-23,63.377418,19.521432,-140.061806,10.820018,8.506056
sz000019,2007-11-14,16.980000,18.000000,16.650000,17.800000,0.063957,2723332.000000,47445207.000000,1305117470.000000,2773010170.000000,0.037142,46.692266,2007-09-30,2007-10-23,64.909011,19.993191,-143.446571,11.081497,8.711616
sz000019,2007-11-13,17.120000,17.720000,16.310000,16.730000,-0.022780,2284562.000000,38930547.000000,1226663780.000000,2606317980.000000,0.031158,43.885482,2007-09-30,2007-10-23,61.007175,18.791353,-134.823655,10.415362,8.187940
sz000019,2007-11-12,17.850000,18.100000,16.600000,17.120000,-0.057788,2249811.000000,38621210.000000,1255259050.000000,2667074950.000000,0.030684,44.908498,2007-09-30,2007-10-23,62.429315,19.229398,-137.966533,10.658155,8.378809
sz000019,2007-11-09,17.630000,18.510000,17.600000,18.170000,0.025974,2053048.000000,37137821.000000,1332246310.000000,2830651390.000000,0.028001,47.662838,2007-09-30,2007-10-23,66.258247,20.408781,-146.428333,11.311843,8.892700
sz000019,2007-11-08,18.480000,18.740000,17.660000,17.710000,-0.041667,1882185.000000,34069237.000000,1298518560.000000,2758989330.000000,0.025670,46.456185,2007-09-30,2007-10-23,64.580824,19.892104,-142.721290,11.025468,8.667569
sz000019,2007-11-07,19.380000,19.680000,17.800000,18.480000,-0.044961,2558443.000000,47687366.000000,1354975890.000000,2878945390.000000,0.034894,48.476036,2007-09-30,2007-10-23,67.388710,20.756985,-148.926616,11.504840,9.044423
sz000019,2007-11-06,18.600000,19.970000,18.600000,19.350000,0.040323,2793773.000000,54188403.000000,1418765340.000000,3014480150.000000,0.038103,50.758174,2007-09-30,2007-10-23,70.561212,21.734175,-155.937732,12.046461,9.470213
sz000019,2007-11-05,18.000000,19.190000,18.000000,18.600000,0.016393,2520665.000000,47280202.000000,1363774430.000000,2897639840.000000,0.034378,48.790784,2007-09-30,2007-10-23,67.826254,20.891757,-149.893573,11.579539,9.103147
sz000019,2007-11-02,19.510000,19.740000,18.160000,18.300000,-0.093162,5526790.000000,103662449.000000,1341778070.000000,2850903710.000000,0.075378,48.003856,2007-09-30,2007-10-23,66.732312,20.554802,-147.475999,11.392777,8.956326
sz000019,2007-11-01,21.610000,21.850000,20.180000,20.180000,-0.086878,4372964.000000,91635360.000000,1479621940.000000,3143783440.000000,0.059641,52.935427,2007-09-30,2007-10-23,73.587908,22.666454,-162.626621,12.563189,9.876434
sz000019,2007-10-31,20.960000,22.790000,20.480000,22.100000,0.063523,6267277.000000,135441244.000000,1620398650.000000,3442894640.000000,0.085477,57.971910,2007-09-30,2007-10-23,80.589350,24.823029,-178.099554,13.758500,10.816117
sz000019,2007-10-30,20.000000,21.500000,19.300000,20.780000,-0.010476,6068930.000000,124491003.000000,1523614660.000000,3237255690.000000,0.082772,54.509315,2007-09-30,2007-10-23,75.775841,23.340378,-167.461873,12.936721,10.170083
sz000019,2007-10-26,19.980000,22.450000,18.650000,21.000000,0.025892,12599590.000000,254873638.000000,1539745330.000000,3271528850.000000,0.171841,55.086400,2007-09-30,2007-10-23,76.578073,23.587481,-169.234777,13.073681,10.277752
sz000019,2007-10-25,21.300000,21.900000,20.470000,20.470000,-0.099824,7950334.000000,167785778.000000,1500885090.000000,3188961690.000000,0.108432,53.696101,2007-09-30,2007-10-23,74.645355,22.992168,-164.963541,12.743720,10.018357
sz000019,2007-10-24,25.270000,25.490000,22.740000,22.740000,-0.100119,8804342.000000,209191754.000000,1667324220.000000,3542598380.000000,0.120079,59.650669,2007-09-30,2007-10-23,82.923068,25.541858,-183.256986,14.156921,11.129331
sz000019,2007-10-23,25.270000,25.270000,24.500000,25.270000,0.100131,15935356.000000,402325664.000000,1852826880.000000,3936739710.000000,0.217336,66.287286,2007-09-30,2007-10-23,92.148926,28.383595,-203.645800,15.731992,12.367559
sz000019,2007-10-22,22.970000,22.970000,22.970000,22.970000,0.100096,113764.000000,2613159.000000,1684188100.000000,3578429410.000000,0.001552,60.253993,2007-06-30,2007-08-21,89.654815,27.937256,-169.158347,14.382947,11.241897
sz000019,2007-10-19,20.880000,20.880000,20.880000,20.880000,0.100105,221580.000000,4626590.000000,1530946780.000000,3252834400.000000,0.003022,54.771577,2007-06-30,2007-08-21,81.497265,25.395289,-153.766896,13.074265,10.219014
sz000019,2007-10-18,18.980000,18.980000,18.980000,18.980000,0.100290,70766.000000,1343138.000000,1391636490.000000,2956838930.000000,0.000965,49.787591,2007-06-30,2007-08-21,74.081351,23.084423,-139.774745,11.884561,9.289126
sz000019,2007-10-17,17.250000,17.250000,17.250000,17.250000,0.100128,31945.000000,551051.000000,1264790800.000000,2687327270.000000,0.000436,45.249517,2007-06-30,2007-08-21,67.328933,20.980308,-127.034459,10.801299,8.442435
sz000019,2007-10-16,15.680000,15.680000,15.680000,15.680000,0.100351,39962.000000,626604.000000,1149676510.000000,2442741540.000000,0.000545,41.131138,2007-06-30,2007-08-21,61.200999,19.070788,-115.472435,9.818220,7.674048
sz000019,2007-10-15,14.250000,14.250000,14.250000,14.250000,0.100386,22208.000000,316464.000000,1044827190.000000,2219966000.000000,0.000303,37.380016,2007-06-30,2007-08-21,55.619524,17.331550,-104.941455,8.922808,6.974181
sz000019,2007-10-12,12.950000,12.950000,12.950000,12.950000,0.100255,72276.000000,935974.000000,949509620.000000,2017442790.000000,0.000986,33.969912,2007-06-30,2007-08-21,50.545467,15.750427,-95.367857,8.108798,6.337941
sz000019,2007-04-30,10.810000,11.770000,10.810000,11.770000,0.100000,3308899.000000,38467932.000000,648742390.000000,1833614030.000000,0.060033,30.874581,2007-03-31,2007-04-14,57.601462,19.966504,-110.819184,7.727241,5.760429
sz000019,2007-04-27,10.530000,10.950000,10.400000,10.700000,0.016144,5171618.000000,55520045.000000,589765810.000000,1666921840.000000,0.093828,28.067801,2007-03-31,2007-04-14,52.364965,18.151368,-100.744713,7.024765,5.236754
sz000019,2007-04-26,10.650000,10.800000,10.310000,10.530000,0.002857,4015638.000000,42264463.000000,580395700.000000,1640438040.000000,0.072855,27.621874,2007-03-31,2007-04-14,51.533016,17.862987,-99.144130,6.913159,5.153555
sz000019,2007-04-25,9.970000,10.580000,9.700000,10.500000,0.052104,7337281.000000,75194829.000000,578742150.000000,1635764420.000000,0.133119,27.543183,2007-03-31,2007-04-14,51.386206,17.812098,-98.861682,6.893464,5.138873
sz000019,2007-04-24,10.000000,10.370000,9.820000,9.980000,0.001003,4124510.000000,41657169.000000,550080630.000000,1554755140.000000,0.074830,26.179145,2007-03-31,2007-04-14,48.841375,16.929979,-93.965693,6.552075,4.884377
sz000019,2007-04-23,9.520000,10.090000,9.520000,9.970000,0.048370,4543683.000000,45042557.000000,549529450.000000,1553197270.000000,0.082435,26.152913,2007-03-31,2007-04-14,48.792436,16.913015,-93.871540,6.545510,4.879483
sz000019,2007-04-20,9.210000,9.600000,9.210000,9.510000,0.046205,3163786.000000,29915561.000000,524175030.000000,1481535210.000000,0.057400,24.946263,2007-03-31,2007-04-14,46.541236,16.132677,-89.540468,6.243511,4.654352
sz000019,2007-04-19,10.010000,10.130000,9.090000,9.090000,-0.100000,4923201.000000,46893866.000000,501025350.000000,1416104630.000000,0.089321,23.844526,2007-03-31,2007-04-14,44.485771,15.420188,-85.585968,5.967770,4.448796
sz000019,2007-04-18,9.710000,10.220000,9.500000,10.100000,0.032720,6286070.000000,62603522.000000,556694830.000000,1573449590.000000,0.114047,26.493918,2007-03-31,2007-04-14,49.428635,17.133542,-95.095520,6.630856,4.943106
sz000019,2007-04-17,9.600000,9.800000,9.270000,9.780000,0.027311,5245031.000000,49874719.000000,539056970.000000,1523597720.000000,0.095160,25.654503,2007-03-31,2007-04-14,47.862572,16.590694,-92.082578,6.420768,4.786492
sz000019,2007-04-16,9.370000,9.580000,9.150000,9.520000,0.003161,4807631.000000,45211288.000000,524726220.000000,1483093080.000000,0.087224,24.972479,2007-03-31,2007-04-14,46.590148,16.149632,-89.634569,6.250072,4.659244
sz000019,2007-04-13,9.500000,9.850000,9.350000,9.490000,0.004233,4941856.000000,47852505.000000,523072670.000000,1478419470.000000,0.089659,24.893790,2006-09-30,2006-10-23,222.665864,17.361527,79.042654,7.009674,4.644562
sz000019,2007-04-12,9.180000,9.500000,9.100000,9.450000,0.027174,3832550.000000,35704400.000000,520867940.000000,1472187980.000000,0.069533,24.788859,2006-09-30,2006-10-23,221.727292,17.288346,78.709477,6.980127,4.624985
sz000019,2007-04-11,9.070000,9.200000,8.980000,9.200000,0.002179,3136506.000000,28452081.000000,507088360.000000,1433241210.000000,0.056905,24.133067,2006-09-30,2006-10-23,215.861472,16.830981,76.627209,6.795467,4.502630
sz000019,2007-04-10,9.300000,9.420000,8.880000,9.180000,-0.015021,2190297.000000,20070401.000000,505985990.000000,1430125470.000000,0.039738,24.080595,2006-09-30,2006-10-23,215.392133,16.794386,76.460601,6.780692,4.492840
sz000019,2007-04-09,9.410000,9.500000,9.300000,9.320000,-0.012712,3307858.000000,30987808.000000,513702560.000000,1451935660.000000,0.060014,24.447826,2006-09-30,2006-10-23,218.676878,17.050501,77.626631,6.884098,4.561356
sz000019,2007-04-06,9.380000,9.600000,9.160000,9.440000,-0.001058,2298224.000000,21519034.000000,520316750.000000,1470630110.000000,0.041696,24.762608,2006-09-30,2006-10-23,221.492491,17.270038,78.626126,6.972735,4.620087
sz000019,2007-04-05,8.900000,9.480000,8.880000,9.450000,0.052339,3506863.000000,32257925.000000,520867940.000000,1472187980.000000,0.063624,24.788835,2006-09-30,2006-10-23,221.727078,17.288329,78.709401,6.980120,4.624980
sz000019,2007-04-04,8.980000,9.110000,8.820000,8.980000,0.000000,2063710.000000,18478175.000000,494962330.000000,1398968050.000000,0.037441,23.555940,2006-09-30,2006-10-23,210.699288,16.428479,74.794720,6.632958,4.394953
sz000019,2007-04-03,8.900000,9.060000,8.850000,8.980000,-0.002222,1705530.000000,15227124.000000,494962330.000000,1398968050.000000,0.030943,23.555940,2006-09-30,2006-10-23,210.699288,16.428479,74.794720,6.632958,4.394953
sz000019,2007-04-02,8.800000,9.000000,8.690000,9.000000,0.026226,1692793.000000,14995673.000000,496064700.000000,1402083790.000000,0.030712,23.608398,2006-09-30,2006-10-23,211.168504,16.465064,74.961284,6.647729,4.404740
sz000019,2007-03-30,8.720000,8.830000,8.510000,8.770000,0.005734,1156422.000000,10095415.000000,483387490.000000,1366252760.000000,0.020981,23.005067,2006-09-30,2006-10-23,205.771930,16.044287,73.045590,6.477841,4.292173
sz000019,2007-03-29,8.990000,9.140000,8.650000,8.720000,-0.023516,2508125.000000,22067323.000000,480631580.000000,1358463410.000000,0.045504,22.873908,2006-09-30,2006-10-23,204.598760,15.952813,72.629135,6.440909,4.267702
sz000019,2007-03-28,9.300000,9.380000,8.600000,8.930000,-0.047974,4342645.000000,39114400.000000,492206420.000000,1391178700.000000,0.078788,23.424765,2006-09-30,2006-10-23,209.525973,16.336994,74.378213,6.596021,4.370479
sz000019,2007-03-27,9.060000,9.650000,9.060000,9.380000,0.035320,5331941.000000,50128362.000000,517009650.000000,1461282890.000000,0.096736,24.605174,2006-09-30,2006-10-23,220.084297,17.160239,78.126241,6.928405,4.590714
sz000019,2007-03-26,8.890000,9.150000,8.670000,9.060000,0.031891,3774118.000000,33846008.000000,499371800.000000,1411431020.000000,0.068473,23.765767,2006-09-30,2006-10-23,212.576109,16.574817,75.460960,6.692042,4.434101
sz000019,2007-03-23,8.600000,8.800000,8.450000,8.780000,0.000000,2974078.000000,25648697.000000,483938670.000000,1367810630.000000,0.053958,23.031277,2006-09-30,2006-10-23,206.006360,16.062566,73.128809,6.485221,4.297063
sz000019,2007-03-22,9.000000,9.140000,8.710000,8.780000,-0.024444,2378854.000000,21193494.000000,483938670.000000,1367810630.000000,0.043159,23.031277,2006-09-30,2006-10-23,206.006360,16.062566,73.128809,6.485221,4.297063
sz000019,2007-03-21,8.880000,9.000000,8.730000,9.000000,0.011236,1963138.000000,17362554.000000,496064700.000000,1402083790.000000,0.035617,23.608359,2006-09-30,2006-10-23,211.168155,16.465037,74.961160,6.647718,4.404733
sz000019,2007-03-20,8.850000,9.040000,8.600000,8.900000,0.001125,3718989.000000,32756043.000000,490552870.000000,1386505080.000000,0.067473,23.346043,2006-09-30,2006-10-23,208.821833,16.282091,74.128255,6.573854,4.355791
sz000019,2007-03-19,8.110000,9.080000,8.010000,8.890000,0.055819,5387843.000000,47035391.000000,490001690.000000,1384947210.000000,0.097751,23.319808,2006-09-30,2006-10-23,208.587172,16.263795,74.044954,6.566467,4.350896
sz000019,2007-03-16,8.370000,8.580000,8.180000,8.420000,0.007177,3641246.000000,30682926.000000,464096090.000000,1311727280.000000,0.066062,22.086938,2006-09-30,2006-10-23,197.559593,15.403961,70.130348,6.219311,4.120873
sz000019,2007-03-15,8.160000,8.590000,8.160000,8.360000,0.027027,3348404.000000,28136717.000000,460788990.000000,1302380060.000000,0.060749,21.929549,2006-09-30,2006-10-23,196.151812,15.294194,69.630609,6.174993,4.091509
sz000019,2007-03-14,8.130000,8.360000,7.900000,8.140000,-0.010936,3846404.000000,31442506.000000,448662960.000000,1268106900.000000,0.069785,21.352456,2006-09-30,2006-10-23,190.989927,14.891716,67.798227,6.012494,3.983837
sz000019,2007-03-13,8.200000,8.520000,8.150000,8.230000,-0.002424,4664074.000000,38906543.000000,453623610.000000,1282127730.000000,0.084619,21.588549,2006-09-30,2006-10-23,193.101687,15.056373,68.547866,6.078973,4.027886
sz000019,2007-03-12,7.710000,8.250000,7.710000,8.250000,0.057692,4482478.000000,36030766.000000,454725980.000000,1285243480.000000,0.081325,21.641007,2006-09-30,2006-10-23,193.570903,15.092958,68.714430,6.093745,4.037674
sz000019,2007-03-09,7.900000,7.950000,7.700000,7.800000,-0.012658,1897880.000000,14795410.000000,429922740.000000,1215139290.000000,0.034433,20.460594,2006-09-30,2006-10-23,183.012543,14.269710,64.966389,5.761360,3.817438
sz000019,2007-03-08,7.960000,7.960000,7.780000,7.900000,0.003812,1609068.000000,12630847.000000,435434570.000000,1230718000.000000,0.029193,20.722904,2006-09-30,2006-10-23,185.358815,14.452651,65.799276,5.835223,3.866379
sz000019,2007-03-07,7.790000,7.930000,7.750000,7.870000,0.007682,1538472.000000,12070466.000000,433781020.000000,1226044380.000000,0.027912,20.644209,2006-09-30,2006-10-23,184.654910,14.397767,65.549402,5.813063,3.851696
sz000019,2007-03-06,7.890000,7.910000,7.700000,7.810000,-0.018844,1249700.000000,9745666.000000,430473920.000000,1216697160.000000,0.022673,20.486829,2006-09-30,2006-10-23,183.247205,14.288007,65.049690,5.768748,3.822333
sz000019,2007-03-05,8.150000,8.150000,7.600000,7.960000,-0.019704,3243377.000000,25605557.000000,438741670.000000,1240065220.000000,0.058844,20.880297,2006-09-30,2006-10-23,186.766636,14.562421,66.299029,5.879542,3.895744
sz000019,2007-03-02,7.980000,8.260000,7.900000,8.120000,0.013733,3644872.000000,29693418.000000,447560600.000000,1264991150.000000,0.066128,21.299992,2006-09-30,2006-10-23,190.520655,14.855126,67.631643,5.997721,3.974049
sz000019,2007-03-01,7.800000,8.220000,7.370000,8.010000,0.026923,5406264.000000,43150974.000000,441497580.000000,1247854570.000000,0.098085,21.011442,2006-09-30,2006-10-23,187.939679,14.653885,66.715440,5.916470,3.920213
sz000019,2007-02-28,7.350000,7.850000,7.140000,7.800000,0.037234,3232432.000000,24409996.000000,429922740.000000,1215139290.000000,0.058645,20.460582,2006-09-30,2006-10-23,183.012435,14.269701,64.966351,5.761357,3.817436
sz000019,2007-02-27,8.290000,8.290000,7.520000,7.520000,-0.100478,4424604.000000,35090384.000000,414489620.000000,1171518900.000000,0.080275,19.726100,2006-09-30,2006-10-23,176.442765,13.757456,62.634228,5.554539,3.680400
sz000019,2007-02-26,8.470000,8.490000,8.020000,8.360000,0.056890,6141016.000000,50463274.000000,460788990.000000,1302380060.000000,0.111415,21.929536,2006-09-30,2006-10-23,196.151696,15.294185,69.630568,6.174990,4.091506
sz000019,2007-02-16,7.500000,7.980000,7.460000,7.910000,0.061745,6210827.000000,48258297.000000,435985750.000000,1232275870.000000,0.112682,20.749119,2006-09-30,2006-10-23,185.593293,14.470934,65.882512,5.842604,3.871270
sz000019,2007-02-15,7.400000,7.600000,7.400000,7.450000,0.006757,2116111.000000,15849085.000000,410631340.000000,1160613810.000000,0.038392,19.542469,2006-09-30,2006-10-23,174.800252,13.629387,62.051163,5.502832,3.646139
sz000019,2007-02-14,7.390000,7.400000,7.260000,7.400000,0.012312,2070747.000000,15203841.000000,407875420.000000,1152824450.000000,0.037569,19.411307,2006-09-30,2006-10-23,173.627054,13.537912,61.634697,5.465899,3.621667
sz000019,2007-02-13,7.150000,7.330000,7.130000,7.310000,0.022378,1900924.000000,13703713.000000,402914770.000000,1138803610.000000,0.034488,19.175222,2006-09-30,2006-10-23,171.515357,13.373260,60.885080,5.399421,3.577619
sz000019,2007-02-12,7.100000,7.180000,7.010000,7.150000,0.007042,1029517.000000,7319002.000000,394095850.000000,1113877680.000000,0.018678,18.755511,2006-09-30,2006-10-23,167.761196,13.080544,59.552416,5.281237,3.499312
sz000019,2007-02-09,7.030000,7.270000,7.020000,7.100000,0.004243,1297543.000000,9263204.000000,391339930.000000,1106088320.000000,0.023541,18.624358,2006-09-30,2006-10-23,166.588083,12.989075,59.135981,5.244307,3.474842
sz000019,2007-02-08,6.960000,7.070000,6.860000,7.070000,0.015805,1330797.000000,9289040.000000,389686380.000000,1101414710.000000,0.024144,18.545669,2006-09-30,2006-10-23,165.884236,12.934195,58.886127,5.222149,3.460161
sz000019,2007-02-07,7.000000,7.280000,6.850000,6.960000,-0.014164,1465033.000000,10383664.000000,383623370.000000,1084278130.000000,0.026580,18.257115,2006-09-30,2006-10-23,163.303229,12.732951,57.969912,5.140898,3.406324
sz000019,2007-02-06,6.960000,7.070000,6.860000,7.060000,0.011461,1571124.000000,11015144.000000,389135200.000000,1099856840.000000,0.028505,18.519424,2006-09-30,2006-10-23,165.649488,12.915891,58.802795,5.214759,3.455264
sz000019,2007-02-05,6.430000,7.060000,6.430000,6.980000,0.085537,2731204.000000,18652418.000000,384725730.000000,1087393870.000000,0.049552,18.309578,2006-09-30,2006-10-23,163.772492,12.769540,58.136493,5.155670,3.416112
sz000019,2007-02-02,6.700000,6.700000,6.400000,6.430000,-0.041729,1720173.000000,11209387.000000,354410670.000000,1001710980.000000,0.031209,16.866839,2006-09-30,2006-10-23,150.867720,11.763339,53.555515,4.749419,3.146933
sz000019,2007-02-01,6.720000,6.790000,6.350000,6.710000,-0.004451,1913388.000000,12612757.000000,369843790.000000,1045331360.000000,0.034714,17.601325,2006-09-30,2006-10-23,157.437426,12.275587,55.887650,4.956238,3.283970
sz000019,2007-01-31,7.350000,7.470000,6.700000,6.740000,-0.089189,3159682.000000,22330614.000000,371497340.000000,1050004970.000000,0.057325,17.680019,2006-09-30,2006-10-23,158.141313,12.330470,56.137519,4.978397,3.298652
sz000019,2007-01-30,7.710000,7.710000,7.310000,7.400000,-0.041451,3660278.000000,27510921.000000,407875420.000000,1152824450.000000,0.066408,19.411292,2006-09-30,2006-10-23,173.626925,13.537902,61.634651,5.465895,3.621664
sz000019,2007-01-29,7.590000,7.890000,7.450000,7.720000,0.017128,4887085.000000,37748216.000000,425513280.000000,1202676320.000000,0.088665,20.250704,2006-09-30,2006-10-23,181.135158,14.123328,64.299949,5.702259,3.778278
sz000019,2007-01-26,7.310000,7.600000,7.030000,7.590000,0.031250,4252621.000000,31316500.000000,418347900.000000,1182424000.000000,0.077154,19.909691,2006-09-30,2006-10-23,178.084920,13.885497,63.217165,5.606235,3.714653
sz000019,2007-01-25,7.630000,7.680000,7.250000,7.360000,-0.031579,3994334.000000,29967121.000000,405670690.000000,1146592970.000000,0.072468,19.306367,2006-09-30,2006-10-23,172.688407,13.464724,61.301493,5.436349,3.602088
sz000019,2007-01-24,7.250000,7.690000,7.050000,7.600000,0.064426,4697316.000000,34421001.000000,418899080.000000,1183981870.000000,0.085222,19.935924,2006-09-30,2006-10-23,178.319560,13.903792,63.300459,5.613622,3.719548
sz000019,2007-01-23,7.300000,7.390000,6.820000,7.140000,-0.028571,3599158.000000,25473384.000000,393544660.000000,1112319810.000000,0.065299,18.729272,2006-09-30,2006-10-23,167.526498,13.062244,59.469102,5.273849,3.494416
sz000019,2007-01-22,7.260000,7.480000,7.100000,7.350000,0.013793,3662172.000000,26770233.000000,405119510.000000,1145035100.000000,0.066442,19.280124,2006-09-30,2006-10-23,172.453672,13.446422,61.218166,5.428960,3.597192
sz000019,2007-01-19,6.810000,7.360000,6.810000,7.250000,0.075668,5406519.000000,38802694.000000,399607680.000000,1129456390.000000,0.098089,19.017811,2006-09-30,2006-10-23,170.107381,13.263479,60.385272,5.355097,3.548251
sz000019,2007-01-18,6.550000,6.740000,6.410000,6.740000,0.036923,3029456.000000,19961722.000000,371497340.000000,1050004970.000000,0.054963,17.680001,2006-09-30,2006-10-23,158.141156,12.330458,56.137463,4.978392,3.298649
sz000019,2007-01-17,6.680000,6.750000,6.440000,6.500000,-0.035608,4119676.000000,27190726.000000,358268950.000000,1012616070.000000,0.074742,17.050447,2006-09-30,2006-10-23,152.510028,11.891392,54.138507,4.801120,3.181189
sz000019,2007-01-16,6.800000,6.950000,6.500000,6.740000,0.005970,6321432.000000,42690593.000000,371497340.000000,1050004970.000000,0.114688,17.679997,2006-09-30,2006-10-23,158.141117,12.330455,56.137449,4.978391,3.298648
sz000019,2007-01-15,6.310000,6.710000,6.220000,6.700000,0.066879,4741630.000000,31093577.000000,369292610.000000,1043773490.000000,0.086026,17.575074,2006-09-30,2006-10-23,157.202617,12.257279,55.804297,4.948846,3.279072
sz000019,2007-01-12,6.220000,6.720000,6.150000,6.280000,0.019481,5901980.000000,38063599.000000,346142920.000000,978342910.000000,0.107078,16.473352,2006-09-30,2006-10-23,147.348122,11.488912,52.306117,4.638620,3.073518
sz000019,2007-01-11,5.930000,6.240000,5.880000,6.160000,0.035294,4325098.000000,26438365.000000,339528730.000000,959648460.000000,0.078469,16.158567,2006-09-30,2006-10-23,144.532485,11.269373,51.306612,4.549982,3.014787
sz000019,2007-01-10,6.000000,6.010000,5.710000,5.950000,-0.009983,3333078.000000,19638449.000000,327953890.000000,926933170.000000,0.060471,15.607709,2006-09-30,2006-10-23,139.605257,10.885191,49.557529,4.394869,2.912010
sz000019,2007-01-09,5.900000,6.190000,5.800000,6.010000,0.039792,7415349.000000,43966097.000000,331260980.000000,936280400.000000,0.134535,15.765092,2006-09-30,2006-10-23,141.012990,10.994954,50.057251,4.439186,2.941374
sz000019,2007-01-08,5.470000,5.800000,5.440000,5.780000,0.047101,4757049.000000,27028756.000000,318583770.000000,900449370.000000,0.086306,15.161774,2006-09-30,2006-10-23,135.616536,10.574186,48.141600,4.269302,2.828810
sz000019,2007-01-05,5.350000,5.520000,5.180000,5.520000,0.027933,2174123.000000,11544662.000000,304253020.000000,859944730.000000,0.039445,14.479763,2006-09-30,2006-10-23,129.516194,10.098535,45.976081,4.077259,2.701564
sz000019,2007-01-04,5.530000,5.570000,5.300000,5.370000,-0.023636,2529632.000000,13669031.250000,295985270.000000,836576660.000000,0.045895,14.086291,2006-09-30,2006-10-23,125.996728,9.824118,44.726729,3.966463,2.628152
sz000019,2006-12-29,5.430000,5.530000,5.310000,5.500000,-0.012567,2427305.000000,13165020.000000,303150650.000000,856828980.000000,0.044038,14.427294,2006-09-30,2006-10-23,129.046880,10.061942,45.809482,4.062484,2.691774
sz000019,2006-12-27,5.680000,5.680000,5.510000,5.570000,-0.029617,2333850.000000,13007265.000000,307008930.000000,867734080.000000,0.042343,14.610910,2006-09-30,2006-10-23,130.689251,10.189999,46.392496,4.114187,2.726032
sz000019,2006-12-26,5.500000,5.800000,5.490000,5.740000,0.043636,6297408.000000,35793905.000000,316379040.000000,894217890.000000,0.114253,15.056848,2006-09-30,2006-10-23,134.678010,10.501008,47.808439,4.239756,2.809233
sz000019,2006-12-25,5.500000,5.570000,5.420000,5.500000,0.000000,1318170.000000,7273055.000000,303150650.000000,856828980.000000,0.023915,14.427299,2006-09-30,2006-10-23,129.046919,10.061945,45.809496,4.062485,2.691775
sz000019,2006-12-22,5.420000,5.550000,5.320000,5.500000,0.001821,987408.000000,5377275.000000,303150650.000000,856828980.000000,0.017914,14.427299,2006-09-30,2006-10-23,129.046919,10.061945,45.809496,4.062485,2.691775
sz000019,2006-12-21,5.450000,5.690000,5.440000,5.490000,0.003656,1739681.000000,9636560.000000,302599470.000000,855271110.000000,0.031563,14.401074,2006-09-30,2006-10-23,128.812351,10.043655,45.726228,4.055101,2.686882
sz000019,2006-12-20,5.400000,5.500000,5.320000,5.470000,0.007366,1104330.000000,5988239.000000,301497100.000000,852155370.000000,0.020036,14.348616,2006-09-30,2006-10-23,128.343129,10.007069,45.559662,4.040330,2.677095
sz000019,2006-12-19,5.550000,5.570000,5.310000,5.430000,-0.021622,1935958.000000,10455599.000000,299292370.000000,845923890.000000,0.035124,14.243697,2006-09-30,2006-10-23,127.404666,9.933896,45.226524,4.010786,2.657520
sz000019,2006-12-18,5.560000,5.630000,5.510000,5.550000,0.000000,1666232.000000,9258091.000000,305906570.000000,864618340.000000,0.030230,14.558480,2006-09-30,2006-10-23,130.220289,10.153434,46.226023,4.099424,2.716250
sz000019,2006-12-15,5.540000,5.570000,5.450000,5.550000,0.007260,1483413.000000,8168637.000000,305906570.000000,864618340.000000,0.026913,14.558480,2006-09-30,2006-10-23,130.220289,10.153434,46.226023,4.099424,2.716250
sz000019,2006-12-14,5.620000,5.650000,5.400000,5.510000,-0.019573,1913252.000000,10501057.000000,303701830.000000,858386850.000000,0.034712,14.453547,2006-09-30,2006-10-23,129.281704,10.080251,45.892841,4.069877,2.696673
sz000019,2006-12-13,5.850000,5.940000,5.500000,5.620000,-0.044218,2228742.000000,12587696.000000,309764850.000000,875523430.000000,0.040436,14.742094,2006-09-30,2006-10-23,131.862652,10.281491,46.809034,4.151127,2.750508
sz000019,2006-12-12,5.680000,5.990000,5.670000,5.880000,0.035211,3948236.000000,23059703.000000,324095600.000000,916028080.000000,0.071632,15.424118,2006-09-30,2006-10-23,137.963104,10.757150,48.974592,4.343173,2.877757
sz000019,2006-12-11,5.600000,5.710000,5.520000,5.680000,0.021583,1803905.000000,10205548.000000,313071940.000000,884870660.000000,0.032728,14.899492,2006-09-30,2006-10-23,133.270516,10.391264,47.308802,4.195447,2.779875
sz000019,2006-12-08,5.400000,5.630000,5.220000,5.560000,0.029630,2515356.000000,13891830.000000,306457750.000000,866176210.000000,0.045636,14.584710,2006-09-30,2006-10-23,130.454908,10.171727,46.309308,4.106810,2.721144
sz000019,2006-12-07,5.420000,5.520000,5.390000,5.400000,-0.014599,1243032.000000,6757345.000000,297638820.000000,841250280.000000,0.022552,14.165001,2006-09-30,2006-10-23,126.700764,9.879012,44.976650,3.988627,2.642837
sz000019,2006-12-06,5.630000,5.750000,5.370000,5.480000,-0.046957,1641181.000000,9096997.000000,302048280.000000,853713240.000000,0.029776,14.374860,2006-09-30,2006-10-23,128.577873,10.025373,45.642992,4.047720,2.681991
sz000019,2006-12-05,5.550000,5.800000,5.500000,5.750000,0.036036,2574450.000000,14527299.000000,316930230.000000,895775760.000000,0.046708,15.083118,2006-09-30,2006-10-23,134.912982,10.519329,47.891850,4.247153,2.814135
sz000019,2006-12-04,5.420000,5.580000,5.400000,5.550000,0.023985,2061309.000000,11366497.070000,305906570.000000,864618340.000000,0.037398,14.558488,2006-09-30,2006-10-23,130.220361,10.153439,46.226048,4.099426,2.716252
sz000019,2006-12-01,5.580000,5.620000,5.380000,5.420000,-0.028674,1896515.000000,10306781.000000,298741190.000000,844366020.000000,0.034408,14.217482,2006-09-30,2006-10-23,127.170184,9.915613,45.143286,4.003405,2.652629
sz000019,2006-11-30,5.480000,5.630000,5.410000,5.580000,0.018248,1983321.000000,10960170.000000,307560110.000000,869291950.000000,0.035983,14.637188,2006-09-30,2006-10-23,130.924307,10.208327,46.475937,4.121587,2.730935
sz000019,2006-11-29,5.500000,5.550000,5.400000,5.480000,-0.009042,911931.000000,4980541.000000,302048280.000000,853713240.000000,0.016545,14.374876,2006-09-30,2006-10-23,128.578016,10.025384,45.643043,4.047724,2.681994
sz000019,2006-11-28,5.500000,5.610000,5.450000,5.530000,0.005455,923062.000000,5106163.000000,304804200.000000,861502600.000000,0.016747,14.506039,2006-09-30,2006-10-23,129.751226,10.116860,46.059513,4.084658,2.706466
sz000019,2006-11-27,5.540000,5.670000,5.390000,5.500000,-0.007220,935114.000000,5195329.000000,303150650.000000,856828980.000000,0.016966,14.427338,2006-09-30,2006-10-23,129.047273,10.061972,45.809622,4.062497,2.691783
sz000019,2006-11-24,5.300000,5.680000,5.260000,5.540000,0.035514,2446215.000000,13450375.000000,305355380.000000,863060470.000000,0.044381,14.532261,2006-09-30,2006-10-23,129.985771,10.135148,46.142772,4.092041,2.711359
sz000019,2006-11-23,5.180000,5.380000,5.140000,5.350000,0.028846,1425964.000000,7513811.000000,294882910.000000,833460920.000000,0.025871,14.033863,2006-09-30,2006-10-23,125.527777,9.787553,44.560259,3.951700,2.618370
sz000019,2006-11-22,5.060000,5.200000,4.960000,5.200000,0.021611,1192206.000000,6089489.000000,286615160.000000,810092860.000000,0.021630,13.640392,2006-09-30,2006-10-23,122.008325,9.513137,43.310913,3.840906,2.544958
sz000019,2006-11-21,5.200000,5.200000,5.050000,5.090000,-0.021154,596112.000000,3041457.000000,280552150.000000,792956280.000000,0.010815,13.351845,2006-09-30,2006-10-23,119.427380,9.311898,42.394721,3.759656,2.491122
sz000019,2006-11-20,5.080000,5.240000,5.080000,5.200000,0.025641,566069.000000,2914142.000000,286615160.000000,810092860.000000,0.010270,13.640394,2006-09-30,2006-10-23,122.008344,9.513138,43.310920,3.840906,2.544958
sz000019,2006-11-17,5.050000,5.130000,5.020000,5.070000,0.000000,590055.000000,2990038.000000,279449780.000000,789840540.000000,0.010705,13.299384,2006-09-30,2006-10-23,118.958139,9.275310,42.228148,3.744884,2.481334
sz000019,2006-11-16,5.170000,5.190000,5.070000,5.070000,-0.019342,947214.000000,4840783.000000,279449780.000000,789840540.000000,0.017185,13.299384,2006-09-30,2006-10-23,118.958139,9.275310,42.228148,3.744884,2.481334
sz000019,2006-11-15,5.180000,5.240000,5.080000,5.170000,-0.009579,929621.000000,4775802.000000,284961610.000000,805419240.000000,0.016866,13.561695,2006-09-30,2006-10-23,121.304409,9.458252,43.061034,3.818746,2.530275
sz000019,2006-11-14,5.170000,5.220000,5.050000,5.220000,0.009671,456093.000000,2345722.000000,287717530.000000,813208600.000000,0.008275,13.692859,2006-09-30,2006-10-23,122.477622,9.549729,43.477505,3.855679,2.554747
sz000019,2006-11-13,5.330000,5.420000,5.150000,5.170000,-0.031835,567999.000000,2974443.000000,284961610.000000,805419240.000000,0.010305,13.561703,2006-09-30,2006-10-23,121.304486,9.458258,43.061062,3.818748,2.530277
sz000019,2006-11-10,5.550000,5.550000,5.280000,5.340000,-0.036101,669012.000000,3630849.000000,294331720.000000,831903050.000000,0.012138,14.007637,2006-09-30,2006-10-23,125.293195,9.769262,44.476987,3.944316,2.613477
sz000019,2006-11-09,5.430000,5.590000,5.420000,5.540000,0.022140,1176809.000000,6512205.000000,305355380.000000,863060470.000000,0.021351,14.532266,2006-09-30,2006-10-23,129.985813,10.135151,46.142787,4.092042,2.711359
sz000019,2006-11-08,5.350000,5.450000,5.250000,5.420000,0.009311,1004381.000000,5395822.000000,298741190.000000,844366020.000000,0.018222,14.217491,2006-09-30,2006-10-23,127.170263,9.915620,45.143314,4.003407,2.652630
sz000019,2006-11-07,5.270000,5.390000,5.150000,5.370000,0.011299,1211170.000000,6375214.000000,295985270.000000,836576660.000000,0.021974,14.086333,2006-09-30,2006-10-23,125.997104,9.824147,44.726863,3.966475,2.628159
sz000019,2006-11-06,5.280000,5.400000,5.230000,5.310000,-0.005618,641660.000000,3406752.000000,292678170.000000,827229440.000000,0.011642,13.928950,2006-09-30,2006-10-23,124.589369,9.714384,44.227140,3.922159,2.598796
sz000019,2006-11-03,5.290000,5.430000,5.260000,5.340000,0.009452,565020.000000,3019022.000000,294331720.000000,831903050.000000,0.010251,14.007645,2006-09-30,2006-10-23,125.293266,9.769268,44.477012,3.944318,2.613478
sz000019,2006-11-02,5.450000,5.490000,5.200000,5.290000,-0.029358,1228691.000000,6504646.000000,291575810.000000,824113700.000000,0.022292,13.876484,2006-09-30,2006-10-23,124.120083,9.677793,44.060552,3.907385,2.589007
sz000019,2006-11-01,5.540000,5.550000,5.390000,5.450000,-0.012681,727744.000000,3969776.000000,300394740.000000,849039630.000000,0.013203,14.296192,2006-09-30,2006-10-23,127.874215,9.970507,45.393205,4.025568,2.667314
sz000019,2006-10-31,5.480000,5.540000,5.430000,5.520000,0.007299,390017.000000,2138981.000000,304253020.000000,859944730.000000,0.007076,14.479810,2006-09-30,2006-10-23,129.516615,10.098567,45.976230,4.077272,2.701572
sz000019,2006-10-30,5.460000,5.550000,5.320000,5.480000,0.003663,629702.000000,3452415.000000,302048280.000000,853713240.000000,0.011425,14.374888,2006-09-30,2006-10-23,128.578123,10.025392,45.643081,4.047727,2.681997
sz000019,2006-10-27,5.710000,5.710000,5.380000,5.460000,-0.040422,1493971.000000,8196722.660000,300945920.000000,850597500.000000,0.027105,14.322425,2006-09-30,2006-10-23,128.108860,9.988803,45.476501,4.032955,2.672208
sz000019,2006-10-26,5.780000,5.780000,5.660000,5.690000,-0.018966,1071301.000000,6092948.000000,313623130.000000,886428530.000000,0.019436,14.925754,2006-09-30,2006-10-23,133.505416,10.409579,47.392188,4.202842,2.784774
sz000019,2006-10-25,5.910000,5.970000,5.700000,5.800000,-0.021922,1168653.000000,6773050.000000,319686140.000000,903565110.000000,0.021203,15.214308,2006-09-30,2006-10-23,136.086432,10.610824,48.308405,4.284094,2.838612
sz000019,2006-10-24,5.800000,5.940000,5.770000,5.930000,0.022414,1173926.000000,6866960.000000,326851520.000000,923817430.000000,0.021298,15.555312,2006-09-30,2006-10-23,139.136584,10.848648,49.391158,4.380115,2.902234
sz000019,2006-10-23,6.260000,6.260000,5.780000,5.800000,-0.063005,1848895.000000,11072948.000000,319686140.000000,903565110.000000,0.033544,15.214298,2006-09-30,2006-10-23,136.086344,10.610817,48.308374,4.284091,2.838610
sz000019,2006-10-20,6.140000,6.290000,6.070000,6.190000,0.001618,2615799.000000,16157607.000000,341182280.000000,964322070.000000,0.047458,16.237331,2006-06-30,2006-07-20,150.655200,16.505836,111.758509,6.306622,3.029482
sz000019,2006-10-19,5.880000,6.380000,5.880000,6.180000,0.051020,5172912.000000,31886422.000000,340631090.000000,962764200.000000,0.093851,16.211102,2006-06-30,2006-07-20,150.411834,16.479173,111.577976,6.296435,3.024588
sz000019,2006-10-18,5.910000,5.920000,5.780000,5.880000,0.003413,694269.000000,4055155.000000,324095600.000000,916028080.000000,0.012596,15.424161,2006-06-30,2006-07-20,143.110344,15.679219,106.161610,5.990785,2.877765
sz000019,2006-10-17,5.870000,5.950000,5.720000,5.860000,0.001709,1210043.000000,7115358.000000,322993240.000000,912912340.000000,0.021954,15.371698,2006-06-30,2006-07-20,142.623570,15.625888,105.800513,5.970408,2.867977
sz000019,2006-10-16,5.950000,6.000000,5.830000,5.850000,0.026316,1648172.000000,9713721.000000,322442060.000000,911354460.000000,0.029902,15.345472,2006-06-30,2006-07-20,142.380242,15.599229,105.620009,5.960222,2.863083
sz000019,2006-10-13,5.780000,5.780000,5.650000,5.700000,-0.015544,1344149.000000,7678386.000000,314174310.000000,887986400.000000,0.024387,14.951995,2006-06-30,2006-07-20,138.729438,15.199246,102.911782,5.807395,2.789671
sz000019,2006-10-12,5.940000,5.980000,5.780000,5.790000,-0.030151,1132871.000000,6618636.000000,319134960.000000,902007240.000000,0.020553,15.188079,2006-06-30,2006-07-20,140.919897,15.439233,104.536701,5.899090,2.833718
sz000019,2006-10-11,5.760000,6.090000,5.720000,5.970000,0.032872,2253268.000000,13316238.000000,329056250.000000,930048920.000000,0.040881,15.660251,2006-06-30,2006-07-20,145.300864,15.919213,107.786574,6.082483,2.921813
sz000019,2006-10-10,5.800000,5.880000,5.740000,5.780000,-0.018676,1411012.000000,8169532.000000,318583770.000000,900449370.000000,0.025600,15.161851,2006-06-30,2006-07-20,140.676544,15.412571,104.356177,5.888903,2.828824
sz000019,2006-10-09,5.960000,5.990000,5.720000,5.890000,0.008562,2264240.000000,13174481.000000,324646790.000000,917585950.000000,0.041080,15.450403,2006-06-30,2006-07-20,143.353820,15.705894,106.342225,6.000977,2.882661
sz000019,2006-09-29,5.880000,5.950000,5.820000,5.840000,-0.006803,2150241.000000,12630412.000000,321890870.000000,909796590.000000,0.039011,15.319239,2006-06-30,2006-07-20,142.136844,15.572562,105.439452,5.950033,2.858189
sz000019,2006-09-28,5.930000,6.070000,5.760000,5.880000,-0.036066,4898529.000000,28976928.000000,324095600.000000,916028080.000000,0.088873,15.424170,2006-06-30,2006-07-20,143.110425,15.679228,106.161670,5.990788,2.877767
sz000019,2006-09-27,5.620000,6.120000,5.620000,6.100000,0.097122,10962380.000000,64922837.000000,336221630.000000,950301240.000000,0.198888,16.001272,2006-06-30,2006-07-20,148.464962,16.265873,110.133754,6.214936,2.985439
sz000019,2006-09-26,5.480000,5.590000,5.410000,5.560000,0.012750,2555943.000000,14098564.000000,306457750.000000,866176210.000000,0.046372,14.584770,2006-06-30,2006-07-20,135.322199,14.825947,100.384236,5.664763,2.721155
sz000019,2006-09-25,5.330000,5.490000,5.280000,5.490000,0.026168,1217089.000000,6534821.000000,302599470.000000,855271110.000000,0.022081,14.401155,2006-06-30,2006-07-20,133.618563,14.639296,99.120450,5.593447,2.686897
sz000019,2006-09-22,5.440000,5.470000,5.300000,5.350000,-0.009259,1645160.000000,8913080.000000,294882910.000000,833460920.000000,0.029848,14.033915,2006-06-30,2006-07-20,130.211196,14.265984,96.592810,5.450810,2.618380
sz000019,2006-09-21,5.370000,5.420000,5.350000,5.400000,0.003717,1159539.000000,6246388.000000,297638820.000000,841250280.000000,0.021037,14.165070,2006-06-30,2006-07-20,131.428089,14.399307,97.495521,5.501751,2.642850
sz000019,2006-09-20,5.310000,5.450000,5.280000,5.380000,0.011278,1476551.000000,7947598.000000,296536450.000000,838134530.000000,0.026789,14.112613,2006-06-30,2006-07-20,130.941380,14.345983,97.134472,5.481376,2.633063
sz000019,2006-09-19,5.310000,5.340000,5.260000,5.320000,0.001883,855335.000000,4531053.000000,293229360.000000,828787310.000000,0.015518,13.955226,2006-06-30,2006-07-20,129.481092,14.185993,96.051206,5.420247,2.603698
sz000019,2006-09-18,5.280000,5.370000,5.180000,5.310000,0.021154,1065250.000000,5632434.000000,292678170.000000,827229440.000000,0.019327,13.928998,2006-06-30,2006-07-20,129.237737,14.159331,95.870682,5.410060,2.598805
sz000019,2006-09-15,5.150000,5.230000,5.120000,5.200000,0.007752,477417.000000,2474187.000000,286615160.000000,810092860.000000,0.008662,13.640448,2006-06-30,2006-07-20,126.560477,13.866010,93.884646,5.297986,2.544968
sz000019,2006-09-14,5.220000,5.230000,5.110000,5.160000,-0.015267,690309.000000,3563140.000000,284410430.000000,803861370.000000,0.012524,13.535521,2006-06-30,2006-07-20,125.586927,13.759347,93.162451,5.257232,2.525392
sz000019,2006-09-13,5.210000,5.270000,5.140000,5.240000,-0.001905,702617.000000,3658021.000000,288819890.000000,816324340.000000,0.012747,13.745371,2006-06-30,2006-07-20,127.533989,13.972668,94.606813,5.338738,2.564544
sz000019,2006-09-12,5.280000,5.300000,5.200000,5.250000,-0.005682,710844.000000,3724242.000000,289371080.000000,817882210.000000,0.012897,13.771606,2006-06-30,2006-07-20,127.777404,13.999337,94.787383,5.348928,2.569439
sz000019,2006-09-11,5.200000,5.280000,5.170000,5.280000,0.015385,526493.000000,2750013.000000,291024620.000000,822555820.000000,0.009552,13.850303,2006-06-30,2006-07-20,128.507585,14.079336,95.329043,5.379494,2.584122
sz000019,2006-09-08,5.210000,5.250000,5.170000,5.200000,0.003861,371348.000000,1932842.000000,286615160.000000,810092860.000000,0.006737,13.640445,2006-06-30,2006-07-20,126.560452,13.866007,93.884628,5.297985,2.544968
sz000019,2006-09-07,5.260000,5.290000,5.150000,5.180000,-0.022642,1003036.000000,5208211.000000,285512790.000000,806977120.000000,0.018198,13.587982,2006-06-30,2006-07-20,126.073682,13.812676,93.523533,5.277608,2.535180
sz000019,2006-09-06,5.340000,5.340000,5.230000,5.300000,-0.009346,768313.000000,4053724.000000,292126990.000000,825671570.000000,0.013939,13.902768,2006-06-30,2006-07-20,128.994372,14.132668,95.690150,5.399872,2.593911
sz000019,2006-09-05,5.340000,5.460000,5.280000,5.350000,0.003752,1050361.000000,5624898.000000,294882910.000000,833460920.000000,0.019056,14.033930,2006-06-30,2006-07-20,130.211327,14.265998,96.592907,5.450815,2.618382
sz000019,2006-09-04,5.250000,5.360000,5.240000,5.330000,0.005660,870428.000000,4626405.000000,293780540.000000,830345180.000000,0.015792,13.981471,2006-06-30,2006-07-20,129.724600,14.212672,96.231845,5.430440,2.608595
sz000019,2006-09-01,5.420000,5.460000,5.230000,5.300000,-0.020333,1800578.000000,9596691.000000,292126990.000000,825671570.000000,0.032668,13.902781,2006-06-30,2006-07-20,128.994492,14.132681,95.690238,5.399877,2.593913
sz000019,2006-08-31,5.420000,5.650000,5.410000,5.410000,0.018832,4115647.000000,22783425.000000,298190000.000000,842808150.000000,0.074669,14.191334,2006-06-30,2006-07-20,131.671774,14.426005,97.676290,5.511952,2.647750
sz000019,2006-08-30,5.200000,5.360000,5.150000,5.310000,0.017241,1395302.000000,7338390.000000,292678170.000000,827229440.000000,0.025315,13.929022,2006-06-30,2006-07-20,129.237964,14.159356,95.870850,5.410069,2.598809
sz000019,2006-08-29,5.300000,5.380000,5.200000,5.220000,-0.015094,1511308.000000,8006390.000000,287717530.000000,813208600.000000,0.027419,13.692942,2006-06-30,2006-07-20,127.047538,13.919372,94.245956,5.318375,2.554763
sz000019,2006-08-28,5.240000,5.350000,5.210000,5.300000,0.003788,1714487.000000,9066240.000000,292126990.000000,825671570.000000,0.031106,13.902791,2006-06-30,2006-07-20,128.994582,14.132691,95.690305,5.399881,2.593915
sz000019,2006-08-25,5.100000,5.330000,5.070000,5.280000,0.029240,2098623.000000,10918894.000000,291024620.000000,822555820.000000,0.038075,13.850326,2006-06-30,2006-07-20,128.507795,14.079359,95.329198,5.379503,2.584126
sz000019,2006-08-24,5.100000,5.150000,5.020000,5.130000,0.005882,675899.000000,3444503.000000,282756880.000000,799187760.000000,0.012263,13.456848,2006-06-30,2006-07-20,124.856977,13.679374,92.620961,5.226675,2.510713
sz000019,2006-08-23,5.110000,5.180000,5.050000,5.100000,-0.001957,1812779.000000,9257042.000000,281103330.000000,794514150.000000,0.032889,13.378158,2006-06-30,2006-07-20,124.126862,13.599382,92.079351,5.196112,2.496032
sz000019,2006-08-22,4.910000,5.180000,4.900000,5.110000,0.040733,2416726.000000,12259844.000000,281654510.000000,796072020.000000,0.043846,13.404390,2006-06-30,2006-07-20,124.370255,13.626048,92.259903,5.206300,2.500926
sz000019,2006-08-21,4.700000,4.940000,4.690000,4.910000,-0.002033,776019.000000,3755955.000000,270630850.000000,764914600.000000,0.014079,12.879759,2006-06-30,2006-07-20,119.502557,13.092742,88.648965,5.002532,2.403043
sz000019,2006-08-18,4.970000,5.030000,4.890000,4.920000,-0.010060,620043.000000,3073072.000000,271182040.000000,766472470.000000,0.011249,12.905997,2006-06-30,2006-07-20,119.746001,13.119414,88.829556,5.012723,2.407938
sz000019,2006-08-17,5.020000,5.020000,4.890000,4.970000,-0.015842,543656.000000,2687372.000000,273937950.000000,774261830.000000,0.009863,13.037150,2006-06-30,2006-07-20,120.962888,13.252736,89.732262,5.063664,2.432408
sz000019,2006-08-16,5.030000,5.120000,4.900000,5.050000,-0.007859,1204845.000000,6073087.000000,278347420.000000,786724790.000000,0.021859,13.247009,2006-06-30,2006-07-20,122.910028,13.466065,91.176683,5.145174,2.471563
sz000019,2006-08-15,4.760000,5.100000,4.760000,5.090000,0.060417,1660922.000000,8269562.000000,280552150.000000,792956280.000000,0.030134,13.351942,2006-06-30,2006-07-20,123.883630,13.572734,91.898917,5.185930,2.491140
sz000019,2006-08-14,5.000000,5.040000,4.760000,4.800000,-0.043825,1062870.000000,5185852.000000,264567840.000000,747778020.000000,0.019283,12.591219,2006-06-30,2006-07-20,116.825390,12.799430,86.662998,4.890463,2.349208
sz000019,2006-08-11,4.980000,5.080000,4.950000,5.020000,-0.009862,948892.000000,4756157.000000,276693870.000000,782051180.000000,0.017216,13.168320,2006-06-30,2006-07-20,122.179925,13.386075,90.635081,5.114610,2.456881
sz000019,2006-08-10,4.850000,5.100000,4.790000,5.070000,0.047521,1140082.000000,5698008.000000,279449780.000000,789840540.000000,0.020684,13.299480,2006-06-30,2006-07-20,123.396865,13.519403,91.537827,5.165553,2.481352
sz000019,2006-08-09,4.920000,4.960000,4.780000,4.840000,-0.014257,693985.000000,3368127.000000,266772570.000000,754009510.000000,0.012591,12.696146,2006-06-30,2006-07-20,117.798942,12.906093,87.385195,4.931217,2.368785
sz000019,2006-08-08,4.790000,4.960000,4.760000,4.910000,0.042463,1077429.000000,5256626.000000,270630850.000000,764914600.000000,0.019548,12.879773,2006-06-30,2006-07-20,119.502692,13.092756,88.649065,5.002538,2.403045
sz000019,2006-08-07,4.840000,4.940000,4.700000,4.710000,-0.028866,549340.000000,2641448.000000,259607190.000000,733757180.000000,0.009967,12.355137,2006-06-30,2006-07-20,114.634948,12.559445,85.038092,4.798768,2.305161
sz000019,2006-08-04,4.980000,5.050000,4.800000,4.850000,-0.037698,821126.000000,4018999.000000,267323760.000000,755567380.000000,0.014898,12.722381,2006-06-30,2006-07-20,118.042358,12.932762,87.565766,4.941407,2.373680
sz000019,2006-08-03,5.100000,5.100000,4.960000,5.040000,-0.001980,580614.000000,2911408.000000,277796230.000000,785166920.000000,0.010534,13.220778,2006-06-30,2006-07-20,122.666646,13.439400,90.996138,5.134985,2.466668
sz000019,2006-08-02,5.140000,5.140000,4.850000,5.050000,0.001984,688791.000000,3441543.000000,278347420.000000,786724790.000000,0.012497,13.247007,2006-06-30,2006-07-20,122.910008,13.466063,91.176668,5.145173,2.471562
sz000019,2006-08-01,5.040000,5.140000,4.950000,5.040000,0.003984,1055901.000000,5329729.000000,277796230.000000,785166920.000000,0.019157,13.220777,2006-06-30,2006-07-20,122.666637,13.439399,90.996131,5.134985,2.466668
sz000019,2006-07-31,5.520000,5.590000,5.020000,5.020000,-0.087273,1647954.000000,8566012.000000,276693870.000000,782051180.000000,0.029898,13.168315,2006-06-30,2006-07-20,122.179872,13.386069,90.635041,5.114608,2.456880
sz000019,2006-07-28,5.600000,5.780000,5.460000,5.500000,-0.017857,1981250.000000,11073059.000000,303150650.000000,856828980.000000,0.035945,14.427441,2006-06-30,2006-07-20,133.862450,14.666017,99.301370,5.603656,2.691802
sz000019,2006-07-27,6.000000,6.000000,5.590000,5.600000,-0.057561,3738160.000000,21603226.000000,308662480.000000,872407690.000000,0.067821,14.689756,2006-06-30,2006-07-20,136.296293,14.932669,101.106835,5.705540,2.740743
sz000019,2006-07-06,7.880000,8.330000,7.880000,8.200000,0.047254,3399673.000000,27803621.000000,327577510.000000,1277454120.000000,0.085101,15.586956,2006-03-31,2006-04-19,188.988080,17.110897,-41.772178,6.153503,2.908138
sz000019,2006-07-05,8.020000,8.080000,7.720000,7.830000,-0.020025,1177315.000000,9246397.000000,312796570.000000,1219812900.000000,0.029471,14.883645,2006-03-31,2006-04-19,180.460595,16.338822,-39.887341,5.875845,2.776918
sz000019,2006-07-04,8.030000,8.070000,7.880000,7.990000,-0.002497,1314984.000000,10480590.000000,319188330.000000,1244738830.000000,0.032917,15.187780,2006-03-31,2006-04-19,184.148162,16.672693,-40.702407,5.995914,2.833662
sz000019,2006-07-03,8.150000,8.180000,7.880000,8.010000,0.016497,2900496.000000,23228409.000000,319987300.000000,1247854570.000000,0.072606,15.225799,2006-03-31,2006-04-19,184.609131,16.714429,-40.804295,6.010923,2.840755
sz000019,2006-06-30,7.880000,7.880000,7.880000,7.880000,0.100559,326272.000000,2571023.000000,314794000.000000,1227602250.000000,0.008167,14.978695,2006-03-31,2006-04-19,181.613060,16.443166,-40.142072,5.913370,2.794652
sz000019,2006-06-16,7.060000,7.270000,7.060000,7.160000,0.011299,739888.000000,5302484.000000,286031100.000000,1115435550.000000,0.018521,13.610079,2006-03-31,2006-04-19,165.018923,14.940740,-36.474257,5.373060,2.539302
sz000019,2006-06-15,7.300000,7.300000,7.030000,7.080000,-0.012552,415903.000000,2968107.000000,282835220.000000,1102972580.000000,0.010411,13.458017,2006-03-31,2006-04-19,163.175206,14.773811,-36.066739,5.313029,2.510931
sz000019,2006-06-14,6.950000,7.190000,6.820000,7.170000,0.033141,527964.000000,3694526.000000,286430580.000000,1116993420.000000,0.013216,13.629089,2006-03-31,2006-04-19,165.249417,14.961609,-36.525203,5.380565,2.542849
sz000019,2006-06-13,6.890000,7.190000,6.760000,6.940000,0.008721,351310.000000,2432146.000000,277242430.000000,1081162390.000000,0.008794,13.191897,2006-03-31,2006-04-19,159.948561,14.481672,-35.353551,5.207968,2.461280
sz000019,2006-06-12,6.900000,6.970000,6.750000,6.880000,0.000000,446704.000000,3070373.000000,274845520.000000,1071815170.000000,0.011182,13.077845,2006-03-31,2006-04-19,158.565710,14.356469,-35.047898,5.162942,2.440001
sz000019,2006-06-09,7.160000,7.200000,6.850000,6.880000,-0.032349,851001.000000,6012213.000000,274845520.000000,1071815170.000000,0.021302,13.077845,2006-03-31,2006-04-19,158.565710,14.356469,-35.047898,5.162942,2.440001
sz000019,2006-06-08,7.200000,7.370000,6.700000,7.110000,-0.035278,1385265.000000,9813618.000000,284033670.000000,1107646200.000000,0.034676,13.515043,2006-03-31,2006-04-19,163.866631,14.836412,-36.219565,5.335542,2.521571
sz000019,2006-06-07,8.070000,8.070000,7.260000,7.370000,-0.086741,1865151.000000,14346583.000000,294420280.000000,1148150840.000000,0.046689,14.009262,2006-03-31,2006-04-19,169.858914,15.378951,-37.544044,5.530652,2.613780
sz000019,2006-06-06,7.870000,8.290000,7.870000,8.070000,0.021519,1744733.000000,14214720.000000,322384210.000000,1257201800.000000,0.043675,15.339856,2006-03-31,2006-04-19,185.992051,16.839638,-41.109963,6.055951,2.862036
sz000019,2006-06-05,7.720000,7.950000,7.520000,7.900000,0.015424,1307706.000000,10130553.000000,315592970.000000,1230718000.000000,0.032735,15.016712,2006-03-31,2006-04-19,182.074000,16.484899,-40.243953,5.928378,2.801745
sz000019,2006-06-02,7.950000,8.050000,7.680000,7.780000,-0.021384,1630474.000000,12799863.000000,310799150.000000,1212023540.000000,0.040814,14.788612,2006-03-31,2006-04-19,179.308348,16.234498,-39.632659,5.838328,2.759187
sz000019,2006-06-01,7.370000,8.110000,7.370000,7.950000,0.077236,1948399.000000,15198407.000000,317590390.000000,1238507350.000000,0.048773,15.111762,2006-03-31,2006-04-19,183.226463,16.589243,-40.498683,5.965903,2.819479
sz000019,2006-05-31,7.600000,7.600000,7.200000,7.380000,-0.027668,1231296.000000,9081390.000000,294819760.000000,1149708710.000000,0.030822,14.028274,2006-03-31,2006-04-19,170.089435,15.399822,-37.594996,5.538158,2.617327
sz000019,2006-05-30,7.790000,7.800000,7.490000,7.590000,-0.019380,1262694.000000,9558996.000000,303208940.000000,1182424000.000000,0.031608,14.427453,2006-03-31,2006-04-19,174.929382,15.838029,-38.664773,5.695748,2.691804
sz000019,2006-05-29,7.630000,7.800000,7.470000,7.740000,0.011765,982925.000000,7504897.000000,309201210.000000,1205792060.000000,0.024605,14.712583,2006-03-31,2006-04-19,178.386512,16.151036,-39.428905,5.808313,2.745002
sz000019,2006-05-26,7.500000,7.680000,7.300000,7.650000,0.026846,964666.000000,7340119.000000,305605850.000000,1191771220.000000,0.024148,14.541502,2006-03-31,2006-04-19,176.312199,15.963228,-38.970418,5.740773,2.713083
sz000019,2006-05-25,7.250000,7.540000,7.060000,7.450000,0.027586,585540.000000,4308297.000000,297616150.000000,1160613810.000000,0.014657,14.161327,2006-03-31,2006-04-19,171.702669,15.545884,-37.951570,5.590685,2.642151
sz000019,2006-05-24,7.400000,7.850000,6.900000,7.250000,-0.021592,1551316.000000,11281540.000000,289626460.000000,1129456390.000000,0.038833,13.781160,2006-03-31,2006-04-19,167.093235,15.128547,-36.932744,5.440601,2.571222
sz000019,2006-05-23,8.160000,8.160000,7.400000,7.410000,-0.098540,1990921.000000,15519225.000000,296018210.000000,1154382320.000000,0.049837,14.085290,2006-03-31,2006-04-19,170.780733,15.462412,-37.747794,5.560667,2.627965
sz000019,2006-05-22,7.730000,8.530000,7.600000,8.220000,0.060645,2112523.000000,17534831.000000,328376480.000000,1280569860.000000,0.052881,15.624975,2006-03-31,2006-04-19,189.449041,17.152632,-41.874064,6.168512,2.915232
sz000019,2006-05-19,7.400000,7.750000,7.310000,7.750000,0.051560,1320316.000000,10024650.000000,309600700.000000,1207349930.000000,0.033050,14.731578,2006-03-31,2006-04-19,178.616824,16.171888,-39.479811,5.815812,2.748546
sz000019,2006-05-18,7.400000,7.450000,7.110000,7.370000,-0.010738,1142946.000000,8385958.980000,294420280.000000,1148150840.000000,0.028611,14.009261,2006-03-31,2006-04-19,169.858899,15.378949,-37.544040,5.530651,2.613780
sz000019,2006-05-17,7.150000,7.650000,6.950000,7.450000,0.047820,2517830.000000,18512703.000000,297616150.000000,1160613810.000000,0.063027,14.161325,2006-03-31,2006-04-19,171.702642,15.545881,-37.951564,5.590684,2.642151
sz000019,2006-05-16,6.900000,7.590000,6.600000,7.110000,0.028944,2563511.000000,18593757.000000,284033670.000000,1107646200.000000,0.064170,13.515036,2006-03-31,2006-04-19,163.866544,14.836404,-36.219546,5.335539,2.521570
sz000019,2006-05-15,6.850000,6.980000,6.500000,6.910000,0.029806,2108276.000000,14265119.000000,276043980.000000,1076488780.000000,0.052775,13.134860,2006-03-31,2006-04-19,159.257009,14.419059,-35.200697,5.185451,2.450638
sz000019,2006-05-12,6.740000,6.890000,6.400000,6.710000,0.032308,1726278.000000,11470542.000000,268054280.000000,1045331360.000000,0.043213,12.754694,2006-03-31,2006-04-19,154.647583,14.001724,-34.181872,5.035367,2.379709
sz000019,2006-05-11,7.070000,7.070000,6.480000,6.500000,-0.045521,2041420.000000,13788324.000000,259665100.000000,1012616070.000000,0.051101,12.355512,2006-03-31,2006-04-19,149.807599,13.563514,-33.112087,4.877776,2.305231
sz000019,2006-05-10,6.650000,6.980000,6.600000,6.810000,0.024060,1853606.000000,12643023.000000,272049130.000000,1060910070.000000,0.046400,12.944771,2006-03-31,2006-04-19,156.952222,14.210385,-34.691268,5.110406,2.415172
sz000019,2006-05-09,6.500000,6.840000,6.500000,6.650000,0.006051,1752819.000000,11739591.000000,265657370.000000,1035984140.000000,0.043877,12.640637,2006-03-31,2006-04-19,153.264673,13.876516,-33.876206,4.990339,2.358429
sz000019,2006-05-08,6.350000,6.830000,6.230000,6.610000,0.037677,2371858.000000,15246630.000000,264059430.000000,1029752650.000000,0.059373,12.564609,2006-03-31,2006-04-19,152.342847,13.793054,-33.672454,4.960324,2.344244
sz000019,2006-04-28,6.000000,6.610000,5.920000,6.370000,0.022472,2779707.000000,17422759.770000,254471800.000000,992363750.000000,0.069582,12.108401,2006-03-31,2006-04-19,146.811433,13.292242,-32.449842,4.780220,2.259126
sz000019,2006-04-27,5.650000,6.230000,5.560000,6.230000,0.100707,2998996.000000,18218099.000000,248879010.000000,970553560.000000,0.075072,11.842281,2006-03-31,2006-04-19,143.584795,13.000104,-31.736655,4.675160,2.209475
sz000019,2006-04-26,5.590000,5.750000,5.480000,5.660000,0.001770,907469.000000,5092639.000000,226108380.000000,881754920.000000,0.022716,10.758795,2006-03-31,2006-04-19,130.447790,11.810685,-28.832973,4.247415,2.007324
sz000019,2006-04-25,5.820000,5.830000,5.520000,5.650000,-0.027539,932194.000000,5283101.000000,225708900.000000,880197050.000000,0.023335,10.739786,2006-03-31,2006-04-19,130.217305,11.789817,-28.782029,4.239910,2.003777
sz000019,2006-04-24,5.670000,5.920000,5.670000,5.810000,0.024691,1839959.000000,10640087.000000,232100650.000000,905122980.000000,0.046058,11.043924,2006-03-31,2006-04-19,133.904912,12.123691,-29.597104,4.359980,2.060522
sz000019,2006-04-21,5.730000,5.730000,5.560000,5.670000,-0.005263,1254643.000000,7076231.000000,226507860.000000,883312790.000000,0.031407,10.777809,2006-03-31,2006-04-19,130.678334,11.831558,-28.883931,4.254922,2.010871
sz000019,2006-04-20,5.480000,5.850000,5.440000,5.700000,0.049724,2472016.000000,14048785.000000,227706320.000000,887986400.000000,0.061880,10.834833,2006-03-31,2006-04-19,131.369732,11.894157,-29.036751,4.277434,2.021510
sz000019,2006-04-19,5.350000,5.450000,5.230000,5.430000,0.011173,726524.000000,3880733.000000,216920230.000000,845923890.000000,0.018187,10.321602,2006-03-31,2006-04-19,125.146927,11.330747,-27.661319,4.074818,1.925754
sz000019,2006-04-18,5.390000,5.420000,5.320000,5.370000,-0.005556,484049.000000,2596501.000000,214523320.000000,836576660.000000,0.012117,10.207553,2005-12-31,2006-03-11,176.343351,11.992380,-120.576786,4.073598,1.904475
sz000019,2006-04-17,5.390000,5.440000,5.310000,5.400000,0.001855,439885.000000,2367567.000000,215721780.000000,841250280.000000,0.011011,10.264583,2005-12-31,2006-03-11,177.328589,12.059382,-121.250453,4.096357,1.915116
sz000019,2006-04-14,5.250000,5.430000,5.250000,5.390000,0.013158,520740.000000,2785687.000000,215322290.000000,839692400.000000,0.013035,10.245577,2005-12-31,2006-03-11,177.000254,12.037053,-121.025950,4.088772,1.911570
sz000019,2006-04-13,5.540000,5.730000,5.310000,5.320000,-0.046595,1044001.000000,5767535.000000,212525900.000000,828787310.000000,0.026134,10.112517,2005-12-31,2006-03-11,174.701531,11.880726,-119.454172,4.035671,1.886744
sz000019,2006-04-12,5.500000,5.620000,5.420000,5.580000,-0.003571,1113160.000000,6135565.000000,222912500.000000,869291950.000000,0.027865,10.606738,2005-12-31,2006-03-11,183.239579,12.461364,-125.292161,4.232903,1.978953
sz000019,2006-04-11,5.400000,5.630000,5.370000,5.600000,0.037037,1623944.000000,8979412.000000,223711470.000000,872407690.000000,0.040651,10.644750,2005-12-31,2006-03-11,183.896273,12.506023,-125.741182,4.248073,1.986046
sz000019,2006-04-10,5.340000,5.420000,5.280000,5.400000,0.007463,1063519.000000,5676050.000000,215721780.000000,841250280.000000,0.026622,10.264581,2005-12-31,2006-03-11,177.328555,12.059379,-121.250430,4.096356,1.915116
sz000019,2006-04-07,5.410000,5.410000,5.200000,5.360000,-0.009242,828543.000000,4400423.000000,214123840.000000,835018790.000000,0.020740,10.188544,2005-12-31,2006-03-11,176.014955,11.970047,-120.352241,4.066011,1.900929
sz000019,2006-04-06,5.350000,5.510000,5.310000,5.410000,0.005576,1205632.000000,6535942.000000,216121260.000000,842808150.000000,0.030180,10.283585,2005-12-31,2006-03-11,177.656860,12.081706,-121.474912,4.103940,1.918661
sz000019,2006-04-05,5.390000,5.390000,5.300000,5.380000,-0.001855,721302.000000,3855247.000000,214922810.000000,838134530.000000,0.018056,10.226561,2005-12-31,2006-03-11,176.671738,12.014712,-120.801324,4.081183,1.908022
sz000019,2006-04-04,5.430000,5.500000,5.310000,5.390000,-0.005535,740365.000000,3972480.000000,215322290.000000,839692400.000000,0.018533,10.245567,2005-12-31,2006-03-11,177.000074,12.037041,-121.025827,4.088768,1.911568
sz000019,2006-04-03,5.380000,5.430000,5.300000,5.420000,0.003704,784027.000000,4188830.000000,216520750.000000,844366020.000000,0.019626,10.302592,2005-12-31,2006-03-11,177.985222,12.104036,-121.699434,4.111525,1.922207
sz000019,2006-03-31,5.220000,5.460000,5.210000,5.400000,0.038462,2412524.000000,12960949.000000,215721780.000000,841250280.000000,0.060391,10.264572,2005-12-31,2006-03-11,177.328397,12.059369,-121.250322,4.096352,1.915114
sz000019,2006-03-30,5.170000,5.200000,5.070000,5.200000,0.001927,698711.000000,3581672.000000,207732080.000000,810092860.000000,0.017490,9.884398,2005-12-31,2006-03-11,170.760603,11.612720,-116.759518,3.944634,1.844183
sz000019,2006-03-29,5.250000,5.250000,5.140000,5.190000,-0.003839,718066.000000,3731005.000000,207332600.000000,808534990.000000,0.017975,9.865387,2005-12-31,2006-03-11,170.432180,11.590385,-116.534955,3.937047,1.840636
sz000019,2006-03-28,5.010000,5.250000,5.010000,5.210000,0.031683,1198192.000000,6198703.000000,208131570.000000,811650730.000000,0.029993,9.903407,2005-12-31,2006-03-11,171.088991,11.635052,-116.984057,3.952220,1.847729
sz000019,2006-03-27,5.060000,5.090000,4.960000,5.050000,-0.007859,511989.000000,2574187.990000,201739810.000000,786724790.000000,0.012816,9.599273,2005-12-31,2006-03-11,165.834845,11.277740,-113.391475,3.830847,1.790986
sz000019,2006-03-24,5.210000,5.230000,5.080000,5.090000,-0.021154,524670.000000,2702902.000000,203337750.000000,792956280.000000,0.013134,9.675311,2005-12-31,2006-03-11,167.148465,11.367074,-114.289677,3.861192,1.805172
sz000019,2006-03-23,5.180000,5.230000,5.100000,5.200000,0.005803,435331.000000,2247149.000000,207732080.000000,810092860.000000,0.010897,9.884406,2005-12-31,2006-03-11,170.760738,11.612729,-116.759610,3.944637,1.844184
sz000019,2006-03-22,5.190000,5.200000,5.090000,5.170000,0.000000,270930.000000,1391626.000000,206533630.000000,805419240.000000,0.006782,9.827377,2005-12-31,2006-03-11,169.775530,11.545729,-116.085963,3.921878,1.833544
sz000019,2006-03-21,5.140000,5.260000,5.130000,5.170000,-0.005769,434831.000000,2262034.000000,206533630.000000,805419240.000000,0.010885,9.827377,2005-12-31,2006-03-11,169.775530,11.545729,-116.085963,3.921878,1.833544
sz000019,2006-03-20,5.050000,5.250000,5.030000,5.200000,0.021611,445562.000000,2307483.000000,207732080.000000,810092860.000000,0.011153,9.884401,2005-12-31,2006-03-11,170.760649,11.612723,-116.759549,3.944635,1.844183
sz000019,2006-03-17,5.040000,5.150000,5.040000,5.090000,0.001969,220371.000000,1121962.000000,203337750.000000,792956280.000000,0.005516,9.675308,2005-12-31,2006-03-11,167.148405,11.367069,-114.289636,3.861191,1.805172
sz000019,2006-03-16,5.230000,5.230000,5.060000,5.080000,0.007937,338273.000000,1735299.000000,202938260.000000,791398410.000000,0.008468,9.656294,2005-12-31,2006-03-11,166.819936,11.344732,-114.065042,3.853603,1.801624
sz000019,2006-03-15,4.960000,5.050000,4.930000,5.040000,0.010020,296352.000000,1482528.000000,201340320.000000,785166920.000000,0.007418,9.580256,2005-12-31,2006-03-11,165.506312,11.255398,-113.166836,3.823258,1.787437
sz000019,2006-03-14,5.000000,5.000000,4.900000,4.990000,-0.005976,167910.000000,833100.000000,199342900.000000,777377570.000000,0.004203,9.485214,2005-12-31,2006-03-11,163.864391,11.143737,-112.044154,3.785329,1.769705
sz000019,2006-03-13,4.950000,5.090000,4.930000,5.020000,0.014141,184237.000000,922050.000000,200541350.000000,782051180.000000,0.004612,9.542238,2005-12-31,2006-03-11,164.849532,11.210733,-112.717755,3.808086,1.780344
sz000019,2006-03-10,4.900000,5.020000,4.900000,4.950000,0.008147,345410.000000,1705642.000000,197744960.000000,771146090.000000,0.008646,9.409183,2005-09-30,2005-10-18,186.419572,11.766857,-221.397214,3.783986,1.755520
sz000019,2006-03-09,4.970000,5.050000,4.870000,4.910000,-0.006073,180100.000000,892960.000000,196147020.000000,764914600.000000,0.004508,9.333146,2005-09-30,2005-10-18,184.913085,11.671767,-219.608067,3.753407,1.741333
sz000019,2006-03-08,5.040000,5.040000,4.870000,4.940000,-0.019841,321310.000000,1587261.000000,197345480.000000,769588210.000000,0.008043,9.390172,2005-09-30,2005-10-18,186.042924,11.743083,-220.949896,3.776341,1.751973
sz000019,2006-03-07,5.260000,5.260000,5.030000,5.040000,-0.041825,403500.000000,2061327.000000,201340320.000000,785166920.000000,0.010101,9.580254,2005-09-30,2005-10-18,189.808923,11.980793,-225.422503,3.852784,1.787437
sz000019,2006-03-06,5.290000,5.350000,5.220000,5.260000,-0.013133,281390.000000,1482332.000000,210128990.000000,819440080.000000,0.007044,9.998439,2005-09-30,2005-10-18,198.094213,12.503763,-235.262351,4.020961,1.865460
sz000019,2006-03-03,5.320000,5.360000,5.200000,5.330000,-0.009294,502260.000000,2643529.000000,212925380.000000,830345180.000000,0.012573,10.131496,2005-09-30,2005-10-18,200.730406,12.670161,-238.393169,4.074471,1.890285
sz000019,2006-03-02,5.520000,5.540000,5.140000,5.380000,-0.034111,1030508.000000,5577794.000000,214922810.000000,838134530.000000,0.025796,10.226541,2005-09-30,2005-10-18,202.613496,12.789022,-240.629580,4.112694,1.908018
sz000019,2006-03-01,5.550000,5.630000,5.450000,5.570000,0.003604,658002.000000,3643821.000000,222513020.000000,867734080.000000,0.016471,10.587698,2005-09-30,2005-10-18,209.768923,13.240674,-249.127571,4.257937,1.975401
sz000019,2006-02-28,5.600000,5.610000,5.430000,5.550000,-0.008929,548364.000000,3016216.000000,221714050.000000,864618340.000000,0.013727,10.549677,2005-09-30,2005-10-18,209.015631,13.193126,-248.232939,4.242646,1.968307
sz000019,2006-02-27,5.490000,5.680000,5.450000,5.600000,0.020036,1228764.000000,6827648.000000,223711470.000000,872407690.000000,0.030759,10.644724,2005-09-30,2005-10-18,210.898746,13.311989,-250.469380,4.280870,1.986041
sz000019,2006-02-24,5.500000,5.580000,5.410000,5.490000,-0.003630,707897.000000,3889423.000000,219317140.000000,855271110.000000,0.017720,10.435636,2005-09-30,2005-10-18,206.756179,13.050509,-245.549549,4.196783,1.947030
sz000019,2006-02-23,5.550000,5.600000,5.400000,5.510000,-0.012545,698509.000000,3843557.000000,220116110.000000,858386850.000000,0.017485,10.473655,2005-09-30,2005-10-18,207.509439,13.098055,-246.444142,4.212073,1.954124
sz000019,2006-02-22,5.580000,5.620000,5.460000,5.580000,0.001795,1037240.000000,5759919.000000,222912500.000000,869291950.000000,0.025964,10.606716,2005-09-30,2005-10-18,210.145717,13.264458,-249.575061,4.265585,1.978949
sz000019,2006-02-21,5.380000,5.580000,5.230000,5.570000,0.031481,864459.000000,4638946.000000,222513020.000000,867734080.000000,0.021639,10.587711,2005-09-30,2005-10-18,209.769181,13.240691,-249.127876,4.257942,1.975404
sz000019,2006-02-20,5.560000,5.680000,5.350000,5.400000,-0.028777,1618573.000000,8941681.000000,215721780.000000,841250280.000000,0.040517,10.264572,2005-09-30,2005-10-18,203.366985,12.836582,-241.524445,4.127989,1.915114
sz000019,2006-02-17,5.200000,5.740000,5.150000,5.560000,0.065134,5052947.000000,28203752.000000,222113530.000000,866176210.000000,0.126487,10.568708,2005-09-30,2005-10-18,209.392678,13.216926,-248.680731,4.250299,1.971858
sz000019,2006-02-16,5.010000,5.300000,5.010000,5.220000,0.031621,2428602.000000,12671080.000000,208531050.000000,813208600.000000,0.060793,9.922421,2005-09-30,2005-10-18,196.588108,12.408698,-233.473657,3.990389,1.851277
sz000019,2006-02-15,5.100000,5.140000,5.030000,5.060000,-0.003937,365760.000000,1856493.000000,202139290.000000,788282670.000000,0.009156,9.618281,2005-09-30,2005-10-18,190.562336,12.028349,-226.317279,3.868077,1.794532
sz000019,2006-02-14,5.010000,5.140000,4.960000,5.080000,0.013972,356966.000000,1808943.000000,202938260.000000,791398410.000000,0.008936,9.656298,2005-09-30,2005-10-18,191.315546,12.075892,-227.211812,3.883366,1.801625
sz000019,2006-02-13,5.100000,5.100000,4.950000,5.010000,-0.019569,410040.000000,2056355.000000,200141870.000000,780493310.000000,0.010264,9.523240,2005-09-30,2005-10-18,188.679318,11.909493,-224.080953,3.829855,1.776800
sz000019,2006-02-10,5.100000,5.140000,5.060000,5.110000,0.001961,512239.000000,2612639.000000,204136720.000000,796072020.000000,0.012822,9.713320,2005-09-30,2005-10-18,192.445280,12.147201,-228.553516,3.906297,1.812264
sz000019,2006-02-09,5.300000,5.300000,5.090000,5.100000,-0.026718,737360.000000,3823251.000000,203737230.000000,794514150.000000,0.018458,9.694309,2005-09-30,2005-10-18,192.068633,12.123427,-228.106200,3.898652,1.808717
sz000019,2006-02-08,5.060000,5.250000,5.000000,5.240000,0.035573,1585447.000000,8153588.000000,209330020.000000,816324340.000000,0.039687,9.960432,2005-09-30,2005-10-18,197.341195,12.456233,-234.368046,4.005676,1.858369
sz000019,2006-02-07,5.020000,5.120000,4.950000,5.060000,0.007968,772900.000000,3898508.000000,202139290.000000,788282670.000000,0.019347,9.618281,2005-09-30,2005-10-18,190.562322,12.028348,-226.317262,3.868077,1.794532
sz000019,2006-02-06,4.880000,5.020000,4.860000,5.020000,0.032922,689765.000000,3410550.000000,200541350.000000,782051180.000000,0.017266,9.542248,2005-09-30,2005-10-18,189.055924,11.933264,-224.528221,3.837500,1.780346
sz000019,2006-01-25,4.920000,5.000000,4.820000,4.860000,-0.008163,561259.000000,2746685.000000,194149600.000000,757125250.000000,0.014050,9.238111,2005-09-30,2005-10-18,183.030204,11.552919,-217.371903,3.715188,1.723602
sz000019,2006-01-24,4.850000,4.990000,4.800000,4.900000,0.008230,737878.000000,3608995.000000,195747540.000000,763356730.000000,0.018471,9.314142,2005-09-30,2005-10-18,184.536576,11.648001,-219.160913,3.745765,1.737787
sz000019,2006-01-23,5.000000,5.100000,4.800000,4.860000,-0.033797,1166339.000000,5690210.000000,194149600.000000,757125250.000000,0.029196,9.238113,2005-09-30,2005-10-18,183.030237,11.552921,-217.371942,3.715189,1.723602
sz000019,2006-01-20,5.120000,5.130000,4.980000,5.030000,-0.015656,579450.000000,2914497.000000,200940840.000000,783609050.000000,0.014505,9.561254,2005-09-30,2005-10-18,189.432487,11.957033,-224.975437,3.845143,1.783892
sz000019,2006-01-19,5.130000,5.170000,5.030000,5.110000,0.005906,789560.000000,4038938.000000,204136720.000000,796072020.000000,0.019764,9.713326,2005-09-30,2005-10-18,192.445412,12.147209,-228.553674,3.906300,1.812265
sz000019,2006-01-18,4.930000,5.100000,4.930000,5.080000,0.032520,484340.000000,2442239.000000,202938260.000000,791398410.000000,0.012124,9.656296,2005-09-30,2005-10-18,191.315503,12.075889,-227.211761,3.883365,1.801625
sz000019,2006-01-17,4.960000,4.990000,4.890000,4.920000,-0.008065,523022.000000,2576964.000000,196546510.000000,766472470.000000,0.013092,9.352164,2005-09-30,2005-10-18,185.289876,11.695550,-220.055554,3.761055,1.744881
sz000019,2006-01-16,5.060000,5.100000,4.950000,4.960000,-0.019763,455405.000000,2292039.000000,198144450.000000,772703960.000000,0.011400,9.428202,2005-09-30,2005-10-18,186.796389,11.790641,-221.844732,3.791635,1.759068
sz000019,2006-01-13,5.150000,5.150000,5.000000,5.060000,-0.005894,638619.000000,3234833.000000,202139290.000000,788282670.000000,0.015986,9.618288,2005-09-30,2005-10-18,190.562475,12.028358,-226.317444,3.868080,1.794533
sz000019,2006-01-12,4.950000,5.100000,4.910000,5.090000,0.024145,812527.000000,4115681.000000,203337750.000000,792956280.000000,0.020339,9.675315,2005-09-30,2005-10-18,191.692310,12.099673,-227.659267,3.891013,1.805173
sz000019,2006-01-11,5.020000,5.080000,4.960000,4.970000,-0.029297,1061928.000000,5329994.000000,198543930.000000,774261830.000000,0.026582,9.447212,2005-09-30,2005-10-18,187.173017,11.814414,-222.292026,3.799280,1.762615
sz000019,2006-01-10,4.960000,5.150000,4.930000,5.120000,0.028112,1456319.000000,7400400.000000,204536200.000000,797629890.000000,0.036455,9.732340,2005-09-30,2005-10-18,192.822127,12.170988,-229.001071,3.913947,1.815813
sz000019,2006-01-09,4.950000,5.000000,4.840000,4.980000,0.014257,804174.000000,3966108.000000,198943420.000000,775819700.000000,0.020130,9.466226,2005-09-30,2005-10-18,187.549729,11.838193,-222.739420,3.806926,1.766162
sz000019,2006-01-06,4.850000,4.980000,4.820000,4.910000,0.014463,1703030.000000,8396775.000000,196147020.000000,764914600.000000,0.042631,9.333163,2005-09-30,2005-10-18,184.913419,11.671788,-219.608462,3.753414,1.741336
sz000019,2006-01-05,4.730000,4.860000,4.730000,4.840000,0.034188,1165129.000000,5605519.000000,193350630.000000,754009510.000000,0.029166,9.200102,2005-09-30,2005-10-18,182.277144,11.505385,-216.477548,3.699902,1.716510
sz000019,2005-12-30,4.770000,4.800000,4.680000,4.680000,-0.018868,536270.000000,2536818.000000,186958870.000000,729083570.000000,0.013424,8.895966,2005-09-30,2005-10-18,176.251459,11.125042,-209.321272,3.577592,1.659766
sz000019,2005-12-29,4.770000,4.860000,4.730000,4.770000,-0.002092,958680.000000,4602816.000000,190554240.000000,743104410.000000,0.023998,9.067043,2005-09-30,2005-10-18,179.640924,11.338986,-213.346697,3.646392,1.691685
sz000019,2005-12-28,4.670000,4.810000,4.650000,4.780000,0.023555,1107016.000000,5265166.000000,190953720.000000,744662280.000000,0.027711,9.086051,2005-09-30,2005-10-18,180.017521,11.362757,-213.793954,3.654036,1.695231
sz000019,2005-12-27,4.630000,4.680000,4.620000,4.670000,0.006466,342999.000000,1599145.000000,186559390.000000,727525700.000000,0.008586,8.876955,2005-09-30,2005-10-18,175.874790,11.101267,-208.873929,3.569946,1.656219
sz000019,2005-12-26,4.620000,4.690000,4.610000,4.640000,0.004329,395574.000000,1842451.000000,185360930.000000,722852090.000000,0.009902,8.819925,2005-09-30,2005-10-18,174.744890,11.029947,-207.532027,3.547011,1.645579
sz000019,2005-12-23,4.610000,4.640000,4.590000,4.620000,0.002169,373270.000000,1725185.000000,184561960.000000,719736350.000000,0.009344,8.781908,2005-09-30,2005-10-18,173.991680,10.982405,-206.637493,3.531722,1.638486
sz000019,2005-12-22,4.600000,4.640000,4.550000,4.610000,0.002174,264498.000000,1214891.000000,184162480.000000,718178480.000000,0.006621,8.762901,2005-09-30,2005-10-18,173.615109,10.958635,-206.190267,3.524078,1.634939
sz000019,2005-12-21,4.720000,4.720000,4.560000,4.600000,-0.025424,607910.000000,2807604.000000,183762990.000000,716620600.000000,0.015217,8.743892,2005-09-30,2005-10-18,173.238488,10.934863,-205.742981,3.516434,1.631393
sz000019,2005-12-20,4.710000,4.750000,4.670000,4.720000,-0.006316,338886.000000,1595369.000000,188556810.000000,735315060.000000,0.008483,8.971996,2005-09-30,2005-10-18,177.757803,11.220123,-211.110248,3.608168,1.673951
sz000019,2005-12-19,4.740000,4.830000,4.690000,4.750000,-0.018595,578429.000000,2742363.000000,189755270.000000,739988670.000000,0.014479,9.029024,2005-09-30,2005-10-18,178.887657,11.291440,-212.452096,3.631102,1.684591
sz000019,2005-12-16,4.550000,4.890000,4.510000,4.840000,0.056769,1809514.000000,8610255.000000,193350630.000000,754009510.000000,0.045296,9.200099,2005-09-30,2005-10-18,182.277100,11.505383,-216.477495,3.699901,1.716510
sz000019,2005-12-15,4.730000,4.760000,4.570000,4.580000,-0.029661,470400.000000,2187958.000000,182964020.000000,713504860.000000,0.011775,8.705876,2005-09-30,2005-10-18,172.485283,10.887320,-204.848453,3.501145,1.624300
sz000019,2005-12-14,4.670000,4.750000,4.610000,4.720000,0.015054,538914.000000,2531012.000000,188556810.000000,735315060.000000,0.013490,8.971994,2005-09-30,2005-10-18,177.757755,11.220120,-211.110192,3.608167,1.673951
sz000019,2005-12-13,4.640000,4.720000,4.590000,4.650000,-0.002146,393101.000000,1821109.000000,185760420.000000,724409960.000000,0.009840,8.838933,2005-09-30,2005-10-18,175.121477,11.053718,-207.979272,3.554655,1.649125
sz000019,2005-12-12,4.750000,4.770000,4.630000,4.660000,-0.023061,761814.000000,3570088.000000,186159900.000000,725967830.000000,0.019070,8.857942,2005-09-30,2005-10-18,175.498096,11.077490,-208.426556,3.562300,1.652672
sz000019,2005-12-09,4.550000,4.990000,4.430000,4.770000,0.043764,1638556.000000,7689426.000000,190554240.000000,743104410.000000,0.041017,9.067037,2005-09-30,2005-10-18,179.640792,11.338978,-213.346540,3.646389,1.691684
sz000019,2005-12-08,4.550000,4.580000,4.400000,4.570000,0.000000,604330.000000,2701850.000000,182564540.000000,711946990.000000,0.015128,8.686865,2005-09-30,2005-10-18,172.108630,10.863546,-204.401129,3.493500,1.620753
sz000019,2005-12-07,4.700000,4.710000,4.490000,4.570000,-0.010823,1123166.000000,5148376.000000,182564540.000000,711946990.000000,0.028115,8.686865,2005-09-30,2005-10-18,172.108630,10.863546,-204.401129,3.493500,1.620753
sz000019,2005-12-06,4.260000,4.620000,4.260000,4.620000,0.100000,1406593.000000,6447159.000000,184561960.000000,719736350.000000,0.035210,8.781911,2005-09-30,2005-10-18,173.991742,10.982409,-206.637568,3.531723,1.638486
sz000019,2005-12-05,4.390000,4.390000,4.160000,4.200000,-0.043280,438950.000000,1858992.000000,167783600.000000,654305770.000000,0.010988,7.983556,2005-09-30,2005-10-18,158.174311,9.984008,-187.852334,3.210658,1.489533
sz000019,2005-12-02,4.550000,4.610000,4.380000,4.390000,-0.039387,422325.000000,1888386.000000,175373810.000000,683905320.000000,0.010572,8.344715,2005-09-30,2005-10-18,165.329784,10.435663,-196.350379,3.355901,1.556916
sz000019,2005-12-01,4.650000,4.670000,4.520000,4.570000,-0.017204,349448.000000,1603761.000000,182564540.000000,711946990.000000,0.008747,8.686865,2005-09-30,2005-10-18,172.108627,10.863546,-204.401126,3.493499,1.620753
sz000019,2005-11-30,4.620000,4.710000,4.600000,4.650000,0.000000,228347.000000,1058417.000000,185760420.000000,724409960.000000,0.005716,8.838930,2005-09-30,2005-10-18,175.121416,11.053714,-207.979200,3.554654,1.649124
sz000019,2005-11-29,4.730000,4.750000,4.650000,4.650000,-0.025157,230752.000000,1083928.000000,185760420.000000,724409960.000000,0.005776,8.838930,2005-09-30,2005-10-18,175.121416,11.053714,-207.979200,3.554654,1.649124
sz000019,2005-11-28,4.780000,4.810000,4.720000,4.770000,-0.002092,109957.000000,522920.000000,190554240.000000,743104410.000000,0.002752,9.067029,2005-09-30,2005-10-18,179.640635,11.338968,-213.346354,3.646386,1.691682
sz000019,2005-11-25,4.790000,4.810000,4.700000,4.780000,-0.002088,187400.000000,889365.000000,190953720.000000,744662280.000000,0.004691,9.086037,2005-09-30,2005-10-18,180.017231,11.362739,-213.793610,3.654030,1.695229
sz000019,2005-11-24,4.880000,4.880000,4.760000,4.790000,-0.002083,154701.000000,742082.000000,191353200.000000,746220150.000000,0.003873,9.105048,2005-09-30,2005-10-18,180.393894,11.386514,-214.240945,3.661676,1.698776
sz000019,2005-11-23,4.710000,4.850000,4.710000,4.800000,0.012658,169090.000000,813069.000000,191752690.000000,747778020.000000,0.004233,9.124054,2005-09-30,2005-10-18,180.770438,11.410282,-214.688141,3.669319,1.702321
sz000019,2005-11-22,4.900000,4.950000,4.730000,4.740000,-0.038540,271522.000000,1309985.000000,189355780.000000,738430800.000000,0.006797,9.010005,2005-09-30,2005-10-18,178.510848,11.267656,-212.004587,3.623453,1.681043
sz000019,2005-11-21,4.880000,5.020000,4.880000,4.930000,0.010246,270769.000000,1340679.000000,196945990.000000,768030340.000000,0.006778,9.371170,2005-09-30,2005-10-18,185.666432,11.719318,-220.502763,3.768699,1.748427
sz000019,2005-11-18,4.790000,4.970000,4.740000,4.880000,0.018789,478142.000000,2337540.000000,194948570.000000,760240990.000000,0.011969,9.276127,2005-09-30,2005-10-18,183.783388,11.600460,-218.266406,3.730476,1.730695
sz000019,2005-11-17,4.780000,4.840000,4.780000,4.790000,0.000000,245160.000000,1178987.000000,191353200.000000,746220150.000000,0.006137,9.105052,2005-09-30,2005-10-18,180.393966,11.386519,-214.241031,3.661677,1.698776
sz000019,2005-11-16,4.700000,4.800000,4.640000,4.790000,0.008421,241180.000000,1135676.000000,191353200.000000,746220150.000000,0.006037,9.105052,2005-09-30,2005-10-18,180.393966,11.386519,-214.241031,3.661677,1.698776
sz000019,2005-11-15,4.800000,4.870000,4.710000,4.750000,0.000000,260789.000000,1249432.000000,189755270.000000,739988670.000000,0.006528,9.029018,2005-09-30,2005-10-18,178.887554,11.291434,-212.451973,3.631100,1.684590
sz000019,2005-11-14,4.700000,4.800000,4.650000,4.750000,0.002110,213071.000000,1005975.000000,189755270.000000,739988670.000000,0.005334,9.029018,2005-09-30,2005-10-18,178.887554,11.291434,-212.451973,3.631100,1.684590
sz000019,2005-11-11,4.690000,4.800000,4.660000,4.740000,0.006369,243949.000000,1158227.000000,189355780.000000,738430800.000000,0.006107,9.010007,2005-09-30,2005-10-18,178.510896,11.267659,-212.004643,3.623454,1.681043
sz000019,2005-11-10,4.900000,4.940000,4.700000,4.710000,-0.046559,615139.000000,2947329.000000,188157330.000000,733757180.000000,0.015398,8.952986,2005-09-30,2005-10-18,177.381155,11.196349,-210.662931,3.600522,1.670404
sz000019,2005-11-09,4.980000,5.130000,4.880000,4.940000,-0.012000,906625.000000,4538844.000000,197345480.000000,769588210.000000,0.022695,9.390183,2005-09-30,2005-10-18,186.043137,11.743096,-220.950149,3.776345,1.751975
sz000019,2005-11-08,4.800000,5.050000,4.800000,5.000000,0.035197,972381.000000,4822904.000000,199742390.000000,778935440.000000,0.024341,9.504234,2005-09-30,2005-10-18,188.302771,11.885725,-223.633754,3.822212,1.773254
sz000019,2005-11-07,4.780000,4.840000,4.680000,4.830000,0.006250,259680.000000,1235361.000000,192951140.000000,752451640.000000,0.006500,9.181087,2005-09-30,2005-10-18,181.900422,11.481607,-216.030141,3.692256,1.712963
sz000019,2005-11-04,4.830000,4.830000,4.700000,4.800000,-0.006211,263599.000000,1258572.000000,191752690.000000,747778020.000000,0.006598,9.124062,2005-09-30,2005-10-18,180.770605,11.410292,-214.688339,3.669322,1.702323
sz000019,2005-11-03,4.890000,4.940000,4.750000,4.830000,-0.016293,553979.000000,2687251.000000,192951140.000000,752451640.000000,0.013867,9.181086,2005-09-30,2005-10-18,181.900389,11.481605,-216.030102,3.692255,1.712962
sz000019,2005-11-02,4.740000,4.980000,4.680000,4.910000,0.042463,992594.000000,4817543.000000,196147020.000000,764914600.000000,0.024847,9.333151,2005-09-30,2005-10-18,184.913179,11.671773,-219.608178,3.753409,1.741334
sz000019,2005-11-01,4.700000,4.780000,4.550000,4.710000,0.006410,497124.000000,2325885.000000,188157330.000000,733757180.000000,0.012444,8.952980,2005-09-30,2005-10-18,177.381048,11.196342,-210.662803,3.600520,1.670403
sz000019,2005-10-31,4.720000,4.790000,4.520000,4.680000,-0.008475,637837.000000,2952972.000000,186958870.000000,729083570.000000,0.015966,8.895957,2005-09-30,2005-10-18,176.251277,11.125031,-209.321055,3.577588,1.659764
sz000019,2005-10-28,5.100000,5.230000,4.680000,4.720000,-0.083495,995061.000000,4830965.000000,188556810.000000,735315060.000000,0.024909,8.971995,2005-09-30,2005-10-18,177.757774,11.220122,-211.110214,3.608167,1.673951
sz000019,2005-10-27,5.120000,5.230000,5.080000,5.150000,-0.005792,506184.000000,2600134.000000,205734660.000000,802303500.000000,0.012671,9.789357,2005-09-30,2005-10-18,193.951778,12.242292,-230.342676,3.936877,1.826451
sz000019,2005-10-26,5.200000,5.460000,5.060000,5.180000,-0.013333,1044504.000000,5440774.000000,206933110.000000,806977120.000000,0.026146,9.846387,2005-09-30,2005-10-18,195.081691,12.313612,-231.684593,3.959812,1.837091
sz000019,2005-10-25,5.400000,5.400000,5.190000,5.250000,-0.034926,753212.000000,3957471.000000,209729500.000000,817882210.000000,0.018855,9.979443,2005-09-30,2005-10-18,197.717863,12.480008,-234.815387,4.013321,1.861916
sz000019,2005-10-24,5.440000,5.560000,5.420000,5.440000,0.003690,1448838.000000,7951578.000000,217319710.000000,847481760.000000,0.036268,10.340599,2005-09-30,2005-10-18,204.873267,12.931659,-243.313349,4.158563,1.929299
sz000019,2005-10-21,5.300000,5.480000,5.220000,5.420000,0.020716,925320.000000,4975118.000000,216520750.000000,844366020.000000,0.023163,10.302583,2005-09-30,2005-10-18,204.120064,12.884117,-242.418823,4.143275,1.922206
sz000019,2005-10-20,5.340000,5.390000,5.120000,5.310000,-0.023897,1035104.000000,5407353.000000,212126410.000000,827229440.000000,0.025911,10.093486,2005-09-30,2005-10-18,199.977333,12.622626,-237.498798,4.059185,1.883193
sz000019,2005-10-19,5.310000,5.680000,5.300000,5.440000,0.011152,2403806.000000,13349640.000000,217319710.000000,847481760.000000,0.060173,10.340595,2005-09-30,2005-10-18,204.873188,12.931654,-243.313255,4.158562,1.929298
sz000019,2005-10-18,5.170000,5.450000,5.100000,5.380000,0.034615,956177.000000,5093444.000000,214922810.000000,838134530.000000,0.023935,10.226549,2005-09-30,2005-10-18,202.613641,12.789031,-240.629752,4.112697,1.908020
sz000019,2005-10-17,5.090000,5.210000,5.040000,5.200000,0.017613,338700.000000,1741838.000000,207732080.000000,810092860.000000,0.008478,9.884400,2005-06-30,2005-08-06,173.767467,14.006371,-120.534792,4.016396,1.844183
sz000019,2005-10-14,5.150000,5.240000,5.080000,5.110000,-0.021073,303690.000000,1561421.000000,204136720.000000,796072020.000000,0.007602,9.713320,2005-06-30,2005-08-06,170.759873,13.763947,-118.448557,3.946879,1.812264
sz000019,2005-10-13,5.270000,5.340000,5.200000,5.220000,-0.007605,385077.000000,2023740.000000,208531050.000000,813208600.000000,0.009639,9.922415,2005-06-30,2005-08-06,174.435758,14.060238,-120.998356,4.031842,1.851276
sz000019,2005-10-12,5.180000,5.300000,5.130000,5.260000,0.011538,560063.000000,2930574.000000,210128990.000000,819440080.000000,0.014020,9.998453,2005-06-30,2005-08-06,175.772508,14.167986,-121.925600,4.062740,1.865463
sz000019,2005-10-11,5.090000,5.200000,5.000000,5.200000,0.021611,502209.000000,2563796.000000,207732080.000000,810092860.000000,0.012571,9.884407,2005-06-30,2005-08-06,173.767578,14.006380,-120.534868,4.016398,1.844184
sz000019,2005-10-10,5.230000,5.270000,5.050000,5.090000,-0.030476,412983.000000,2110618.000000,203337750.000000,792956280.000000,0.010338,9.675313,2005-06-30,2005-08-06,170.091725,13.710092,-117.985093,3.931436,1.805173
sz000019,2005-09-30,5.380000,5.410000,5.200000,5.250000,-0.034926,677800.000000,3593600.000000,209729500.000000,817882210.000000,0.016967,9.979447,2005-06-30,2005-08-06,175.438386,14.141054,-121.693834,4.055017,1.861917
sz000019,2005-09-29,5.160000,5.540000,5.160000,5.440000,0.070866,1715316.000000,9221685.000000,217319710.000000,847481760.000000,0.042938,10.340603,2005-06-30,2005-08-06,181.787496,14.652819,-126.097930,4.201768,1.929299
sz000019,2005-09-28,5.000000,5.150000,5.000000,5.080000,0.007937,351540.000000,1782996.000000,202938260.000000,791398410.000000,0.008800,9.656300,2005-06-30,2005-08-06,169.757463,13.683149,-117.753230,3.923710,1.801625
sz000019,2005-09-27,5.230000,5.280000,5.030000,5.040000,-0.036329,588487.000000,3004200.000000,201340320.000000,785166920.000000,0.014731,9.580261,2005-06-30,2005-08-06,168.420708,13.575401,-116.825982,3.892813,1.787438
sz000019,2005-09-26,5.210000,5.260000,5.150000,5.230000,0.011605,470628.000000,2445600.000000,208930530.000000,814766470.000000,0.011781,9.941423,2005-06-30,2005-08-06,174.769925,14.087174,-121.230152,4.039566,1.854822
sz000019,2005-09-23,5.180000,5.290000,5.150000,5.170000,-0.009579,533040.000000,2770976.000000,206533630.000000,805419240.000000,0.013343,9.827376,2005-06-30,2005-08-06,172.764987,13.925567,-119.839416,3.993225,1.833544
sz000019,2005-09-22,5.500000,5.540000,5.130000,5.220000,-0.061151,1144929.000000,6079985.000000,208531050.000000,813208600.000000,0.028660,9.922423,2005-06-30,2005-08-06,174.435909,14.060251,-120.998460,4.031846,1.851277
sz000019,2005-09-21,5.560000,5.800000,5.550000,5.560000,0.009074,2495460.000000,14117838.000000,222113530.000000,866176210.000000,0.062467,10.568710,2005-06-30,2005-08-06,185.797619,14.976051,-128.879575,4.294456,1.971859
sz000019,2005-09-20,5.630000,5.680000,5.440000,5.510000,-0.026502,1207727.000000,6661549.000000,220116110.000000,858386850.000000,0.030232,10.473672,2005-06-30,2005-08-06,184.126852,14.841380,-127.720638,4.255839,1.954127
sz000019,2005-09-19,5.560000,5.710000,5.500000,5.660000,0.017986,1588288.000000,8941895.000000,226108380.000000,881754920.000000,0.039758,10.758802,2005-06-30,2005-08-06,189.139425,15.245414,-131.197638,4.371697,2.007325
sz000019,2005-09-16,5.480000,5.640000,5.450000,5.560000,0.000000,1364638.000000,7565786.000000,222113530.000000,866176210.000000,0.034160,10.568713,2005-06-30,2005-08-06,185.797668,14.976055,-128.879609,4.294457,1.971859
sz000019,2005-09-15,5.500000,5.670000,5.450000,5.560000,0.005425,1541225.000000,8576755.000000,222113530.000000,866176210.000000,0.038580,10.568713,2005-06-30,2005-08-06,185.797668,14.976055,-128.879609,4.294457,1.971859
sz000019,2005-09-14,5.400000,5.600000,5.400000,5.530000,0.027881,2868394.000000,15880182.000000,220915080.000000,861502600.000000,0.071802,10.511687,2005-06-30,2005-08-06,184.795154,14.895248,-128.184210,4.271286,1.961219
sz000019,2005-09-13,5.250000,5.390000,5.160000,5.380000,0.044660,1136277.000000,6002070.000000,214922810.000000,838134530.000000,0.028444,10.226560,2005-06-30,2005-08-06,179.782635,14.491219,-124.707247,4.155428,1.908022
sz000019,2005-09-12,5.250000,5.330000,5.080000,5.150000,-0.024621,996645.000000,5132743.000000,205734660.000000,802303500.000000,0.024948,9.789367,2005-06-30,2005-08-06,172.096792,13.871708,-119.375918,3.977780,1.826453
sz000019,2005-09-09,5.300000,5.440000,5.250000,5.280000,-0.007519,701627.000000,3745406.000000,210927960.000000,822555820.000000,0.017563,10.036475,2005-06-30,2005-08-06,176.440944,14.221865,-122.389264,4.078190,1.872557
sz000019,2005-09-08,5.430000,5.490000,5.300000,5.320000,-0.022059,1159561.000000,6216064.000000,212525900.000000,828787310.000000,0.029026,10.112511,2005-06-30,2005-08-06,177.777654,14.329609,-123.316481,4.109086,1.886743
sz000019,2005-09-07,5.260000,5.450000,5.200000,5.440000,0.034221,1145816.000000,6127053.000000,217319710.000000,847481760.000000,0.028682,10.340615,2005-06-30,2005-08-06,181.787710,14.652836,-126.098079,4.201773,1.929302
sz000019,2005-09-06,5.560000,5.620000,5.220000,5.260000,-0.045372,2106174.000000,11566522.000000,210128990.000000,819440080.000000,0.052722,9.998458,2005-06-30,2005-08-06,175.772596,14.167993,-121.925661,4.062742,1.865464
sz000019,2005-09-05,5.320000,5.540000,5.320000,5.510000,0.035714,2008756.000000,10956004.000000,220116110.000000,858386850.000000,0.050284,10.473669,2005-06-30,2005-08-06,184.126797,14.841376,-127.720600,4.255837,1.954126
sz000019,2005-09-02,5.300000,5.400000,5.230000,5.320000,0.005671,1296382.000000,6916863.000000,212525900.000000,828787310.000000,0.032451,10.112511,2005-06-30,2005-08-06,177.777646,14.329608,-123.316475,4.109086,1.886743
sz000019,2005-09-01,5.200000,5.320000,5.110000,5.290000,0.015355,1431465.000000,7527081.000000,211327440.000000,824113700.000000,0.035833,10.055486,2005-06-30,2005-08-06,176.775154,14.248803,-122.621091,4.085914,1.876104
sz000019,2005-08-31,5.100000,5.300000,5.030000,5.210000,0.021569,1296559.000000,6711233.000000,208131570.000000,811650730.000000,0.032456,9.903419,2005-06-30,2005-08-06,174.101820,14.033322,-120.766718,4.024124,1.847732
sz000019,2005-08-30,5.250000,5.250000,5.080000,5.100000,-0.037736,1332767.000000,6845439.000000,203737230.000000,794514150.000000,0.033362,9.694322,2005-06-30,2005-08-06,170.425904,13.737028,-118.216898,3.939160,1.808719
sz000019,2005-08-29,5.180000,5.500000,5.050000,5.300000,0.009524,2340459.000000,12493499.000000,211726930.000000,825671570.000000,0.058587,10.074493,2005-06-30,2005-08-06,177.109301,14.275737,-122.852874,4.093638,1.879650
sz000019,2005-08-26,5.560000,5.600000,5.180000,5.250000,-0.045455,3337360.000000,17702855.000000,209729500.000000,817882210.000000,0.083542,9.979449,2005-06-30,2005-08-06,175.438425,14.141058,-121.693861,4.055018,1.861917
sz000019,2005-08-25,5.290000,5.770000,5.200000,5.500000,0.037736,3994197.000000,21866098.000000,219716620.000000,856828980.000000,0.099984,10.454666,2005-06-30,2005-08-06,183.792723,14.814448,-127.488868,4.248116,1.950581
sz000019,2005-08-24,4.940000,5.440000,4.820000,5.300000,0.064257,3890300.000000,20401509.000000,211726930.000000,825671570.000000,0.097383,10.074495,2005-06-30,2005-08-06,177.109326,14.275739,-122.852891,4.093638,1.879650
sz000019,2005-08-23,4.950000,5.130000,4.800000,4.980000,0.004032,2178422.000000,10881695.000000,198943420.000000,775819700.000000,0.054531,9.466224,2005-06-30,2005-08-06,166.415937,13.413808,-115.435361,3.846475,1.766162
sz000019,2005-08-22,5.050000,5.120000,4.720000,4.960000,-0.036893,2434920.000000,12057854.000000,198144450.000000,772703960.000000,0.060952,9.428209,2005-06-30,2005-08-06,165.747642,13.359941,-114.971795,3.831029,1.759069
sz000019,2005-08-19,5.220000,5.500000,4.900000,5.150000,-0.035581,4699566.000000,24355307.000000,205734660.000000,802303500.000000,0.117641,9.789368,2005-06-30,2005-08-06,172.096810,13.871710,-119.375931,3.977781,1.826453
sz000019,2005-08-18,5.680000,6.050000,5.240000,5.340000,-0.029091,7504989.000000,44610517.000000,213324870.000000,831903050.000000,0.187867,10.150535,2005-06-30,2005-08-06,178.446101,14.383489,-123.780153,4.124536,1.893837
sz000019,2005-08-17,4.960000,5.500000,4.810000,5.500000,0.100000,3542744.000000,18802834.000000,219716620.000000,856828980.000000,0.088683,10.454671,2005-06-30,2005-08-06,183.792818,14.814456,-127.488933,4.248118,1.950582
sz000019,2005-08-16,4.960000,5.200000,4.800000,5.000000,0.010101,3388416.000000,16982574.000000,199742390.000000,778935440.000000,0.084820,9.504247,2005-06-30,2005-08-06,167.084380,13.467687,-115.899030,3.861925,1.773256
sz000019,2005-08-15,4.990000,5.060000,4.750000,4.950000,0.002024,2940380.000000,14381951.000000,197744960.000000,771146090.000000,0.073604,9.409204,2005-06-30,2005-08-06,165.413538,13.333010,-114.740041,3.823306,1.755524
sz000019,2005-08-12,4.580000,4.940000,4.570000,4.940000,0.100223,6014380.000000,29329089.000000,197345480.000000,769588210.000000,0.150553,9.390199,2005-06-30,2005-08-06,165.079417,13.306079,-114.508276,3.815583,1.751978
sz000019,2005-08-11,4.350000,4.550000,4.350000,4.490000,0.032184,2148358.000000,9558214.000000,179368660.000000,699484030.000000,0.053778,8.534814,2005-06-30,2005-08-06,150.041780,12.093984,-104.077334,3.468009,1.592384
sz000019,2005-08-10,4.410000,4.420000,4.250000,4.350000,0.000000,1470112.000000,6350341.000000,173775870.000000,677673830.000000,0.036800,8.268694,2005-06-30,2005-08-06,145.363404,11.716887,-100.832152,3.359875,1.542733
sz000019,2005-08-09,4.160000,4.350000,4.100000,4.350000,0.035714,1683399.000000,7162318.000000,173775870.000000,677673830.000000,0.042139,8.268694,2005-06-30,2005-08-06,145.363404,11.716887,-100.832152,3.359875,1.542733
sz000019,2005-08-08,4.130000,4.270000,4.070000,4.200000,0.014493,1502888.000000,6295329.000000,167783600.000000,654305770.000000,0.037621,7.983569,2005-06-30,2005-08-06,140.350911,11.312860,-97.355208,3.244018,1.489535
sz000019,2005-08-05,4.080000,4.160000,4.030000,4.140000,0.017199,1035088.000000,4242754.000000,165386690.000000,644958540.000000,0.025911,7.869516,2005-03-31,2005-04-22,173.730138,11.610658,40.993645,3.219832,1.468256
sz000019,2005-08-04,4.020000,4.150000,3.910000,4.070000,0.009926,1452130.000000,5915211.000000,162590300.000000,634053450.000000,0.036350,7.736457,2005-03-31,2005-04-22,170.792674,11.414343,40.300516,3.165390,1.443430
sz000019,2005-08-03,3.990000,4.270000,3.990000,4.030000,0.038660,2394270.000000,9852100.000000,160992360.000000,627821960.000000,0.059934,7.660420,2005-03-31,2005-04-22,169.114048,11.302158,39.904425,3.134280,1.429244
sz000019,2005-08-02,3.810000,3.890000,3.750000,3.880000,0.013055,860812.000000,3297990.000000,155000090.000000,604453900.000000,0.021548,7.375291,2005-03-31,2005-04-22,162.819449,10.881480,38.419141,3.017618,1.376046
sz000019,2005-08-01,3.870000,3.890000,3.770000,3.830000,-0.010336,500133.000000,1907277.000000,153002670.000000,596664550.000000,0.012519,7.280247,2005-03-31,2005-04-22,160.721233,10.741253,37.924043,2.978731,1.358313
sz000019,2005-07-29,3.950000,3.950000,3.830000,3.870000,-0.015267,569860.000000,2209643.000000,154600610.000000,602896030.000000,0.014265,7.356282,2005-03-31,2005-04-22,162.399797,10.853434,38.320119,3.009841,1.372499
sz000019,2005-07-28,3.900000,4.040000,3.870000,3.930000,0.000000,1145304.000000,4524794.000000,156997510.000000,612243260.000000,0.028670,7.470331,2005-03-31,2005-04-22,164.917594,11.021702,38.914223,3.056505,1.393778
sz000019,2005-07-27,3.900000,3.950000,3.820000,3.930000,0.010283,953489.000000,3714787.000000,156997510.000000,612243260.000000,0.023868,7.470331,2005-03-31,2005-04-22,164.917594,11.021702,38.914223,3.056505,1.393778
sz000019,2005-07-26,3.800000,3.980000,3.740000,3.890000,0.023684,1304329.000000,5036892.000000,155399580.000000,606011770.000000,0.032650,7.394296,2005-03-31,2005-04-22,163.239007,10.909519,38.518141,3.025394,1.379592
sz000019,2005-07-25,3.680000,3.850000,3.640000,3.800000,0.024259,693194.000000,2584753.000000,151804210.000000,591990930.000000,0.017352,7.223221,2005-03-31,2005-04-22,159.462302,10.657116,37.626983,2.955399,1.347673
sz000019,2005-07-22,3.600000,3.810000,3.590000,3.710000,0.024862,951774.000000,3531423.000000,148208850.000000,577970100.000000,0.023825,7.052143,2005-03-31,2005-04-22,155.685527,10.404709,36.735809,2.885402,1.315755
sz000019,2005-07-21,3.700000,3.700000,3.560000,3.620000,-0.026882,713266.000000,2576492.000000,144613490.000000,563949260.000000,0.017855,6.881066,2005-03-31,2005-04-22,151.908771,10.152302,35.844640,2.815405,1.283836
sz000019,2005-07-20,3.760000,3.860000,3.660000,3.720000,-0.053435,1013284.000000,3818113.000000,148608330.000000,579527970.000000,0.025365,7.071153,2005-03-31,2005-04-22,156.105191,10.432755,36.834834,2.893180,1.319301
sz000019,2005-07-19,3.800000,3.960000,3.500000,3.930000,0.010283,1870000.000000,6760242.000000,156997510.000000,612243260.000000,0.046810,7.470330,2005-03-31,2005-04-22,164.917561,11.021700,38.914215,3.056504,1.393778
sz000019,2005-07-18,4.200000,4.400000,3.880000,3.890000,-0.053528,3874654.000000,16266262.000000,155399580.000000,606011770.000000,0.096991,7.394294,2005-03-31,2005-04-22,163.238974,10.909517,38.518133,3.025394,1.379591
sz000019,2005-07-15,3.890000,4.110000,3.880000,4.110000,0.098930,1780771.000000,7294335.000000,164188240.000000,640284930.000000,0.044577,7.812481,2005-03-31,2005-04-22,172.471002,11.526508,40.696537,3.196496,1.457615
sz000019,2005-07-14,3.730000,3.750000,3.650000,3.740000,0.013550,403155.000000,1490546.000000,149407300.000000,582643710.000000,0.010092,7.109170,2005-03-31,2005-04-22,156.944484,10.488847,37.032875,2.908735,1.326394
sz000019,2005-07-13,3.600000,3.800000,3.500000,3.690000,0.019337,438093.000000,1611974.000000,147409880.000000,574854350.000000,0.010966,7.014129,2005-03-31,2005-04-22,154.846317,10.348623,36.537788,2.869848,1.308662
sz000019,2005-07-12,3.500000,3.650000,3.410000,3.620000,0.031339,310090.000000,1109424.000000,144613490.000000,563949260.000000,0.007762,6.881070,2005-03-31,2005-04-22,151.908855,10.152308,35.844660,2.815407,1.283836
sz000019,2005-07-11,3.740000,3.800000,3.460000,3.510000,-0.027701,191949.000000,696499.000000,140219150.000000,546812680.000000,0.004805,6.671977,2005-03-31,2005-04-22,147.292845,9.843812,34.755458,2.729856,1.244825
sz000019,2005-07-08,3.800000,3.840000,3.600000,3.610000,-0.069588,396599.000000,1462974.000000,144214000.000000,562391390.000000,0.009928,6.862063,2005-03-31,2005-04-22,151.489248,10.124265,35.745649,2.807630,1.280290
sz000019,2005-07-07,3.730000,3.880000,3.700000,3.880000,0.040214,321634.000000,1227093.000000,155000090.000000,604453900.000000,0.008051,7.375295,2005-03-31,2005-04-22,162.819534,10.881485,38.419161,3.017620,1.376047
sz000019,2005-07-06,3.740000,3.830000,3.670000,3.730000,0.013587,250149.000000,933653.000000,149007820.000000,581085840.000000,0.006262,7.090171,2005-03-31,2005-04-22,156.525036,10.460814,36.933901,2.900961,1.322850
sz000019,2005-07-05,3.670000,3.800000,3.660000,3.680000,-0.018667,281378.000000,1044256.000000,147010400.000000,573296480.000000,0.007044,6.995128,2005-03-31,2005-04-22,154.426839,10.320588,36.438807,2.862074,1.305117
sz000019,2005-07-04,3.900000,3.900000,3.550000,3.750000,-0.048223,502228.000000,1830747.000000,149806790.000000,584201580.000000,0.012572,7.128190,2005-03-31,2005-04-22,157.364359,10.516908,37.131949,2.916516,1.329943
sz000019,2005-07-01,4.350000,4.360000,3.940000,3.940000,-0.100457,835913.000000,3436486.000000,157397000.000000,613801130.000000,0.020925,7.489349,2005-03-31,2005-04-22,165.337426,11.049760,39.013287,3.064285,1.397326
sz000019,2005-06-30,4.400000,4.470000,4.370000,4.380000,-0.013514,391620.000000,1718248.000000,174974330.000000,682347450.000000,0.009803,8.325726,2005-03-31,2005-04-22,183.801582,12.283749,43.370119,3.406491,1.553373
sz000019,2005-06-29,4.580000,4.580000,4.420000,4.440000,-0.019868,374234.000000,1675799.000000,177371240.000000,691694670.000000,0.009368,8.439781,2005-03-31,2005-04-22,186.319503,12.452025,43.964252,3.453157,1.574653
sz000019,2005-06-28,4.700000,4.700000,4.510000,4.530000,-0.038217,588751.000000,2694582.000000,180966600.000000,705715510.000000,0.014738,8.610862,2005-03-31,2005-04-22,190.096337,12.704437,44.855440,3.523155,1.606573
sz000019,2005-06-27,4.600000,4.800000,4.600000,4.710000,0.019481,1168113.000000,5503908.000000,188157330.000000,733757180.000000,0.029240,8.953019,2005-03-31,2005-04-22,197.649925,13.209255,46.637796,3.663150,1.670411
sz000019,2005-06-24,4.700000,4.770000,4.550000,4.620000,-0.025316,1009823.000000,4679495.000000,184561960.000000,719736350.000000,0.025278,8.781938,2005-03-31,2005-04-22,193.873083,12.956843,45.746607,3.593152,1.638491
sz000019,2005-06-23,4.420000,4.780000,4.400000,4.740000,0.074830,1896330.000000,8796760.000000,189355780.000000,738430800.000000,0.047469,9.010036,2005-03-31,2005-04-22,198.908654,13.293378,46.934808,3.686479,1.681049
sz000019,2005-06-22,4.390000,4.450000,4.340000,4.410000,0.002273,111587.000000,488953.000000,176172780.000000,687021060.000000,0.002793,8.382755,2005-03-31,2005-04-22,185.060572,12.367889,43.667192,3.429825,1.564014
sz000019,2005-06-21,4.480000,4.480000,4.370000,4.400000,-0.017857,180210.000000,795934.000000,175773300.000000,685463190.000000,0.004511,8.363744,2005-03-31,2005-04-22,184.640883,12.339840,43.568162,3.422047,1.560467
sz000019,2005-06-20,4.330000,4.490000,4.330000,4.480000,0.022831,281559.000000,1246328.000000,178969180.000000,697926150.000000,0.007048,8.515811,2005-03-31,2005-04-22,187.997963,12.564199,44.360304,3.484265,1.588839
sz000019,2005-06-17,4.450000,4.500000,4.350000,4.380000,-0.013514,192939.000000,847220.000000,174974330.000000,682347450.000000,0.004830,8.325726,2005-03-31,2005-04-22,183.801589,12.283749,43.370121,3.406492,1.553373
sz000019,2005-06-16,4.500000,4.500000,4.360000,4.440000,0.002257,118912.000000,526194.000000,177371240.000000,691694670.000000,0.002977,8.439782,2005-03-31,2005-04-22,186.319511,12.452026,43.964254,3.453157,1.574653
sz000019,2005-06-15,4.500000,4.590000,4.350000,4.430000,-0.019912,190899.000000,844669.000000,176971750.000000,690136800.000000,0.004779,8.420776,2005-03-31,2005-04-22,185.899934,12.423985,43.865250,3.445381,1.571107
sz000019,2005-06-14,4.640000,4.710000,4.520000,4.520000,-0.025862,268300.000000,1236959.000000,180567120.000000,704157640.000000,0.006716,8.591857,2005-03-31,2005-04-22,189.676778,12.676397,44.756440,3.515380,1.603027
sz000019,2005-06-13,4.690000,4.750000,4.580000,4.640000,0.004329,277015.000000,1282851.000000,185360930.000000,722852090.000000,0.006934,8.819959,2005-03-31,2005-04-22,194.712431,13.012938,45.944661,3.608708,1.645585
sz000019,2005-06-10,4.700000,4.850000,4.580000,4.620000,-0.033473,527590.000000,2476301.000000,184561960.000000,719736350.000000,0.013207,8.781942,2005-03-31,2005-04-22,193.873154,12.956848,45.746624,3.593153,1.638492
sz000019,2005-06-09,4.700000,4.980000,4.550000,4.780000,-0.002088,1084344.000000,5165078.000000,190953720.000000,744662280.000000,0.027144,9.086080,2005-03-31,2005-04-22,200.587417,13.405572,47.330932,3.717592,1.695237
sz000019,2005-06-08,4.460000,4.830000,4.460000,4.790000,0.073991,1062335.000000,4961142.000000,191353200.000000,746220150.000000,0.026593,9.105091,2005-03-31,2005-04-22,201.007120,13.433622,47.429966,3.725371,1.698784
sz000019,2005-06-07,4.400000,4.630000,4.370000,4.460000,0.002247,379237.000000,1717851.000000,178170210.000000,694810410.000000,0.009493,8.477810,2005-03-31,2005-04-22,187.159036,12.508133,44.162349,3.468717,1.581748
sz000019,2005-06-06,4.360000,4.470000,4.300000,4.450000,0.020642,116603.000000,513777.000000,177770720.000000,693252540.000000,0.002919,8.458803,2005-03-31,2005-04-22,186.739432,12.480090,44.063339,3.460940,1.578202
sz000019,2005-06-03,4.400000,4.410000,4.280000,4.360000,0.004608,113000.000000,489846.000000,174175360.000000,679231700.000000,0.002829,8.287728,2005-03-31,2005-04-22,182.962716,12.227686,43.172179,3.390944,1.546284
sz000019,2005-06-02,4.380000,4.400000,4.330000,4.340000,-0.009132,164770.000000,718972.000000,173376390.000000,676115960.000000,0.004125,8.249713,2005-03-31,2005-04-22,182.123491,12.171599,42.974154,3.375390,1.539191
sz000019,2005-06-01,4.430000,4.430000,4.330000,4.380000,-0.017937,166060.000000,723628.000000,174974330.000000,682347450.000000,0.004157,8.325744,2005-03-31,2005-04-22,183.801970,12.283775,43.370211,3.406499,1.553377
sz000019,2005-05-31,4.550000,4.550000,4.450000,4.460000,-0.008889,107899.000000,485223.000000,178170210.000000,694810410.000000,0.002701,8.477810,2005-03-31,2005-04-22,187.159042,12.508133,44.162351,3.468717,1.581749
sz000019,2005-05-30,4.420000,4.530000,4.410000,4.500000,0.013514,144200.000000,647955.000000,179768150.000000,701041900.000000,0.003610,8.553845,2005-03-31,2005-04-22,188.837620,12.620315,44.558431,3.499827,1.595935
sz000019,2005-05-27,4.420000,4.530000,4.410000,4.440000,-0.006711,212947.000000,951385.000000,177371240.000000,691694670.000000,0.005331,8.439790,2005-03-31,2005-04-22,186.319695,12.452038,43.964297,3.453161,1.574655
sz000019,2005-05-26,4.500000,4.550000,4.430000,4.470000,-0.008869,184353.000000,823656.000000,178569690.000000,696368280.000000,0.004615,8.496812,2005-03-31,2005-04-22,187.578535,12.536168,44.261335,3.476492,1.585294
sz000019,2005-05-25,4.350000,4.600000,4.340000,4.510000,0.022676,398110.000000,1796886.000000,180167630.000000,702599770.000000,0.009966,8.572845,2005-03-31,2005-04-22,189.257056,12.648347,44.657402,3.507601,1.599480
sz000019,2005-05-24,4.320000,4.460000,4.300000,4.410000,0.020833,188596.000000,830799.000000,176172780.000000,687021060.000000,0.004721,8.382757,2005-03-31,2005-04-22,185.060621,12.367892,43.667204,3.429826,1.564014
sz000019,2005-05-23,4.370000,4.470000,4.300000,4.320000,-0.033557,310893.000000,1350377.000000,172577420.000000,673000220.000000,0.007782,8.211683,2005-03-31,2005-04-22,181.283933,12.115490,42.776051,3.359830,1.532096
sz000019,2005-05-20,4.510000,4.600000,4.460000,4.470000,-0.011062,264533.000000,1201463.000000,178569690.000000,696368280.000000,0.006622,8.496811,2005-03-31,2005-04-22,187.578505,12.536166,44.261328,3.476491,1.585294
sz000019,2005-05-19,4.650000,4.660000,4.440000,4.520000,-0.015251,260521.000000,1176998.000000,180567120.000000,704157640.000000,0.006521,8.591854,2005-03-31,2005-04-22,189.676709,12.676393,44.756423,3.515378,1.603026
sz000019,2005-05-18,4.510000,4.590000,4.460000,4.590000,0.006579,318812.000000,1438479.000000,183363510.000000,715062730.000000,0.007981,8.724917,2005-03-31,2005-04-22,192.614269,12.872714,45.449575,3.569822,1.627853
sz000019,2005-05-17,4.400000,4.670000,4.390000,4.560000,0.038724,553771.000000,2512590.000000,182165060.000000,710389120.000000,0.013862,8.667891,2005-03-31,2005-04-22,191.355342,12.788578,45.152517,3.546489,1.617213
sz000019,2005-05-16,4.260000,4.400000,4.260000,4.390000,0.004577,170326.000000,738894.000000,175373810.000000,683905320.000000,0.004264,8.344749,2005-03-31,2005-04-22,184.221547,12.311816,43.469215,3.414275,1.556923
sz000019,2005-05-13,4.390000,4.500000,4.280000,4.370000,-0.004556,339908.000000,1480766.000000,174574840.000000,680789570.000000,0.008509,8.306729,2005-03-31,2005-04-22,183.382206,12.255721,43.271163,3.398719,1.549829
sz000019,2005-05-12,4.470000,4.560000,4.350000,4.390000,-0.028761,344990.000000,1529616.000000,175373810.000000,683905320.000000,0.008636,8.344748,2005-03-31,2005-04-22,184.221520,12.311814,43.469208,3.414274,1.556922
sz000019,2005-05-11,4.450000,4.680000,4.450000,4.520000,-0.008772,657160.000000,3015319.000000,180567120.000000,704157640.000000,0.016450,8.591859,2005-03-31,2005-04-22,189.676815,12.676400,44.756448,3.515380,1.603027
sz000019,2005-05-10,4.380000,4.560000,4.200000,4.560000,0.038724,568921.000000,2519110.000000,182165060.000000,710389120.000000,0.014241,8.667893,2005-03-31,2005-04-22,191.355384,12.788581,45.152526,3.546490,1.617213
sz000019,2005-05-09,4.500000,4.580000,4.350000,4.390000,-0.022272,254628.000000,1129702.000000,175373810.000000,683905320.000000,0.006374,8.344751,2005-03-31,2005-04-22,184.221587,12.311818,43.469224,3.414276,1.556923
sz000019,2005-04-29,4.450000,4.690000,4.300000,4.490000,0.004474,685174.000000,3083379.000000,179368660.000000,699484030.000000,0.017151,8.534839,2005-03-31,2005-04-22,188.418034,12.592273,44.459425,3.492051,1.592389
sz000019,2005-04-28,4.190000,4.620000,4.100000,4.470000,0.061758,703942.000000,3100074.000000,178569690.000000,696368280.000000,0.017621,8.496824,2005-03-31,2005-04-22,187.578806,12.536187,44.261399,3.476497,1.585296
sz000019,2005-04-27,4.450000,4.450000,4.180000,4.210000,-0.053933,312239.000000,1342596.000000,168183090.000000,655863640.000000,0.007816,8.002600,2005-03-31,2005-04-22,176.668135,11.807009,41.686899,3.274283,1.493086
sz000019,2005-04-26,4.350000,4.480000,4.230000,4.450000,0.027714,433723.000000,1905854.000000,177770720.000000,693252540.000000,0.010857,8.458809,2005-03-31,2005-04-22,186.739560,12.480098,44.063369,3.460942,1.578203
sz000019,2005-04-25,4.270000,4.350000,4.110000,4.330000,0.014052,431084.000000,1809094.000000,172976910.000000,674558090.000000,0.010791,8.230703,2005-03-31,2005-04-22,181.703820,12.143552,42.875128,3.367612,1.535644
sz000019,2005-04-22,4.190000,4.480000,4.110000,4.270000,-0.016129,422509.000000,1834147.000000,170580000.000000,665210870.000000,0.010576,8.116648,2005-03-31,2005-04-22,179.185900,11.975275,42.280995,3.320947,1.514365
sz000019,2005-04-21,4.800000,4.800000,4.340000,4.340000,-0.099585,925987.000000,4115118.000000,173376390.000000,676115960.000000,0.023180,8.249707,2004-12-31,2005-04-13,183.222859,12.193100,536.332164,3.379044,1.539190
sz000019,2005-04-20,4.600000,4.890000,4.560000,4.820000,0.047826,986250.000000,4659102.000000,192551660.000000,750893760.000000,0.024688,9.162117,2004-12-31,2005-04-13,203.487125,13.541645,595.649966,3.752763,1.709423
sz000019,2005-04-19,4.660000,4.700000,4.500000,4.600000,-0.031579,377684.000000,1735930.000000,183762990.000000,716620600.000000,0.009454,8.743930,2004-12-31,2005-04-13,194.199347,12.923563,568.462670,3.581475,1.631400
sz000019,2005-04-18,4.650000,4.760000,4.420000,4.750000,0.017131,465937.000000,2150003.000000,189755270.000000,739988670.000000,0.011663,9.029058,2004-12-31,2005-04-13,200.531945,13.344984,586.999528,3.698262,1.684598
sz000019,2005-04-15,4.960000,4.960000,4.620000,4.670000,-0.058468,816571.000000,3848564.000000,186559390.000000,727525700.000000,0.020441,8.876987,2004-12-31,2005-04-13,197.154491,13.120221,577.113005,3.635975,1.656225
sz000019,2005-04-14,5.220000,5.280000,4.950000,4.960000,-0.064151,1140766.000000,5784039.000000,198144450.000000,772703960.000000,0.028556,9.428237,2004-12-31,2005-04-13,209.397547,13.934971,612.951026,3.861764,1.759075
sz000019,2005-04-13,5.380000,5.450000,5.200000,5.300000,-0.003759,912488.000000,4806039.000000,211726930.000000,825671570.000000,0.022842,10.074528,2004-12-31,2005-04-13,223.751425,14.890192,654.967870,4.126482,1.879656
sz000019,2005-04-12,5.260000,5.390000,5.180000,5.320000,0.011407,944847.000000,4997105.000000,212525900.000000,828787310.000000,0.023652,10.112541,2004-09-30,2004-10-20,-27.878065,14.083647,-29.648944,4.152146,1.886749
sz000019,2005-04-11,5.300000,5.600000,5.210000,5.260000,0.009597,1579655.000000,8557764.000000,210128990.000000,819440080.000000,0.039542,9.998488,2004-09-30,2004-10-20,-27.563647,13.924807,-29.314553,4.105316,1.865469
sz000019,2005-04-08,5.200000,5.400000,5.100000,5.210000,0.001923,1513251.000000,7936291.000000,208131570.000000,811650730.000000,0.037880,9.903445,2004-09-30,2004-10-20,-27.301633,13.792441,-29.035896,4.066292,1.847736
sz000019,2005-04-07,4.870000,5.340000,4.850000,5.200000,0.061224,2325030.000000,11986787.000000,207732080.000000,810092860.000000,0.058201,9.884437,2004-09-30,2004-10-20,-27.249233,13.765969,-28.980167,4.058488,1.844190
sz000019,2005-04-06,5.000000,5.040000,4.800000,4.900000,-0.031621,1323427.000000,6491334.000000,195747540.000000,763356730.000000,0.033128,9.314185,2004-09-30,2004-10-20,-25.677173,12.971784,-27.308247,3.824346,1.737795
sz000019,2005-04-05,5.060000,5.400000,5.050000,5.060000,-0.007843,1670477.000000,8697630.000000,202139290.000000,788282670.000000,0.041816,9.618326,2004-09-30,2004-10-20,-26.515624,13.395359,-28.199958,3.949224,1.794540
sz000019,2005-04-04,5.180000,5.280000,4.970000,5.100000,-0.019231,1466488.000000,7475473.000000,203737230.000000,794514150.000000,0.036709,9.694359,2004-09-30,2004-10-20,-26.725230,13.501249,-28.422878,3.980443,1.808726
sz000019,2005-04-01,4.930000,5.200000,4.800000,5.200000,0.027668,2544837.000000,12891823.000000,207732080.000000,810092860.000000,0.063703,9.884447,2004-09-30,2004-10-20,-27.249260,13.765983,-28.980197,4.058492,1.844192
sz000019,2005-03-31,4.790000,5.200000,4.660000,5.060000,0.056367,3420434.000000,17079881.000000,202139290.000000,788282670.000000,0.085621,9.618327,2004-09-30,2004-10-20,-26.515626,13.395360,-28.199960,3.949225,1.794541
sz000019,2005-03-30,4.370000,4.790000,4.300000,4.790000,0.101149,1446103.000000,6735460.000000,191353200.000000,746220150.000000,0.036199,9.105100,2004-09-30,2004-10-20,-25.100771,12.680593,-26.695230,3.738497,1.698785
sz000019,2005-03-29,4.260000,4.430000,4.190000,4.350000,0.023529,314412.000000,1362531.000000,173775870.000000,677673830.000000,0.007870,8.268726,2004-09-30,2004-10-20,-22.795072,11.515783,-24.243068,3.395087,1.542739
sz000019,2005-03-28,4.390000,4.390000,4.120000,4.250000,-0.040632,356742.000000,1504104.000000,169781030.000000,662095120.000000,0.008930,8.078644,2004-09-30,2004-10-20,-22.271056,11.251057,-23.685766,3.317041,1.507274
sz000019,2005-03-25,4.520000,4.520000,4.430000,4.430000,-0.017738,146400.000000,654451.000000,176971750.000000,690136800.000000,0.003665,8.420798,2004-09-30,2004-10-20,-23.214300,11.727572,-24.688926,3.457527,1.571111
sz000019,2005-03-24,4.470000,4.540000,4.400000,4.510000,0.011211,252666.000000,1127263.000000,180167630.000000,702599770.000000,0.006325,8.572863,2004-09-30,2004-10-20,-23.633511,11.939352,-25.134766,3.519964,1.599483
sz000019,2005-03-23,4.400000,4.570000,4.400000,4.460000,0.000000,263419.000000,1176378.000000,178170210.000000,694810410.000000,0.006594,8.477819,2004-09-30,2004-10-20,-23.371493,11.806984,-24.856105,3.480939,1.581750
sz000019,2005-03-22,4.990000,5.000000,4.420000,4.460000,-0.082305,342100.000000,1603871.000000,178170210.000000,694810410.000000,0.008564,8.477819,2004-09-30,2004-10-20,-23.371493,11.806984,-24.856105,3.480939,1.581750
sz000019,2005-03-21,4.780000,4.910000,4.700000,4.860000,0.000000,97678.000000,474745.000000,194149600.000000,757125250.000000,0.002445,9.238166,2004-09-30,2004-10-20,-25.467604,12.865913,-27.085366,3.793133,1.723612
sz000019,2005-03-18,5.080000,5.160000,4.850000,4.860000,-0.050781,216986.000000,1074370.000000,194149600.000000,757125250.000000,0.005432,9.238166,2004-09-30,2004-10-20,-25.467604,12.865913,-27.085366,3.793133,1.723612
sz000019,2005-03-17,5.400000,5.420000,5.060000,5.120000,-0.041199,413799.000000,2179745.000000,204536200.000000,797629890.000000,0.010358,9.732386,2004-09-30,2004-10-20,-26.830062,13.554209,-28.534370,3.996057,1.815821
sz000019,2005-03-16,5.320000,5.360000,5.250000,5.340000,0.007547,308689.000000,1640339.000000,213324870.000000,831903050.000000,0.007727,10.150580,2004-09-30,2004-10-20,-27.982931,14.136624,-29.760471,4.167764,1.893846
sz000019,2005-03-15,5.390000,5.450000,5.290000,5.300000,-0.016698,227842.000000,1211280.000000,211726930.000000,825671570.000000,0.005703,10.074547,2004-09-30,2004-10-20,-27.773325,14.030734,-29.537551,4.136546,1.879660
sz000019,2005-03-14,5.500000,5.510000,5.280000,5.390000,-0.021779,246400.000000,1326505.000000,215322290.000000,839692400.000000,0.006168,10.245629,2004-09-30,2004-10-20,-28.244960,14.268997,-30.039145,4.206791,1.911580
sz000019,2005-03-11,5.400000,5.520000,5.350000,5.510000,0.022263,262400.000000,1427913.000000,220116110.000000,858386850.000000,0.006568,10.473736,2004-09-30,2004-10-20,-28.873802,14.586681,-30.707933,4.300450,1.954139
sz000019,2005-03-10,5.420000,5.460000,5.310000,5.390000,-0.001852,346812.000000,1876635.000000,215322290.000000,839692400.000000,0.008681,10.245638,2004-09-30,2004-10-20,-28.244984,14.269010,-30.039171,4.206795,1.911581
sz000019,2005-03-09,5.430000,5.450000,5.330000,5.400000,-0.003690,166697.000000,898356.000000,215721780.000000,841250280.000000,0.004173,10.264648,2004-09-30,2004-10-20,-28.297391,14.295485,-30.094907,4.214600,1.915128
sz000019,2005-03-08,5.290000,5.430000,5.280000,5.420000,0.022642,181410.000000,970868.000000,216520750.000000,844366020.000000,0.004541,10.302665,2004-09-30,2004-10-20,-28.402195,14.348431,-30.206368,4.230209,1.922221
sz000019,2005-03-07,5.330000,5.380000,5.220000,5.300000,0.003788,100730.000000,532089.000000,211726930.000000,825671570.000000,0.002521,10.074556,2004-09-30,2004-10-20,-27.773351,14.030747,-29.537578,4.136550,1.879662
sz000019,2005-03-04,5.400000,5.400000,5.250000,5.280000,-0.024030,111180.000000,592818.000000,210927960.000000,822555820.000000,0.002783,10.036538,2004-09-30,2004-10-20,-27.668542,13.977799,-29.426112,4.120940,1.872568
sz000019,2005-03-03,5.350000,5.420000,5.330000,5.410000,0.005576,108426.000000,583307.000000,216121260.000000,842808150.000000,0.002714,10.283654,2004-09-30,2004-10-20,-28.349788,14.321955,-30.150632,4.222404,1.918674
sz000019,2005-03-02,5.550000,5.580000,5.380000,5.380000,-0.035842,210610.000000,1149114.000000,214922810.000000,838134530.000000,0.005272,10.226631,2004-09-30,2004-10-20,-28.192586,14.242539,-29.983444,4.198990,1.908035
sz000019,2005-03-01,5.550000,5.650000,5.510000,5.580000,0.005405,260799.000000,1448533.000000,222912500.000000,869291950.000000,0.006528,10.606799,2004-09-30,2004-10-20,-29.240628,14.771997,-31.098061,4.355085,1.978965
sz000019,2005-02-28,5.630000,5.700000,5.500000,5.550000,0.010929,557929.000000,3131037.000000,221714050.000000,864618340.000000,0.013966,10.549778,2004-09-30,2004-10-20,-29.083433,14.692583,-30.930880,4.331673,1.968326
sz000019,2005-02-25,5.430000,5.550000,5.380000,5.490000,0.011050,264502.000000,1450949.000000,219317140.000000,855271110.000000,0.006621,10.435726,2004-09-30,2004-10-20,-28.769016,14.533744,-30.596491,4.284844,1.947047
sz000019,2005-02-24,5.420000,5.500000,5.340000,5.430000,-0.001838,218045.000000,1180703.000000,216920230.000000,845923890.000000,0.005458,10.321671,2004-09-30,2004-10-20,-28.454593,14.374901,-30.262094,4.238014,1.925767
sz000019,2005-02-23,5.330000,5.740000,5.250000,5.440000,0.020638,471481.000000,2579093.000000,217319710.000000,847481760.000000,0.011802,10.340678,2004-09-30,2004-10-20,-28.506989,14.401371,-30.317819,4.245817,1.929313
sz000019,2005-02-22,5.110000,5.350000,5.110000,5.330000,0.043053,258445.000000,1352259.000000,212925380.000000,830345180.000000,0.006469,10.131582,2004-09-30,2004-10-20,-27.930558,14.110166,-29.704771,4.159964,1.890301
sz000019,2005-02-21,5.010000,5.160000,5.010000,5.110000,0.007890,67651.000000,344950.000000,204136720.000000,796072020.000000,0.001693,9.713391,2004-09-30,2004-10-20,-26.777697,13.527755,-28.478679,3.988258,1.812277
sz000019,2005-02-18,5.140000,5.170000,5.040000,5.070000,-0.017442,58000.000000,295425.000000,202538780.000000,789840540.000000,0.001452,9.637353,2004-09-30,2004-10-20,-26.568075,13.421857,-28.255741,3.957037,1.798090
sz000019,2005-02-17,5.140000,5.160000,5.060000,5.160000,0.003891,40706.000000,208122.000000,206134140.000000,803861370.000000,0.001019,9.808431,2004-09-30,2004-10-20,-27.039702,13.660116,-28.757326,4.027280,1.830009
sz000019,2005-02-16,5.160000,5.310000,5.100000,5.140000,0.007843,94148.000000,486736.000000,205335170.000000,800745630.000000,0.002357,9.770415,2004-09-30,2004-10-20,-26.934898,13.607171,-28.645865,4.011671,1.822916
sz000019,2005-02-04,4.750000,5.120000,4.750000,5.100000,0.032389,150808.000000,758011.000000,203737230.000000,794514150.000000,0.003775,9.694382,2004-09-30,2004-10-20,-26.725292,13.501280,-28.422944,3.980452,1.808731
sz000019,2005-02-03,5.180000,5.180000,4.920000,4.940000,-0.035156,186638.000000,942597.000000,197345480.000000,769588210.000000,0.004672,9.390241,2004-09-30,2004-10-20,-25.886843,13.077707,-27.531235,3.855574,1.751985
sz000019,2005-02-02,4.600000,5.170000,4.600000,5.120000,0.051335,206267.000000,1023566.000000,204536200.000000,797629890.000000,0.005163,9.732393,2004-09-30,2004-10-20,-26.830081,13.554219,-28.534390,3.996060,1.815823
sz000019,2005-02-01,4.900000,5.070000,4.800000,4.870000,-0.006122,89700.000000,441505.800000,194549080.000000,758683120.000000,0.002245,9.257176,2004-09-30,2004-10-20,-25.520011,12.892388,-27.141102,3.800938,1.727159
sz000019,2005-01-31,5.150000,5.210000,4.890000,4.900000,-0.059501,228200.000000,1148897.000000,195747540.000000,763356730.000000,0.005712,9.314197,2004-09-30,2004-10-20,-25.677207,12.971801,-27.308283,3.824351,1.737798
sz000019,2005-01-28,5.370000,5.400000,5.200000,5.210000,-0.029795,100100.000000,531959.000000,208131570.000000,811650730.000000,0.002506,9.903463,2004-09-30,2004-10-20,-27.301685,13.792467,-29.035951,4.066300,1.847740
sz000019,2005-01-27,5.370000,5.500000,5.370000,5.370000,-0.016484,112301.000000,607363.000000,214523320.000000,836576660.000000,0.002811,10.207599,2004-09-30,2004-10-20,-28.140120,14.216034,-29.927645,4.191176,1.904484
sz000019,2005-01-26,5.460000,5.480000,5.410000,5.460000,-0.005464,102800.000000,559595.000000,218118680.000000,850597500.000000,0.002573,10.378681,2004-09-30,2004-10-20,-28.611756,14.454298,-30.429241,4.261421,1.936404
sz000019,2005-01-25,5.460000,5.520000,5.380000,5.490000,-0.010811,88650.000000,483246.000000,219317140.000000,855271110.000000,0.002219,10.435702,2004-09-30,2004-10-20,-28.768949,14.533710,-30.596420,4.284834,1.947042
sz000019,2005-01-24,5.580000,5.630000,5.500000,5.550000,0.020221,188680.000000,1049134.000000,221714050.000000,864618340.000000,0.004723,10.549755,2004-09-30,2004-10-20,-29.083370,14.692552,-30.930813,4.331663,1.968322
sz000019,2005-01-21,5.310000,5.440000,5.270000,5.440000,0.016822,264861.000000,1419491.000000,217319710.000000,847481760.000000,0.006630,10.340657,2004-09-30,2004-10-20,-28.506931,14.401342,-30.317757,4.245809,1.929309
sz000019,2005-01-20,5.480000,5.500000,5.280000,5.350000,-0.036036,222070.000000,1193155.000000,213724350.000000,833460920.000000,0.005559,10.169584,2004-09-30,2004-10-20,-28.035321,14.163091,-29.816189,4.175567,1.897391
sz000019,2005-01-19,5.630000,5.630000,5.500000,5.550000,-0.001799,76728.000000,423800.000000,221714050.000000,864618340.000000,0.001921,10.549755,2004-09-30,2004-10-20,-29.083369,14.692551,-30.930812,4.331663,1.968322
sz000019,2005-01-18,5.480000,5.610000,5.460000,5.560000,0.016453,152739.000000,845188.000000,222113530.000000,866176210.000000,0.003823,10.568768,2004-09-30,2004-10-20,-29.135784,14.719031,-30.986557,4.339470,1.971869
sz000019,2005-01-17,5.600000,5.600000,5.440000,5.470000,-0.033569,252430.000000,1392470.000000,218518170.000000,852155370.000000,0.006319,10.397695,2004-09-30,2004-10-20,-28.664173,14.480779,-30.484987,4.269228,1.939951
sz000019,2005-01-14,5.760000,5.820000,5.640000,5.660000,-0.027491,302731.000000,1729861.000000,226108380.000000,881754920.000000,0.007578,10.758859,2004-09-30,2004-10-20,-29.659823,14.983769,-31.543884,4.417520,2.007336
sz000019,2005-01-13,5.660000,5.900000,5.560000,5.820000,0.039286,465794.000000,2674276.000000,232500140.000000,906680850.000000,0.011660,11.062992,2004-09-30,2004-10-20,-30.498251,15.407332,-32.435570,4.542395,2.064079
sz000019,2005-01-12,5.690000,5.690000,5.560000,5.600000,-0.015817,150942.000000,844626.000000,223711470.000000,872407690.000000,0.003778,10.644800,2004-09-30,2004-10-20,-29.345388,14.824920,-31.209475,4.370688,1.986055
sz000019,2005-01-11,5.630000,5.730000,5.550000,5.690000,0.005300,242100.000000,1369204.000000,227306830.000000,886428530.000000,0.006060,10.815875,2004-09-30,2004-10-20,-29.817003,15.063174,-31.711049,4.440930,2.017973
sz000019,2005-01-10,5.630000,5.730000,5.520000,5.660000,0.001770,235969.000000,1333525.000000,226108380.000000,881754920.000000,0.005907,10.758853,2004-09-30,2004-10-20,-29.659806,14.983760,-31.543866,4.417517,2.007334
sz000019,2005-01-07,5.480000,5.750000,5.200000,5.650000,-0.017391,674562.000000,3725425.000000,225708900.000000,880197050.000000,0.016886,10.739843,2004-09-30,2004-10-20,-29.607401,14.957286,-31.488132,4.409712,2.003788
sz000019,2005-01-06,5.780000,6.090000,5.700000,5.750000,0.037906,1547492.000000,9198334.000000,229703740.000000,895775760.000000,0.038737,10.929926,2004-09-30,2004-10-20,-30.131417,15.222012,-32.045434,4.487759,2.039252
sz000019,2005-01-05,5.500000,5.600000,5.430000,5.540000,0.018382,58885.000000,325761.000000,221314560.000000,863060470.000000,0.001474,10.530747,2004-09-30,2004-10-20,-29.030969,14.666079,-30.875083,4.323859,1.964776
sz000019,2005-01-04,5.500000,5.500000,5.040000,5.440000,-0.021583,93968.000000,510625.000000,217319710.000000,847481760.000000,0.002352,10.340665,2004-09-30,2004-10-20,-28.506954,14.401354,-30.317782,4.245812,1.929311
sz000019,2004-12-31,5.680000,5.760000,5.490000,5.560000,-0.005367,60799.000000,339729.000000,222113530.000000,866176210.000000,0.001522,10.568771,2004-09-30,2004-10-20,-29.135792,14.719035,-30.986565,4.339471,1.971870
sz000019,2004-12-30,5.590000,5.620000,5.460000,5.590000,0.000000,73967.000000,409686.000000,223311990.000000,870849820.000000,0.001852,10.625800,2004-09-30,2004-10-20,-29.293007,14.798458,-31.153767,4.362887,1.982510
sz000019,2004-12-29,5.630000,5.650000,5.580000,5.590000,-0.005338,62889.000000,352652.000000,223311990.000000,870849820.000000,0.001574,10.625800,2004-09-30,2004-10-20,-29.293007,14.798458,-31.153767,4.362887,1.982510
sz000019,2004-12-28,5.640000,5.750000,5.600000,5.620000,-0.020906,103022.000000,579296.000000,224510440.000000,875523430.000000,0.002579,10.682824,2004-09-30,2004-10-20,-29.450213,14.877876,-31.320958,4.386301,1.993149
sz000019,2004-12-27,5.700000,5.750000,5.680000,5.740000,0.003497,81301.000000,464175.000000,229304260.000000,894217890.000000,0.002035,10.910928,2004-09-30,2004-10-20,-30.079045,15.195554,-31.989736,4.479959,2.035708
sz000019,2004-12-24,5.720000,5.830000,5.650000,5.720000,0.003509,63082.000000,360776.000000,228505290.000000,891102140.000000,0.001579,10.872906,2004-09-30,2004-10-20,-29.974225,15.142601,-31.878258,4.464347,2.028614
sz000019,2004-12-23,5.800000,5.820000,5.700000,5.700000,-0.027304,55894.000000,320701.000000,227706320.000000,887986400.000000,0.001399,10.834886,2004-09-30,2004-10-20,-29.869413,15.089651,-31.766788,4.448736,2.021520
sz000019,2004-12-22,5.610000,5.860000,5.600000,5.860000,0.031690,136930.000000,791011.000000,234098080.000000,912912340.000000,0.003428,11.139026,2004-09-30,2004-10-20,-30.707861,15.513224,-32.658495,4.573614,2.078265
sz000019,2004-12-21,5.730000,5.750000,5.670000,5.680000,0.001764,74994.000000,426880.000000,226907350.000000,884870660.000000,0.001877,10.796873,2004-09-30,2004-10-20,-29.764620,15.036711,-31.655338,4.433128,2.014428
sz000019,2004-12-20,5.740000,5.740000,5.570000,5.670000,0.000000,95099.000000,534979.000000,226507860.000000,883312790.000000,0.002381,10.777861,2004-09-30,2004-10-20,-29.712208,15.010233,-31.599596,4.425322,2.010881
sz000019,2004-12-17,5.730000,5.730000,5.650000,5.670000,-0.008741,113289.000000,642326.000000,226507860.000000,883312790.000000,0.002836,10.777861,2004-09-30,2004-10-20,-29.712208,15.010233,-31.599596,4.425322,2.010881
sz000019,2004-12-16,5.790000,5.790000,5.710000,5.720000,-0.010381,75900.000000,435149.000000,228505290.000000,891102140.000000,0.001900,10.872901,2004-09-30,2004-10-20,-29.974212,15.142594,-31.878244,4.464345,2.028613
sz000019,2004-12-15,5.630000,5.870000,5.630000,5.780000,-0.001727,200360.000000,1139462.000000,230902200.000000,900449370.000000,0.005015,10.986957,2004-09-30,2004-10-20,-30.288639,15.301438,-32.212643,4.511175,2.049893
sz000019,2004-12-14,5.930000,5.930000,5.780000,5.790000,-0.006861,86851.000000,505069.000000,231301680.000000,902007240.000000,0.002174,11.005964,2004-09-30,2004-10-20,-30.341038,15.327910,-32.268371,4.518980,2.053439
sz000019,2004-12-13,5.820000,5.840000,5.720000,5.830000,-0.003419,206044.000000,1190769.000000,232899620.000000,908238720.000000,0.005158,11.081998,2004-09-30,2004-10-20,-30.550646,15.433801,-32.491293,4.550199,2.067625
sz000019,2004-12-10,6.100000,6.170000,5.810000,5.850000,-0.050325,420872.000000,2528278.000000,233698590.000000,911354460.000000,0.010535,11.120017,2004-09-30,2004-10-20,-30.655457,15.486750,-32.602762,4.565809,2.074719
sz000019,2004-12-09,6.210000,6.210000,6.090000,6.160000,0.001626,188598.000000,1158302.000000,246082620.000000,959648460.000000,0.004721,11.709287,2004-09-30,2004-10-20,-32.279945,16.307421,-34.330442,4.807760,2.184662
sz000019,2004-12-08,6.240000,6.240000,6.100000,6.150000,0.001629,171633.000000,1052663.000000,245683130.000000,958090590.000000,0.004296,11.690278,2004-09-30,2004-10-20,-32.227543,16.280948,-34.274711,4.799955,2.181115
sz000019,2004-12-07,6.260000,6.350000,6.140000,6.140000,-0.019169,208500.000000,1295653.000000,245283650.000000,956532720.000000,0.005219,11.671266,2004-09-30,2004-10-20,-32.175130,16.254470,-34.218968,4.792149,2.177568
sz000019,2004-12-06,6.370000,6.390000,6.220000,6.260000,-0.015723,244851.000000,1541235.000000,250077470.000000,975227170.000000,0.006129,11.899365,2004-09-30,2004-10-20,-32.803949,16.572141,-34.887731,4.885805,2.220126
sz000019,2004-12-03,6.350000,6.410000,6.280000,6.360000,0.000000,360920.000000,2284079.000000,254072310.000000,990805880.000000,0.009035,12.089447,2004-09-30,2004-10-20,-33.327964,16.836867,-35.445034,4.963851,2.255590
sz000019,2004-12-02,6.220000,6.450000,6.140000,6.360000,0.027464,740311.000000,4675556.000000,254072310.000000,990805880.000000,0.018532,12.089447,2004-09-30,2004-10-20,-33.327964,16.836867,-35.445034,4.963851,2.255590
sz000019,2004-12-01,6.240000,6.240000,6.110000,6.190000,0.000000,185800.000000,1146682.000000,247281070.000000,964322070.000000,0.004651,11.766298,2004-09-30,2004-10-20,-32.437111,16.386820,-34.497592,4.831168,2.195299
sz000019,2004-11-30,6.120000,6.290000,6.040000,6.190000,0.011438,256230.000000,1573814.000000,247281070.000000,964322070.000000,0.006414,11.766298,2004-09-30,2004-10-20,-32.437111,16.386820,-34.497592,4.831168,2.195299
sz000019,2004-11-29,6.190000,6.220000,6.060000,6.120000,-0.016077,362100.000000,2213340.000000,244484680.000000,953416980.000000,0.009064,11.633237,2004-09-30,2004-10-20,-32.070291,16.201507,-34.107471,4.776534,2.170473
sz000019,2004-11-26,6.200000,6.580000,6.140000,6.220000,0.026403,1064813.000000,6787701.000000,248479530.000000,968995690.000000,0.026655,11.823320,2004-09-30,2004-10-20,-32.594310,16.466234,-34.664776,4.854581,2.205938
sz000019,2004-11-25,6.070000,6.110000,6.000000,6.060000,-0.006557,254585.000000,1538340.000000,242087770.000000,944069750.000000,0.006373,11.519179,2004-09-30,2004-10-20,-31.755860,16.042660,-33.773066,4.729703,2.149192
sz000019,2004-11-24,6.300000,6.340000,6.080000,6.100000,-0.028662,390700.000000,2435531.000000,243685710.000000,950301240.000000,0.009780,11.595209,2004-09-30,2004-10-20,-31.965458,16.148546,-33.995977,4.760920,2.163378
sz000019,2004-11-23,6.380000,6.380000,6.200000,6.280000,-0.017214,357438.000000,2250031.000000,250876440.000000,978342910.000000,0.008947,11.937358,2004-09-30,2004-10-20,-32.908686,16.625053,-34.999122,4.901404,2.227214
sz000019,2004-11-22,6.300000,6.400000,6.220000,6.390000,0.027331,687434.000000,4338847.000000,255270770.000000,995479490.000000,0.017208,12.146446,2004-09-30,2004-10-20,-33.485099,16.916250,-35.612150,4.987255,2.266225
sz000019,2004-11-19,6.110000,6.270000,6.080000,6.220000,0.018003,379844.000000,2351375.000000,248479530.000000,968995690.000000,0.009508,11.823304,2004-09-30,2004-10-20,-32.594265,16.466212,-34.664728,4.854574,2.205934
sz000019,2004-11-18,6.000000,6.120000,6.000000,6.110000,0.016639,130190.000000,789895.000000,244085190.000000,951859110.000000,0.003259,11.614213,2004-09-30,2004-10-20,-32.017848,16.175013,-34.051696,4.768723,2.166923
sz000019,2004-11-17,6.080000,6.090000,5.980000,6.010000,-0.014754,240742.000000,1448764.000000,240090350.000000,936280400.000000,0.006026,11.424127,2004-09-30,2004-10-20,-31.493822,15.910282,-33.494383,4.690675,2.131458
sz000019,2004-11-16,6.220000,6.240000,6.070000,6.100000,-0.019293,234050.000000,1432209.000000,243685710.000000,950301240.000000,0.005859,11.595203,2004-09-30,2004-10-20,-31.965440,16.148537,-33.995959,4.760917,2.163376
sz000019,2004-11-15,6.120000,6.280000,6.050000,6.220000,0.016340,302767.000000,1873856.000000,248479530.000000,968995690.000000,0.007579,11.823310,2004-09-30,2004-10-20,-32.594282,16.466220,-34.664746,4.854577,2.205936
sz000019,2004-11-12,6.050000,6.200000,5.930000,6.120000,0.008237,402528.000000,2443237.000000,244484680.000000,953416980.000000,0.010076,11.633223,2004-09-30,2004-10-20,-32.070254,16.201488,-34.107430,4.776528,2.170470
sz000019,2004-11-11,6.230000,6.350000,6.060000,6.070000,-0.024116,736663.000000,4563869.000000,242487260.000000,945627620.000000,0.018440,11.538183,2004-09-30,2004-10-20,-31.808249,16.069126,-33.828783,4.737505,2.152738
sz000019,2004-11-10,6.070000,6.250000,5.950000,6.220000,0.028099,860300.000000,5280282.000000,248479530.000000,968995690.000000,0.021535,11.823314,2004-09-30,2004-10-20,-32.594293,16.466226,-34.664758,4.854579,2.205936
sz000019,2004-11-09,5.900000,6.180000,5.820000,6.050000,0.023689,421250.000000,2542010.000000,241688290.000000,942511880.000000,0.010545,11.500171,2004-09-30,2004-10-20,-31.703458,16.016187,-33.717335,4.721898,2.145646
sz000019,2004-11-08,5.850000,5.930000,5.820000,5.910000,0.003396,194280.000000,1143791.000000,236095500.000000,920701690.000000,0.004863,11.234047,2004-09-30,2004-10-20,-30.969814,15.645559,-32.937088,4.612629,2.095994
sz000019,2004-11-05,5.950000,6.030000,5.810000,5.890000,0.003407,427060.000000,2523995.000000,235296530.000000,917585950.000000,0.010690,11.196026,2004-09-30,2004-10-20,-30.864996,15.592607,-32.825612,4.597018,2.088900
sz000019,2004-11-04,6.250000,6.250000,5.850000,5.870000,0.024433,744390.000000,4481634.000000,234497560.000000,914470210.000000,0.018634,11.158010,2004-09-30,2004-10-20,-30.760196,15.539663,-32.714155,4.581409,2.081807
sz000019,2004-11-03,5.710000,5.750000,5.610000,5.730000,0.015957,142680.000000,811727.000000,228904770.000000,892660010.000000,0.003572,10.891889,2004-09-30,2004-10-20,-30.026557,15.169038,-31.933914,4.472141,2.032156
sz000019,2004-11-02,5.630000,5.700000,5.580000,5.640000,0.001776,156030.000000,878392.000000,225309410.000000,878639180.000000,0.003906,10.720817,2004-09-30,2004-10-20,-29.554949,14.930787,-31.432348,4.401900,2.000238
sz000019,2004-11-01,5.670000,5.730000,5.600000,5.630000,-0.017452,121227.000000,684246.000000,224909930.000000,877081310.000000,0.003035,10.701810,2004-09-30,2004-10-20,-29.502552,14.904317,-31.376623,4.394096,1.996692
sz000019,2004-10-29,5.760000,5.830000,5.600000,5.730000,-0.030457,202202.000000,1162916.000000,228904770.000000,892660010.000000,0.005062,10.891896,2004-09-30,2004-10-20,-30.026576,15.169048,-31.933934,4.472144,2.032157
sz000019,2004-10-28,6.130000,6.130000,5.850000,5.910000,-0.001689,337100.000000,2026517.000000,236095500.000000,920701690.000000,0.008438,11.234051,2004-09-30,2004-10-20,-30.969824,15.645565,-32.937099,4.612631,2.095995
sz000019,2004-10-27,5.830000,5.990000,5.660000,5.920000,0.022453,206590.000000,1201516.000000,236494980.000000,922259560.000000,0.005171,11.253058,2004-09-30,2004-10-20,-31.022221,15.672035,-32.992824,4.620435,2.099541
sz000019,2004-10-26,5.560000,5.790000,5.550000,5.790000,0.026596,167576.000000,949863.000000,231301680.000000,902007240.000000,0.004195,11.005941,2004-09-30,2004-10-20,-30.340975,15.327878,-32.268304,4.518970,2.053435
sz000019,2004-10-25,5.640000,5.810000,5.500000,5.640000,0.000000,220942.000000,1247856.000000,225309410.000000,878639180.000000,0.005531,10.720810,2004-09-30,2004-10-20,-29.554932,14.930779,-31.432330,4.401897,2.000237
sz000019,2004-10-22,5.860000,5.980000,5.400000,5.640000,-0.042445,522879.000000,2955972.000000,225309410.000000,878639180.000000,0.013089,10.720810,2004-09-30,2004-10-20,-29.554932,14.930779,-31.432330,4.401897,2.000237
sz000019,2004-10-21,6.100000,6.210000,5.860000,5.890000,-0.037582,391690.000000,2342230.000000,235296530.000000,917585950.000000,0.009805,11.196026,2004-09-30,2004-10-20,-30.864997,15.592607,-32.825613,4.597018,2.088900
sz000019,2004-10-20,6.160000,6.200000,6.050000,6.120000,-0.014493,187060.000000,1138780.000000,244484680.000000,953416980.000000,0.004683,11.633226,2004-09-30,2004-10-20,-32.070261,16.201491,-34.107438,4.776529,2.170471
sz000019,2004-10-19,6.150000,6.440000,6.110000,6.210000,-0.015848,324299.000000,2043584.000000,248080040.000000,967437820.000000,0.008118,11.804305,2004-06-30,2004-08-06,-25.181523,17.655811,-37.863023,4.911257,2.202390
sz000019,2004-10-18,6.330000,6.400000,6.200000,6.310000,0.007987,387529.000000,2445597.000000,252074890.000000,983016530.000000,0.009701,11.994393,2004-06-30,2004-08-06,-25.587026,17.940126,-38.472739,4.990344,2.237855
sz000019,2004-10-15,6.180000,6.280000,6.030000,6.260000,0.027915,294523.000000,1808166.000000,250077470.000000,975227170.000000,0.007373,11.899352,2004-06-30,2004-08-06,-25.384282,17.797974,-38.167892,4.950802,2.220123
sz000019,2004-10-14,6.440000,6.440000,6.090000,6.090000,-0.046948,345000.000000,2149173.000000,243286220.000000,948743370.000000,0.008636,11.576203,2004-06-30,2004-08-06,-24.694923,17.314636,-37.131370,4.816354,2.159832
sz000019,2004-10-13,6.360000,6.470000,6.330000,6.390000,0.004717,217821.000000,1389952.000000,255270770.000000,995479490.000000,0.005453,12.146454,2004-06-30,2004-08-06,-25.911412,18.167567,-38.960487,5.053611,2.266226
sz000019,2004-10-12,6.450000,6.500000,6.350000,6.360000,-0.010886,241416.000000,1553969.000000,254072310.000000,990805880.000000,0.006043,12.089429,2004-06-30,2004-08-06,-25.789762,18.082273,-38.777573,5.029885,2.255587
sz000019,2004-10-11,6.500000,6.650000,6.400000,6.430000,-0.006182,322853.000000,2095525.000000,256868710.000000,1001710980.000000,0.008082,12.222483,2004-06-30,2004-08-06,-26.073599,18.281283,-39.204352,5.085243,2.280411
sz000019,2004-10-08,6.250000,6.490000,6.250000,6.470000,0.025357,198291.000000,1260745.000000,258466650.000000,1007942460.000000,0.004964,12.298512,2004-06-30,2004-08-06,-26.235788,18.395000,-39.448220,5.116875,2.294597
sz000019,2004-09-30,6.460000,6.480000,6.310000,6.310000,-0.023220,211300.000000,1346667.000000,252074890.000000,983016530.000000,0.005289,11.994371,2004-06-30,2004-08-06,-25.586979,17.940093,-38.472669,4.990335,2.237851
sz000019,2004-09-29,6.560000,6.630000,6.450000,6.460000,-0.015244,294693.000000,1910798.000000,258067160.000000,1006384590.000000,0.007377,12.279501,2004-06-30,2004-08-06,-26.195233,18.366565,-39.387241,5.108965,2.291049
sz000019,2004-09-28,6.600000,6.650000,6.450000,6.560000,-0.006061,190443.000000,1245457.000000,262062010.000000,1021963300.000000,0.004767,12.469587,2004-06-30,2004-08-06,-26.600734,18.650879,-39.996954,5.188052,2.326515
sz000019,2004-09-27,6.710000,6.900000,6.510000,6.600000,-0.007519,312050.000000,2072176.000000,263659950.000000,1028194780.000000,0.007811,12.545626,2004-06-30,2004-08-06,-26.762944,18.764611,-40.240854,5.219689,2.340702
sz000019,2004-09-24,6.940000,7.040000,6.640000,6.650000,-0.037627,693551.000000,4752925.000000,265657370.000000,1035984140.000000,0.017361,12.640671,2004-06-30,2004-08-06,-26.965700,18.906771,-40.545717,5.259233,2.358435
sz000019,2004-09-23,6.600000,6.920000,6.600000,6.910000,0.031343,377977.000000,2553609.000000,276043980.000000,1076488780.000000,0.009462,13.134898,2004-06-30,2004-08-06,-28.020008,19.645991,-42.130980,5.464859,2.450645
sz000019,2004-09-22,7.000000,7.050000,6.700000,6.700000,-0.046942,839940.000000,5731176.000000,267654800.000000,1043773490.000000,0.021026,12.735722,2004-06-30,2004-08-06,-27.168467,19.048940,-40.850599,5.298779,2.376169
sz000019,2004-09-21,6.990000,7.350000,6.750000,7.030000,0.005722,1311946.000000,9340682.000000,280837790.000000,1095183230.000000,0.032841,13.363009,2004-06-30,2004-08-06,-28.506625,19.987178,-42.862658,5.559766,2.493205
sz000019,2004-09-20,6.760000,7.040000,6.700000,6.990000,0.037092,977336.000000,6721205.000000,279239850.000000,1088951750.000000,0.024465,13.286981,2004-06-30,2004-08-06,-28.344438,19.873462,-42.618794,5.528134,2.479020
sz000019,2004-09-17,6.600000,6.750000,6.500000,6.740000,0.019667,786374.000000,5226787.000000,269252730.000000,1050004970.000000,0.019685,12.811767,2004-06-30,2004-08-06,-27.330688,19.162680,-41.094516,5.330418,2.390357
sz000019,2004-09-16,6.470000,6.670000,6.360000,6.610000,0.023220,824292.000000,5401557.000000,264059430.000000,1029752650.000000,0.020634,12.564658,2004-06-30,2004-08-06,-26.803543,18.793077,-40.301898,5.227607,2.344253
sz000019,2004-09-15,6.190000,6.580000,6.160000,6.460000,0.043619,628148.000000,4045180.000000,258067160.000000,1006384590.000000,0.015724,12.279527,2004-06-30,2004-08-06,-26.195288,18.366604,-39.387325,5.108976,2.291054
sz000019,2004-09-14,6.000000,6.210000,6.000000,6.190000,0.033389,208801.000000,1283741.000000,247281070.000000,964322070.000000,0.005227,11.766293,2004-06-30,2004-08-06,-25.100433,17.598955,-37.741096,4.895442,2.195298
sz000019,2004-09-13,6.100000,6.100000,5.980000,5.990000,-0.022838,132824.000000,801665.000000,239291380.000000,933164660.000000,0.003325,11.386122,2004-06-30,2004-08-06,-24.289433,17.030330,-36.521674,4.737269,2.124367
sz000019,2004-09-10,6.070000,6.180000,6.060000,6.130000,0.001634,98199.000000,598371.000000,244884160.000000,954974850.000000,0.002458,11.652236,2004-06-30,2004-08-06,-24.857120,17.428359,-37.375250,4.847988,2.174017
sz000019,2004-09-09,6.250000,6.250000,6.040000,6.120000,-0.025478,153400.000000,942848.000000,244484680.000000,953416980.000000,0.003840,11.633227,2004-06-30,2004-08-06,-24.816569,17.399927,-37.314278,4.840079,2.170471
sz000019,2004-09-08,6.300000,6.360000,6.250000,6.280000,-0.004754,54106.000000,339498.000000,250876440.000000,978342910.000000,0.001354,11.937367,2004-06-30,2004-08-06,-25.465376,17.854833,-38.289826,4.966618,2.227216
sz000019,2004-09-07,6.280000,6.380000,6.250000,6.310000,-0.003160,32300.000000,203298.000000,252074890.000000,983016530.000000,0.000809,11.994388,2004-06-30,2004-08-06,-25.587017,17.940120,-38.472726,4.990342,2.237855
sz000019,2004-09-06,6.310000,6.350000,6.250000,6.330000,0.000000,48669.000000,305921.000000,252873860.000000,986132270.000000,0.001218,12.032411,2004-06-30,2004-08-06,-25.668128,17.996990,-38.594685,5.006162,2.244949
sz000019,2004-09-03,6.200000,6.390000,6.200000,6.330000,-0.010938,74130.000000,467730.000000,252873860.000000,986132270.000000,0.001856,12.032411,2004-06-30,2004-08-06,-25.668128,17.996990,-38.594685,5.006162,2.244949
sz000019,2004-09-02,6.340000,6.410000,6.200000,6.400000,0.011058,82992.000000,524732.000000,255670250.000000,997037360.000000,0.002077,12.165477,2004-06-30,2004-08-06,-25.951991,18.196018,-39.021502,5.061525,2.269775
sz000019,2004-09-01,6.350000,6.350000,6.280000,6.330000,-0.007837,69300.000000,437104.000000,252873860.000000,986132270.000000,0.001735,12.032422,2004-06-30,2004-08-06,-25.668153,17.997008,-38.594722,5.006167,2.244951
sz000019,2004-08-31,6.390000,6.500000,6.330000,6.380000,0.017544,270688.000000,1734083.000000,254871280.000000,993921620.000000,0.006776,12.127465,2004-06-30,2004-08-06,-25.870903,18.139164,-38.899578,5.045710,2.262683
sz000019,2004-08-30,6.170000,6.320000,6.170000,6.270000,-0.001592,60810.000000,379768.000000,250476950.000000,976785040.000000,0.001522,11.918369,2004-06-30,2004-08-06,-25.424849,17.826417,-38.228890,4.958714,2.223671
sz000019,2004-08-27,6.280000,6.390000,6.160000,6.280000,0.009646,92809.000000,579683.000000,250876440.000000,978342910.000000,0.002323,11.937374,2004-06-30,2004-08-06,-25.465390,17.854842,-38.289847,4.966621,2.227217
sz000019,2004-08-26,6.420000,6.420000,6.210000,6.220000,-0.038640,137200.000000,864234.000000,248479530.000000,968995690.000000,0.003434,11.823326,2004-06-30,2004-08-06,-25.222098,17.684260,-37.924032,4.919171,2.205939
sz000019,2004-08-25,6.400000,6.610000,6.300000,6.470000,0.014107,370587.000000,2403075.000000,258466650.000000,1007942460.000000,0.009277,12.298541,2004-06-30,2004-08-06,-26.235851,18.395045,-39.448315,5.116887,2.294602
sz000019,2004-08-24,6.240000,6.550000,6.240000,6.380000,0.022436,182637.000000,1165068.000000,254871280.000000,993921620.000000,0.004572,12.127459,2004-06-30,2004-08-06,-25.870891,18.139155,-38.899559,5.045708,2.262682
sz000019,2004-08-23,6.200000,6.300000,6.140000,6.240000,0.014634,167116.000000,1037743.000000,249278500.000000,972111430.000000,0.004183,11.861338,2004-06-30,2004-08-06,-25.303188,17.741116,-38.045960,4.934986,2.213031
sz000019,2004-08-20,6.090000,6.180000,5.980000,6.150000,0.008197,180756.000000,1096817.000000,245683130.000000,958090590.000000,0.004525,11.690263,2004-06-30,2004-08-06,-24.938242,17.485237,-37.497225,4.863809,2.181112
sz000019,2004-08-19,6.150000,6.160000,6.030000,6.100000,-0.014540,129751.000000,789528.500000,243685710.000000,950301240.000000,0.003248,11.595217,2004-06-30,2004-08-06,-24.735485,17.343076,-37.192360,4.824265,2.163379
sz000019,2004-08-18,6.210000,6.280000,6.190000,6.190000,-0.003221,83700.000000,521736.000000,247281070.000000,964322070.000000,0.002095,11.766299,2004-06-30,2004-08-06,-25.100446,17.598965,-37.741115,4.895444,2.195299
sz000019,2004-08-17,6.160000,6.300000,6.160000,6.210000,0.008117,145325.000000,906090.000000,248080040.000000,967437820.000000,0.003638,11.804321,2004-06-30,2004-08-06,-25.181556,17.655834,-37.863072,4.911264,2.202393
sz000019,2004-08-16,6.370000,6.370000,6.110000,6.160000,-0.034483,224699.000000,1387519.000000,246082620.000000,959648460.000000,0.005625,11.709277,2004-06-30,2004-08-06,-24.978803,17.513676,-37.558212,4.871720,2.184660
sz000019,2004-08-13,6.330000,6.440000,6.330000,6.380000,0.001570,92779.000000,592099.000000,254871280.000000,993921620.000000,0.002322,12.127468,2004-06-30,2004-08-06,-25.870909,18.139168,-38.899587,5.045711,2.262684
sz000019,2004-08-12,6.410000,6.450000,6.330000,6.370000,-0.016975,191298.000000,1219323.000000,254471800.000000,992363750.000000,0.004789,12.108458,2004-06-30,2004-08-06,-25.830355,18.110735,-38.838610,5.037802,2.259137
sz000019,2004-08-11,6.610000,6.640000,6.460000,6.480000,-0.018182,95980.000000,627254.000000,258866130.000000,1009500330.000000,0.002403,12.317548,2004-06-30,2004-08-06,-26.276397,18.423473,-39.509280,5.124795,2.298148
sz000019,2004-08-10,6.560000,6.650000,6.530000,6.600000,0.016949,99230.000000,652769.000000,263659950.000000,1028194780.000000,0.002484,12.545653,2004-06-30,2004-08-06,-26.763002,18.764652,-40.240941,5.219700,2.340707
sz000019,2004-08-09,6.500000,6.580000,6.440000,6.490000,-0.010671,148102.000000,962430.000000,259265620.000000,1011058200.000000,0.003707,12.336561,2004-06-30,2004-08-06,-26.316956,18.451911,-39.570265,5.132706,2.301695
sz000019,2004-08-06,6.630000,6.740000,6.510000,6.560000,-0.010558,202203.000000,1337599.000000,262062010.000000,1021963300.000000,0.005062,12.469624,2004-06-30,2004-08-06,-26.600813,18.650935,-39.997073,5.188067,2.326522
sz000019,2004-08-05,6.580000,6.870000,6.400000,6.630000,-0.001506,508319.000000,3378664.000000,264858400.000000,1032868390.000000,0.012724,12.602683,2004-03-31,2004-04-23,-26.929181,18.506840,-69.905361,5.253754,2.351347
sz000019,2004-08-04,6.390000,6.680000,6.350000,6.640000,0.040752,386011.000000,2547018.000000,265257890.000000,1034426260.000000,0.009663,12.621692,2004-03-31,2004-04-23,-26.969797,18.534753,-70.010798,5.261678,2.354894
sz000019,2004-08-03,6.400000,6.500000,6.370000,6.380000,-0.006231,153200.000000,982362.000000,254871280.000000,993921620.000000,0.003835,12.127473,2004-03-31,2004-04-23,-25.913760,17.809001,-67.269434,5.055650,2.262685
sz000019,2004-08-02,6.450000,6.500000,6.330000,6.420000,-0.019847,181068.000000,1160426.000000,256469220.000000,1000153100.000000,0.004533,12.203513,2004-03-31,2004-04-23,-26.076241,17.920664,-67.691218,5.087349,2.276872
sz000019,2004-07-30,6.710000,6.800000,6.550000,6.550000,-0.036765,312800.000000,2076656.000000,261662520.000000,1020405430.000000,0.007830,12.450620,2004-03-31,2004-04-23,-26.604255,18.283538,-69.061889,5.190363,2.322976
sz000019,2004-07-29,6.750000,6.800000,6.600000,6.800000,0.007407,362218.000000,2436584.000000,271649640.000000,1059352200.000000,0.009067,12.925839,2004-03-31,2004-04-23,-27.619693,18.981388,-71.697861,5.388470,2.411640
sz000019,2004-07-28,6.720000,6.800000,6.600000,6.750000,0.022727,219500.000000,1475773.000000,269652220.000000,1051562840.000000,0.005495,12.830801,2004-03-31,2004-04-23,-27.416619,18.841827,-71.170699,5.348851,2.393908
sz000019,2004-07-27,6.660000,6.770000,6.550000,6.600000,-0.007519,204290.000000,1352660.000000,263659950.000000,1028194780.000000,0.005114,12.545676,2004-03-31,2004-04-23,-26.807367,18.423125,-69.589147,5.229989,2.340711
sz000019,2004-07-26,6.740000,6.750000,6.520000,6.650000,-0.014815,221400.000000,1467463.000000,265657370.000000,1035984140.000000,0.005542,12.640721,2004-03-31,2004-04-23,-27.010459,18.562698,-70.116352,5.269611,2.358444
sz000019,2004-07-23,6.700000,6.750000,6.650000,6.750000,0.007463,357544.000000,2399573.000000,269652220.000000,1051562840.000000,0.008950,12.830810,2004-03-31,2004-04-23,-27.416637,18.841839,-71.170746,5.348854,2.393910
sz000019,2004-07-22,6.990000,6.990000,6.680000,6.700000,-0.041488,564580.000000,3837389.000000,267654800.000000,1043773490.000000,0.014133,12.735763,2004-03-31,2004-04-23,-27.213542,18.702264,-70.643534,5.309231,2.376177
sz000019,2004-07-21,6.850000,7.060000,6.820000,6.990000,0.015988,808391.000000,5616963.000000,279239850.000000,1088951750.000000,0.020236,13.287014,2004-03-31,2004-04-23,-28.391446,19.511769,-73.701251,5.539035,2.479026
sz000019,2004-07-20,7.000000,7.150000,6.800000,6.880000,-0.043115,1687145.000000,11623487.000000,274845520.000000,1071815170.000000,0.042233,13.077924,2004-03-31,2004-04-23,-27.944667,19.204724,-72.541458,5.451870,2.440015
sz000019,2004-07-19,7.920000,7.980000,6.980000,7.190000,-0.061358,3725642.000000,27942225.000000,287229550.000000,1120109160.000000,0.093261,13.667185,2004-03-31,2004-04-23,-29.203788,20.070043,-75.810007,5.697519,2.549957
sz000019,2004-07-16,7.000000,7.660000,7.000000,7.660000,0.100575,1331041.000000,10112061.000000,306005330.000000,1193329090.000000,0.033319,14.560594,2004-03-31,2004-04-23,-31.112808,21.382000,-80.765624,6.069960,2.716645
sz000019,2004-07-15,6.450000,6.980000,6.450000,6.960000,0.049774,481057.000000,3231877.000000,278041400.000000,1084278130.000000,0.012042,13.229988,2004-03-31,2004-04-23,-28.269594,19.428027,-73.384934,5.515262,2.468387
sz000019,2004-07-14,6.680000,6.710000,6.030000,6.630000,-0.010448,298399.000000,1894266.000000,264858400.000000,1032868390.000000,0.007470,12.602701,2004-03-31,2004-04-23,-26.929219,18.506866,-69.905460,5.253761,2.351351
sz000019,2004-07-13,6.680000,6.730000,6.620000,6.700000,0.002994,107115.000000,716631.000000,267654800.000000,1043773490.000000,0.002681,12.735764,2004-03-31,2004-04-23,-27.213546,18.702267,-70.643544,5.309232,2.376177
sz000019,2004-07-12,6.880000,6.880000,6.600000,6.680000,-0.038849,201764.000000,1353785.000000,266855830.000000,1040657750.000000,0.005051,12.697747,2004-03-31,2004-04-23,-27.132312,18.646440,-70.432668,5.293384,2.369084
sz000019,2004-07-09,7.060000,7.080000,6.900000,6.950000,-0.016973,104460.000000,729548.000000,277641920.000000,1082720260.000000,0.002615,13.210981,2004-03-31,2004-04-23,-28.228979,19.400115,-73.279504,5.507338,2.464840
sz000019,2004-07-08,7.130000,7.190000,6.920000,7.070000,-0.015320,405830.000000,2833426.000000,282435730.000000,1101414710.000000,0.010159,13.439082,2004-03-31,2004-04-23,-28.716382,19.735078,-74.544752,5.602428,2.507399
sz000019,2004-07-07,7.230000,7.350000,7.170000,7.180000,-0.012380,117800.000000,847951.000000,286830060.000000,1118551290.000000,0.002949,13.648172,2004-03-31,2004-04-23,-29.163162,20.042123,-75.704545,5.689593,2.546410
sz000019,2004-07-06,7.280000,7.380000,7.230000,7.270000,-0.006831,185150.000000,1350400.000000,290425430.000000,1132572130.000000,0.004635,13.819255,2004-03-31,2004-04-23,-29.528728,20.293355,-76.653516,5.760913,2.578329
sz000019,2004-07-05,7.390000,7.390000,7.200000,7.320000,-0.002725,118646.000000,858617.000000,292422850.000000,1140361480.000000,0.002970,13.914303,2004-03-31,2004-04-23,-29.731826,20.432933,-77.180737,5.800537,2.596063
sz000019,2004-07-02,7.440000,7.460000,7.210000,7.340000,-0.004071,297020.000000,2157311.000000,293221820.000000,1143477230.000000,0.007435,13.952323,2004-03-31,2004-04-23,-29.813066,20.488764,-77.391630,5.816386,2.603157
sz000019,2004-07-01,7.090000,7.440000,6.900000,7.370000,0.043909,603399.000000,4336014.000000,294420280.000000,1148150840.000000,0.015104,14.009355,2004-03-31,2004-04-23,-29.934931,20.572515,-77.707979,5.840161,2.613797
sz000019,2004-06-30,6.700000,7.070000,6.700000,7.060000,0.045926,772662.000000,5340825.000000,282036250.000000,1099856840.000000,0.019341,13.420093,2004-03-31,2004-04-23,-28.675806,19.707192,-74.439418,5.594512,2.503856
sz000019,2004-06-29,6.680000,6.890000,6.450000,6.750000,0.010479,244517.000000,1621207.000000,269652220.000000,1051562840.000000,0.006121,12.830824,2004-03-31,2004-04-23,-27.416668,18.841861,-71.170827,5.348860,2.393913
sz000019,2004-06-28,7.000000,7.000000,6.680000,6.680000,-0.052482,316894.000000,2144212.000000,266855830.000000,1040657750.000000,0.007933,12.697764,2004-03-31,2004-04-23,-27.132348,18.646464,-70.432762,5.293391,2.369087
sz000019,2004-06-25,7.420000,7.420000,7.010000,7.050000,-0.048583,257109.000000,1832494.000000,281636760.000000,1098298970.000000,0.006436,13.401080,2004-03-31,2004-04-23,-28.635179,19.679272,-74.333957,5.586586,2.500308
sz000019,2004-06-24,7.360000,7.470000,7.310000,7.410000,0.005427,217636.000000,1607664.000000,296018210.000000,1154382320.000000,0.005448,14.085390,2004-03-31,2004-04-23,-30.097401,20.684171,-78.129734,5.871859,2.627984
sz000019,2004-06-23,7.380000,7.380000,7.210000,7.370000,-0.001355,173674.000000,1264634.000000,294420280.000000,1148150840.000000,0.004347,14.009361,2004-03-31,2004-04-23,-29.934944,20.572524,-77.708012,5.840164,2.613798
sz000019,2004-06-22,7.300000,7.470000,7.280000,7.380000,0.012346,390782.000000,2891648.000000,294819760.000000,1149708710.000000,0.009782,14.028370,2004-03-31,2004-04-23,-29.975561,20.600438,-77.813449,5.848088,2.617345
sz000019,2004-06-21,7.140000,7.290000,7.070000,7.290000,0.031117,171322.000000,1232410.000000,291224400.000000,1135687870.000000,0.004289,13.857288,2004-03-31,2004-04-23,-29.609996,20.349206,-76.864481,5.776768,2.585425
sz000019,2004-06-18,7.060000,7.210000,7.000000,7.070000,0.002837,217650.000000,1538023.000000,282435730.000000,1101414710.000000,0.005448,13.439103,2004-03-31,2004-04-23,-28.716427,19.735109,-74.544868,5.602437,2.507402
sz000019,2004-06-17,7.140000,7.290000,7.010000,7.050000,-0.015363,200700.000000,1436014.000000,281636760.000000,1098298970.000000,0.005024,13.401084,2004-03-31,2004-04-23,-28.635189,19.679279,-74.333982,5.586588,2.500309
sz000019,2004-06-16,7.200000,7.300000,7.090000,7.160000,-0.005556,151350.000000,1087335.000000,286031100.000000,1115435550.000000,0.003789,13.610178,2004-03-31,2004-04-23,-29.081976,19.986329,-75.493794,5.673754,2.539321
sz000019,2004-06-15,7.050000,7.230000,6.960000,7.200000,0.021277,189680.000000,1345491.000000,287629030.000000,1121667030.000000,0.004748,13.686218,2004-03-31,2004-04-23,-29.244458,20.097993,-75.915581,5.705453,2.553508
sz000019,2004-06-14,7.200000,7.200000,6.930000,7.050000,-0.028926,269530.000000,1894923.000000,281636760.000000,1098298970.000000,0.006747,13.401083,2004-03-31,2004-04-23,-28.635187,19.679277,-74.333977,5.586588,2.500309
sz000019,2004-06-11,7.150000,7.460000,7.150000,7.260000,0.016807,245338.000000,1793304.000000,290025940.000000,1131014260.000000,0.006141,13.800270,2004-03-31,2004-04-23,-29.488161,20.265476,-76.548210,5.752999,2.574787
sz000019,2004-06-10,7.080000,7.340000,7.050000,7.140000,0.000000,246027.000000,1761247.000000,285232130.000000,1112319810.000000,0.006159,13.572163,2004-03-31,2004-04-23,-29.000746,19.930504,-75.282930,5.657906,2.532228
sz000019,2004-06-09,7.630000,7.630000,7.100000,7.140000,-0.066667,423031.000000,3093310.000000,285232130.000000,1112319810.000000,0.010589,13.572163,2004-03-31,2004-04-23,-29.000746,19.930504,-75.282930,5.657906,2.532228
sz000019,2004-06-08,7.700000,7.780000,7.580000,7.650000,0.003937,189780.000000,1457426.000000,305605850.000000,1191771220.000000,0.004751,14.541608,2004-03-31,2004-04-23,-31.072239,21.354120,-80.660311,6.062045,2.713102
sz000019,2004-06-07,7.850000,7.880000,7.520000,7.620000,-0.023077,324423.000000,2472405.000000,304407390.000000,1187097610.000000,0.008121,14.484582,2004-03-31,2004-04-23,-30.950387,21.270378,-80.343996,6.038272,2.702463
sz000019,2004-06-04,7.660000,7.860000,7.650000,7.800000,0.009056,311340.000000,2427438.000000,311598120.000000,1215139290.000000,0.007794,14.826739,2004-03-31,2004-04-23,-31.681501,21.772830,-82.241893,6.180909,2.766301
sz000019,2004-06-03,8.050000,8.050000,7.710000,7.730000,-0.039752,833526.000000,6526461.000000,308801730.000000,1204234190.000000,0.020865,14.693673,2004-03-31,2004-04-23,-31.397168,21.577424,-81.503794,6.125437,2.741474
sz000019,2004-06-02,7.770000,8.210000,7.700000,8.050000,0.036036,1519416.000000,12130652.000000,321585240.000000,1254086060.000000,0.038034,15.301956,2004-03-31,2004-04-23,-32.696937,22.470679,-84.877859,6.379016,2.854965
sz000019,2004-06-01,7.700000,7.790000,7.580000,7.770000,0.013038,601322.000000,4624814.000000,310399670.000000,1210465670.000000,0.015052,14.769715,2004-03-31,2004-04-23,-31.559653,21.689091,-81.925588,6.157137,2.755661
sz000019,2004-05-31,7.630000,7.780000,7.560000,7.670000,0.007884,207396.000000,1593930.000000,306404820.000000,1194886960.000000,0.005192,14.579626,2004-03-31,2004-04-23,-31.153474,21.409948,-80.871190,6.077893,2.720196
sz000019,2004-05-28,7.680000,7.820000,7.580000,7.610000,-0.009115,561655.000000,4325284.000000,304007910.000000,1185539740.000000,0.014059,14.465579,2004-03-31,2004-04-23,-30.909782,21.242472,-80.238589,6.030350,2.698917
sz000019,2004-05-27,7.310000,7.750000,7.230000,7.680000,0.050616,873367.000000,6658600.000000,306804300.000000,1196444840.000000,0.021862,14.598646,2004-03-31,2004-04-23,-31.194116,21.437879,-80.976691,6.085822,2.723744
sz000019,2004-05-26,7.290000,7.390000,7.090000,7.310000,-0.017473,208661.000000,1506139.000000,292023370.000000,1138803610.000000,0.005223,13.895320,2004-03-31,2004-04-23,-29.691263,20.405056,-77.075441,5.792623,2.592521
sz000019,2004-05-24,7.500000,7.690000,7.420000,7.440000,-0.004016,135240.000000,1011528.000000,297216670.000000,1159055930.000000,0.003385,14.142431,2004-03-31,2004-04-23,-30.219285,20.767934,-78.446130,5.895637,2.638626
sz000019,2004-05-21,7.500000,7.530000,7.360000,7.470000,-0.005326,109050.000000,812804.000000,298415120.000000,1163729550.000000,0.002730,14.199456,2004-03-31,2004-04-23,-30.341135,20.851675,-78.762440,5.919410,2.649265
sz000019,2004-05-20,7.550000,7.570000,7.300000,7.510000,-0.003979,239898.000000,1787952.000000,300013060.000000,1169961030.000000,0.006005,14.275487,2004-03-31,2004-04-23,-30.503597,20.963325,-79.184175,5.951105,2.663451
sz000019,2004-05-19,7.400000,7.690000,7.400000,7.540000,0.012081,583880.000000,4439997.000000,301211520.000000,1174634640.000000,0.014616,14.332516,2004-03-31,2004-04-23,-30.625455,21.047072,-79.500507,5.974879,2.674091
sz000019,2004-05-18,7.500000,7.550000,7.300000,7.450000,0.037604,343037.000000,2542621.000000,297616150.000000,1160613810.000000,0.008587,14.161432,2004-03-31,2004-04-23,-30.259886,20.795837,-78.551526,5.903559,2.642171
sz000019,2004-05-17,7.090000,7.250000,7.090000,7.180000,-0.005540,103943.000000,745654.000000,286830060.000000,1118551290.000000,0.002602,13.648205,2004-03-31,2004-04-23,-29.163232,20.042171,-75.704726,5.689607,2.546416
sz000019,2004-05-14,7.420000,7.540000,7.170000,7.220000,-0.028264,152933.000000,1111584.000000,288428000.000000,1124782780.000000,0.003828,13.724237,2004-03-31,2004-04-23,-29.325696,20.153823,-76.126467,5.721303,2.560601
sz000019,2004-05-13,7.400000,7.440000,7.300000,7.430000,-0.005355,201150.000000,1480487.000000,296817180.000000,1157498060.000000,0.005035,14.123422,2004-03-31,2004-04-23,-30.178666,20.740019,-78.340688,5.887713,2.635079
sz000019,2004-05-12,7.150000,7.630000,7.150000,7.470000,0.041841,370251.000000,2748019.000000,298415120.000000,1163729550.000000,0.009268,14.199460,2004-03-31,2004-04-23,-30.341143,20.851680,-78.762461,5.919411,2.649266
sz000019,2004-05-11,7.100000,7.220000,7.000000,7.170000,0.011283,145053.000000,1034687.000000,286430580.000000,1116993420.000000,0.003631,13.629200,2004-03-31,2004-04-23,-29.122623,20.014263,-75.599310,5.681684,2.542870
sz000019,2004-05-10,7.230000,7.400000,7.060000,7.090000,-0.019364,230074.000000,1653243.000000,283234700.000000,1104530450.000000,0.005759,13.477138,2004-03-31,2004-04-23,-28.797698,19.790962,-74.755840,5.618293,2.514499
sz000019,2004-04-30,7.030000,7.270000,7.030000,7.230000,0.024079,288519.000000,2069208.000000,288827490.000000,1126340650.000000,0.007222,13.743262,2004-03-31,2004-04-23,-29.366348,20.181762,-76.231996,5.729234,2.564151
sz000019,2004-04-29,7.170000,7.170000,7.020000,7.060000,-0.018081,381251.000000,2699847.000000,282036250.000000,1099856840.000000,0.009544,13.420119,2004-03-31,2004-04-23,-28.675862,19.707231,-74.439566,5.594523,2.503861
sz000019,2004-04-28,7.000000,7.240000,6.820000,7.190000,0.015537,374097.000000,2624314.000000,287229550.000000,1120109160.000000,0.009364,13.667237,2004-03-31,2004-04-23,-29.203898,20.070119,-75.810292,5.697540,2.549966
sz000019,2004-04-27,7.310000,7.440000,6.960000,7.080000,-0.031464,448410.000000,3186658.000000,282835220.000000,1102972580.000000,0.011225,13.458137,2004-03-31,2004-04-23,-28.757099,19.763060,-74.650448,5.610372,2.510954
sz000019,2004-04-26,7.450000,7.450000,7.280000,7.310000,-0.018792,277044.000000,2040389.000000,292023370.000000,1138803610.000000,0.006935,13.895340,2004-03-31,2004-04-23,-29.691306,20.405086,-77.075553,5.792631,2.592525
sz000019,2004-04-23,7.700000,7.750000,7.400000,7.450000,-0.039948,210100.000000,1585809.000000,297616150.000000,1160613810.000000,0.005259,14.161463,2004-03-31,2004-04-23,-30.259951,20.795882,-78.551697,5.903571,2.642177
sz000019,2004-04-22,7.730000,7.760000,7.600000,7.760000,0.017038,276876.000000,2124946.000000,310000180.000000,1208907800.000000,0.006931,14.750725,2003-12-31,2004-04-10,-31.475400,22.745350,-55.090609,6.155317,2.752118
sz000019,2004-04-21,7.620000,7.790000,7.610000,7.630000,0.003947,297411.000000,2284268.000000,304806880.000000,1188655480.000000,0.007445,14.503612,2003-12-31,2004-04-10,-30.948107,22.364306,-54.167700,6.052200,2.706013
sz000019,2004-04-20,7.510000,7.650000,7.470000,7.600000,0.011984,274678.000000,2086453.000000,303608430.000000,1183981870.000000,0.006876,14.446591,2003-12-31,2004-04-10,-30.826435,22.276382,-53.954741,6.028406,2.695375
sz000019,2004-04-19,7.610000,7.700000,7.500000,7.510000,-0.010540,315377.000000,2403546.000000,300013060.000000,1169961030.000000,0.007895,14.275514,2003-12-31,2004-04-10,-30.461385,22.012583,-53.315804,5.957017,2.663456
sz000019,2004-04-16,7.700000,7.800000,7.250000,7.590000,-0.010430,685031.000000,5164336.000000,303208940.000000,1182424000.000000,0.017148,14.427580,2003-12-31,2004-04-10,-30.785868,22.247067,-53.883739,6.020472,2.691828
sz000019,2004-04-15,7.950000,7.980000,7.500000,7.670000,-0.037641,766400.000000,5983771.000000,306404820.000000,1194886960.000000,0.019185,14.579646,2003-12-31,2004-04-10,-31.110349,22.481549,-54.451670,6.083928,2.720199
sz000019,2004-04-14,8.220000,8.230000,7.800000,7.970000,-0.032767,1061617.000000,8470763.000000,318389360.000000,1241623090.000000,0.026575,15.149904,2003-12-31,2004-04-10,-32.327177,23.360876,-56.581452,6.321890,2.826595
sz000019,2004-04-13,8.300000,8.340000,8.210000,8.240000,-0.009615,703400.000000,5815399.000000,329175450.000000,1283685610.000000,0.017608,15.663138,2003-12-31,2004-04-10,-33.422326,24.152274,-58.498265,6.536057,2.922352
sz000019,2004-04-12,8.330000,8.380000,8.170000,8.320000,-0.016548,1134453.000000,9372532.000000,332371330.000000,1296148570.000000,0.028398,15.815201,2003-12-31,2004-04-10,-33.746801,24.386752,-59.066186,6.599511,2.950723
sz000019,2004-04-09,8.780000,8.840000,8.410000,8.460000,-0.036446,1112424.000000,9549763.000000,337964120.000000,1317958760.000000,0.027846,16.081314,2003-09-30,2003-10-24,-414.624661,23.145556,-92.585517,5.747276,3.000373
sz000019,2004-04-08,8.690000,8.870000,8.600000,8.780000,0.010357,1015512.000000,8914900.000000,350747630.000000,1367810630.000000,0.025421,16.689583,2003-09-30,2003-10-24,-430.307653,24.021026,-96.087522,5.964664,3.113861
sz000019,2004-04-07,8.900000,8.900000,8.650000,8.690000,-0.026876,1870797.000000,16357572.000000,347152270.000000,1353789790.000000,0.046830,16.518501,2003-09-30,2003-10-24,-425.896642,23.774791,-95.102545,5.903521,3.081941
sz000019,2004-04-06,9.300000,9.300000,8.850000,8.930000,-0.043897,2217004.000000,19936213.000000,356739900.000000,1391178700.000000,0.055497,16.974713,2003-09-30,2003-10-24,-437.659170,24.431409,-97.729113,6.066566,3.167059
sz000019,2004-04-05,9.250000,9.400000,9.050000,9.340000,0.005382,2086459.000000,19179057.000000,373118780.000000,1455051400.000000,0.052229,17.754063,2003-09-30,2003-10-24,-457.753160,25.553114,-102.216093,6.345097,3.312467
sz000019,2004-04-02,9.300000,9.400000,9.150000,9.290000,0.015301,3127189.000000,28912663.000000,371121350.000000,1447262050.000000,0.078281,17.659022,2003-09-30,2003-10-24,-455.302721,25.416324,-101.668911,6.311130,3.294734
sz000019,2004-04-01,8.780000,9.380000,8.780000,9.150000,0.043330,4689268.000000,42884325.000000,365528560.000000,1425451860.000000,0.117383,17.392894,2003-09-30,2003-10-24,-448.441123,25.033289,-100.136719,6.216019,3.245081
sz000019,2004-03-31,8.580000,9.000000,8.580000,8.770000,0.025731,3297818.000000,29048603.000000,350348140.000000,1366252760.000000,0.082552,16.670558,2003-09-30,2003-10-24,-429.817146,23.993645,-95.977992,5.957865,3.110312
sz000019,2004-03-30,8.250000,8.580000,8.180000,8.550000,0.046512,1243203.000000,10512695.000000,341559480.000000,1331979600.000000,0.031120,16.252369,2003-09-30,2003-10-24,-419.034958,23.391752,-93.570334,5.808409,3.032288
sz000019,2004-03-29,8.450000,8.550000,8.150000,8.170000,-0.029691,702750.000000,5866362.000000,326379060.000000,1272780510.000000,0.017591,15.530036,2003-09-30,2003-10-24,-400.411039,22.352110,-89.411621,5.550255,2.897518
sz000019,2004-03-26,8.470000,8.580000,8.360000,8.420000,-0.005903,560452.000000,4726572.000000,336366180.000000,1311727280.000000,0.014029,16.005247,2003-09-30,2003-10-24,-412.663429,23.036074,-92.147574,5.720090,2.986181
sz000019,2004-03-25,8.360000,8.600000,8.360000,8.470000,0.013158,993248.000000,8419148.000000,338363600.000000,1319516640.000000,0.024863,16.100287,2003-09-30,2003-10-24,-415.113846,23.172864,-92.694752,5.754057,3.003913
sz000019,2004-03-24,8.380000,8.480000,8.310000,8.360000,-0.003576,535452.000000,4488435.000000,333969270.000000,1302380060.000000,0.013404,15.891191,2003-09-30,2003-10-24,-409.722715,22.871915,-91.490914,5.679328,2.964901
sz000019,2004-03-23,8.600000,8.600000,8.380000,8.390000,-0.016413,548250.000000,4628628.000000,335167720.000000,1307053670.000000,0.013724,15.948222,2003-09-30,2003-10-24,-411.193142,22.953999,-91.819260,5.699710,2.975542
sz000019,2004-03-22,8.490000,8.580000,8.300000,8.530000,0.004711,770643.000000,6512825.000000,340760510.000000,1328863860.000000,0.019291,16.214348,2003-09-30,2003-10-24,-418.054673,23.337029,-93.351437,5.794821,3.025194
sz000019,2004-03-19,8.300000,8.600000,8.200000,8.490000,0.013126,818373.000000,6857908.000000,339162570.000000,1322632380.000000,0.020486,16.138320,2003-09-30,2003-10-24,-416.094452,23.227604,-92.913720,5.767649,3.011009
sz000019,2004-03-18,8.550000,8.760000,8.350000,8.380000,-0.010626,1892856.000000,16263755.000000,334768240.000000,1305495800.000000,0.047382,15.929233,2003-09-30,2003-10-24,-410.703557,22.926668,-91.709936,5.692924,2.971999
sz000019,2004-03-17,8.380000,8.600000,8.290000,8.470000,0.018029,1555447.000000,13177277.000000,338363600.000000,1319516640.000000,0.038936,16.100315,2003-09-30,2003-10-24,-415.114564,23.172904,-92.694912,5.754067,3.003918
sz000019,2004-03-16,8.320000,8.450000,8.200000,8.320000,0.006046,591677.000000,4902990.000000,332371330.000000,1296148570.000000,0.014811,15.815183,2003-09-30,2003-10-24,-407.763005,22.762518,-91.053312,5.652164,2.950720
sz000019,2004-03-15,8.020000,8.320000,7.980000,8.270000,0.017220,498209.000000,4098462.000000,330373900.000000,1288359220.000000,0.012471,15.720139,2003-09-30,2003-10-24,-405.312486,22.625723,-90.506112,5.618196,2.932987
sz000019,2004-03-12,8.340000,8.340000,8.060000,8.130000,-0.026347,483310.000000,3946276.000000,324781120.000000,1266549030.000000,0.012098,15.454021,2003-09-30,2003-10-24,-398.451157,22.242704,-88.973980,5.523089,2.883336
sz000019,2004-03-11,8.090000,8.530000,7.910000,8.350000,0.032138,1162995.000000,9629267.000000,333569780.000000,1300822180.000000,0.029112,15.872206,2003-09-30,2003-10-24,-409.233225,22.844590,-91.381611,5.672543,2.961359
sz000019,2004-03-10,7.930000,8.100000,7.800000,8.090000,0.021465,313480.000000,2499061.000000,323183180.000000,1260317540.000000,0.007847,15.377988,2003-09-30,2003-10-24,-396.490803,22.133271,-88.536234,5.495915,2.869150
sz000019,2004-03-09,7.920000,8.060000,7.920000,7.920000,0.000000,421545.000000,3363846.000000,316391940.000000,1233833740.000000,0.010552,15.054836,2003-09-30,2003-10-24,-388.158971,21.668164,-86.675739,5.380425,2.808858
sz000019,2004-03-08,8.160000,8.200000,7.900000,7.920000,-0.032967,614682.000000,4913760.000000,316391940.000000,1233833740.000000,0.015387,15.054836,2003-09-30,2003-10-24,-388.158971,21.668164,-86.675739,5.380425,2.808858
sz000019,2004-03-05,8.380000,8.440000,8.180000,8.190000,-0.021505,375762.000000,3104345.000000,327178030.000000,1275896250.000000,0.009406,15.568069,2003-09-30,2003-10-24,-401.391650,22.406851,-89.630591,5.563848,2.904615
sz000019,2004-03-04,8.150000,8.380000,8.100000,8.370000,0.004802,645313.000000,5311036.000000,334368750.000000,1303937930.000000,0.016154,15.910218,2003-09-30,2003-10-24,-410.213286,22.899300,-91.600458,5.686128,2.968451
sz000019,2004-03-03,8.460000,8.780000,8.230000,8.330000,-0.015366,1094443.000000,9338551.000000,332770810.000000,1297706440.000000,0.027396,15.834182,2003-09-30,2003-10-24,-408.252856,22.789863,-91.162695,5.658954,2.954265
sz000019,2004-03-02,8.400000,8.800000,8.340000,8.460000,0.010753,1516593.000000,12951961.000000,337964120.000000,1317958760.000000,0.037964,16.081287,2003-09-30,2003-10-24,-414.623968,23.145517,-92.585362,5.747266,3.000368
sz000019,2004-03-01,8.030000,8.390000,7.850000,8.370000,0.034611,1051215.000000,8558957.000000,334368750.000000,1303937930.000000,0.026314,15.910205,2003-09-30,2003-10-24,-410.212948,22.899281,-91.600383,5.686123,2.968449
sz000019,2004-02-27,7.900000,8.180000,7.860000,8.090000,0.020177,730269.000000,5867196.000000,323183180.000000,1260317540.000000,0.018280,15.377958,2003-09-30,2003-10-24,-396.490032,22.133228,-88.536061,5.495905,2.869145
sz000019,2004-02-26,8.100000,8.280000,7.810000,7.930000,-0.032927,1494626.000000,11939312.000000,316791420.000000,1235391610.000000,0.037414,15.073814,2003-09-30,2003-10-24,-388.648275,21.695478,-86.785000,5.387207,2.812399
sz000019,2004-02-25,8.880000,8.960000,8.180000,8.200000,-0.078652,2123733.000000,18379921.000000,327577510.000000,1277454120.000000,0.053162,15.587049,2003-09-30,2003-10-24,-401.881011,22.434168,-89.739865,5.570631,2.908156
sz000019,2004-02-24,8.420000,9.240000,8.420000,8.900000,0.053254,5192695.000000,46342954.000000,355541450.000000,1386505080.000000,0.129985,16.917656,2003-09-30,2003-10-24,-436.188076,24.349289,-97.400618,6.046175,3.156414
sz000019,2004-02-23,8.550000,8.800000,8.400000,8.450000,-0.008216,2089693.000000,17996467.000000,337564630.000000,1316400890.000000,0.052310,16.062276,2003-09-30,2003-10-24,-414.133795,23.118154,-92.475906,5.740472,2.996821
sz000019,2004-02-20,8.220000,8.530000,8.220000,8.520000,0.036496,1615524.000000,13596282.000000,340361020.000000,1327305990.000000,0.040440,16.195337,2003-09-30,2003-10-24,-417.564505,23.309667,-93.241983,5.788026,3.021647
sz000019,2004-02-19,8.370000,8.370000,8.150000,8.220000,-0.017921,742590.000000,6104671.000000,328376480.000000,1280569860.000000,0.018589,15.625084,2003-09-30,2003-10-24,-402.861666,22.488911,-89.958845,5.584224,2.915252
sz000019,2004-02-18,8.270000,8.620000,8.010000,8.370000,0.013317,1692177.000000,14095714.000000,334368750.000000,1303937930.000000,0.042359,15.910211,2003-09-30,2003-10-24,-410.213094,22.899289,-91.600416,5.686125,2.968450
sz000019,2004-02-17,8.200000,8.490000,8.200000,8.260000,0.007317,1353400.000000,11248197.000000,329974420.000000,1286801350.000000,0.033879,15.701119,2003-09-30,2003-10-24,-404.822079,22.598347,-90.396604,5.611398,2.929438
sz000019,2004-02-16,7.910000,8.250000,7.910000,8.200000,0.037975,909510.000000,7422301.000000,327577510.000000,1277454120.000000,0.022767,15.587068,2003-09-30,2003-10-24,-401.881512,22.434196,-89.739977,5.570638,2.908159
sz000019,2004-02-13,8.120000,8.240000,7.800000,7.900000,-0.030675,1598255.000000,12750022.000000,315592970.000000,1230718000.000000,0.040008,15.016805,2003-09-30,2003-10-24,-387.178412,21.613426,-86.456780,5.366833,2.801762
sz000019,2004-02-12,8.480000,8.490000,8.080000,8.150000,-0.050117,1363025.000000,11297117.000000,325580090.000000,1269664770.000000,0.034120,15.492023,2003-09-30,2003-10-24,-399.430956,22.297399,-89.192769,5.536670,2.890426
sz000019,2004-02-11,8.800000,8.800000,8.200000,8.580000,-0.014925,2076668.000000,17591871.000000,342757930.000000,1336653220.000000,0.051984,16.309401,2003-09-30,2003-10-24,-420.505427,23.473837,-93.898689,5.828791,3.042929
sz000019,2004-02-10,8.140000,8.980000,8.130000,8.710000,0.062195,3378197.000000,29082278.000000,347951230.000000,1356905540.000000,0.084564,16.556507,2003-09-30,2003-10-24,-426.876559,23.829493,-95.321360,5.917104,3.089032
sz000019,2004-02-09,7.810000,8.400000,7.790000,8.200000,0.049936,2237720.000000,18211923.000000,327577510.000000,1277454120.000000,0.056015,15.587069,2003-09-30,2003-10-24,-401.881537,22.434198,-89.739982,5.570638,2.908160
sz000019,2004-02-06,7.790000,7.900000,7.610000,7.810000,0.006443,1882802.000000,14563989.000000,311997610.000000,1216697160.000000,0.047131,14.845733,2003-09-30,2003-10-24,-382.767652,21.367205,-85.471860,5.305693,2.769845
sz000019,2004-02-05,7.800000,7.960000,7.600000,7.760000,-0.011465,1905658.000000,14813090.000000,310000180.000000,1208907800.000000,0.047703,14.750694,2003-09-30,2003-10-24,-380.317267,21.230417,-84.924690,5.271728,2.752113
sz000019,2004-02-04,7.310000,7.850000,7.310000,7.850000,0.099440,3450357.000000,26522967.000000,313595540.000000,1222928640.000000,0.086370,14.921772,2003-09-30,2003-10-24,-384.728176,21.476647,-85.909644,5.332869,2.784032
sz000019,2004-02-03,7.050000,7.150000,6.960000,7.140000,0.017094,1388855.000000,9772761.000000,285232130.000000,1112319810.000000,0.034766,13.572157,2003-09-30,2003-10-24,-349.931034,19.534169,-78.139456,4.850532,2.532227
sz000019,2004-02-02,6.780000,7.090000,6.670000,7.020000,0.052474,1882167.000000,13028930.000000,280438310.000000,1093625360.000000,0.047115,13.344054,2003-09-30,2003-10-24,-344.049846,19.205864,-76.826189,4.769011,2.489669
sz000019,2004-01-30,6.420000,6.970000,6.360000,6.670000,0.038941,2007019.000000,13407169.000000,266456340.000000,1039099880.000000,0.050240,12.678749,2003-09-30,2003-10-24,-326.896290,18.248303,-72.995807,4.531238,2.365539
sz000019,2004-01-29,6.200000,6.420000,6.120000,6.420000,0.035484,680997.000000,4313216.000000,256469220.000000,1000153100.000000,0.017047,12.203531,2003-09-30,2003-10-24,-314.643748,17.564330,-70.259820,4.361401,2.276875
sz000019,2004-01-16,6.260000,6.260000,6.100000,6.200000,-0.006410,627527.000000,3867609.000000,247680560.000000,965879950.000000,0.015708,11.785340,2003-09-30,2003-10-24,-303.861525,16.962435,-67.852154,4.211944,2.198851
sz000019,2004-01-15,6.220000,6.340000,6.150000,6.240000,0.001605,419296.000000,2626568.000000,249278500.000000,972111430.000000,0.010496,11.861372,2003-09-30,2003-10-24,-305.821843,17.071866,-68.289892,4.239117,2.213037
sz000019,2004-01-14,6.350000,6.350000,6.100000,6.230000,-0.032609,749768.000000,4655627.000000,248879010.000000,970553560.000000,0.018768,11.842365,2003-09-30,2003-10-24,-305.331786,17.044509,-68.180462,4.232324,2.209491
sz000019,2004-01-13,6.280000,6.570000,6.230000,6.440000,0.025478,739175.000000,4736140.000000,257268190.000000,1003268850.000000,0.018503,12.241549,2003-09-30,2003-10-24,-315.623968,17.619049,-70.478703,4.374988,2.283969
sz000019,2004-01-12,6.290000,6.390000,6.210000,6.280000,-0.001590,329317.000000,2059470.000000,250876440.000000,978342910.000000,0.008244,11.937408,2003-09-30,2003-10-24,-307.782291,17.181304,-68.727659,4.266292,2.227223
sz000019,2004-01-09,6.400000,6.450000,6.260000,6.290000,-0.021773,472819.000000,2990803.000000,251275920.000000,979900780.000000,0.011836,11.956419,2003-09-30,2003-10-24,-308.272444,17.208665,-68.837110,4.273086,2.230770
sz000019,2004-01-08,6.160000,6.440000,6.110000,6.430000,0.045528,611320.000000,3819708.000000,256868710.000000,1001710980.000000,0.015303,12.222540,2003-09-30,2003-10-24,-315.133853,17.591689,-70.369260,4.368195,2.280422
sz000019,2004-01-07,6.000000,6.190000,6.000000,6.150000,0.009852,540877.000000,3305070.000000,245683130.000000,958090590.000000,0.013539,11.690304,2003-09-30,2003-10-24,-301.411204,16.825651,-67.304998,4.177980,2.181120
sz000019,2004-01-06,6.340000,6.340000,6.000000,6.090000,-0.030255,537368.000000,3277845.000000,243286220.000000,948743370.000000,0.013452,11.576255,2003-09-30,2003-10-24,-298.470671,16.661502,-66.648378,4.137220,2.159841
sz000019,2004-01-05,6.280000,6.280000,6.180000,6.280000,-0.003175,333292.000000,2069527.000000,250876440.000000,978342910.000000,0.008343,11.937421,2003-09-30,2003-10-24,-307.782635,17.181323,-68.727736,4.266296,2.227226
sz000019,2004-01-02,6.200000,6.320000,6.150000,6.300000,0.016129,134745.000000,847270.000000,251675410.000000,981458650.000000,0.003373,11.975443,2003-09-30,2003-10-24,-308.762957,17.236047,-68.946642,4.279885,2.234320
sz000019,2003-12-31,6.300000,6.300000,6.190000,6.200000,-0.015873,194388.000000,1210770.000000,247680560.000000,965879950.000000,0.004866,11.785357,2003-09-30,2003-10-24,-303.861967,16.962460,-67.852253,4.211951,2.198855
sz000019,2003-12-30,6.150000,6.300000,6.140000,6.300000,0.019417,181952.000000,1128859.000000,251675410.000000,981458650.000000,0.004555,11.975444,2003-09-30,2003-10-24,-308.762962,17.236048,-68.946643,4.279885,2.234320
sz000019,2003-12-29,6.350000,6.400000,6.150000,6.180000,-0.029827,300212.000000,1876872.000000,246881590.000000,962764200.000000,0.007515,11.747345,2003-09-30,2003-10-24,-302.881904,16.907750,-67.633405,4.198365,2.191763
sz000019,2003-12-26,6.380000,6.480000,6.330000,6.370000,-0.004688,261967.000000,1668378.000000,254471800.000000,992363750.000000,0.006558,12.108506,2003-09-30,2003-10-24,-312.193705,17.427562,-69.712726,4.327440,2.259146
sz000019,2003-12-25,6.350000,6.580000,6.330000,6.400000,-0.001560,289499.000000,1865824.000000,255670250.000000,997037360.000000,0.007247,12.165538,2003-09-30,2003-10-24,-313.664163,17.509647,-70.041079,4.347823,2.269787
sz000019,2003-12-24,6.530000,6.530000,6.360000,6.410000,-0.021374,301889.000000,1945527.000000,256069740.000000,998595230.000000,0.007557,12.184546,2003-09-30,2003-10-24,-314.154244,17.537005,-70.150514,4.354616,2.273333
sz000019,2003-12-23,6.520000,6.750000,6.450000,6.550000,0.004601,463260.000000,3036584.000000,261662520.000000,1020405430.000000,0.011596,12.450666,2003-09-30,2003-10-24,-321.015632,17.920027,-71.682659,4.449724,2.322985
sz000019,2003-12-22,6.300000,6.600000,6.080000,6.520000,0.015576,530780.000000,3320891.000000,260464070.000000,1015731810.000000,0.013287,12.393643,2003-09-30,2003-10-24,-319.545403,17.837955,-71.354357,4.429345,2.312346
sz000019,2003-12-19,6.900000,7.020000,6.310000,6.420000,-0.080229,902666.000000,5878182.000000,256469220.000000,1000153100.000000,0.022596,12.203560,2003-09-30,2003-10-24,-314.644501,17.564372,-70.259988,4.361411,2.276881
sz000019,2003-12-18,7.130000,7.170000,6.890000,6.980000,-0.030556,741843.000000,5189980.000000,278840370.000000,1087393870.000000,0.018570,13.268042,2003-09-30,2003-10-24,-342.090043,19.096462,-76.388566,4.741845,2.475487
sz000019,2003-12-17,7.100000,7.450000,7.090000,7.200000,-0.009629,1410899.000000,10340909.000000,287629030.000000,1121667030.000000,0.035318,13.686239,2003-09-30,2003-10-24,-352.872412,19.698366,-78.796265,4.891304,2.553512
sz000019,2003-12-16,7.000000,7.400000,6.850000,7.270000,0.035613,1086686.000000,7795347.000000,290425430.000000,1132572130.000000,0.027202,13.819305,2003-09-30,2003-10-24,-356.303256,19.889885,-79.562371,4.938860,2.578339
sz000019,2003-12-15,7.060000,7.180000,6.960000,7.020000,-0.008475,274699.000000,1941976.000000,280438310.000000,1093625360.000000,0.006876,13.344082,2003-09-30,2003-10-24,-344.050583,19.205905,-76.826354,4.769021,2.489674
sz000019,2003-12-12,7.050000,7.180000,6.870000,7.080000,0.000000,427328.000000,3003915.000000,282835220.000000,1102972580.000000,0.010697,13.458140,2003-09-30,2003-10-24,-346.991334,19.370067,-77.483023,4.809784,2.510954
sz000019,2003-12-11,7.000000,7.150000,7.000000,7.080000,0.011429,274880.000000,1938774.000000,282835220.000000,1102972580.000000,0.006881,13.458140,2003-09-30,2003-10-24,-346.991334,19.370067,-77.483023,4.809784,2.510954
sz000019,2003-12-10,6.900000,7.140000,6.870000,7.000000,0.008646,217280.000000,1512547.000000,279639340.000000,1090509620.000000,0.005439,13.306065,2003-09-30,2003-10-24,-343.070383,19.151188,-76.607476,4.755434,2.482581
sz000019,2003-12-09,6.870000,6.960000,6.800000,6.940000,0.005797,187389.000000,1286015.000000,277242430.000000,1081162390.000000,0.004691,13.192007,2003-09-30,2003-10-24,-340.129622,18.987026,-75.950805,4.714671,2.461300
sz000019,2003-12-08,7.120000,7.130000,6.890000,6.900000,-0.034965,214015.000000,1492659.000000,275644490.000000,1074930910.000000,0.005357,13.115974,2003-09-30,2003-10-24,-338.169255,18.877593,-75.513056,4.687497,2.447114
sz000019,2003-12-05,7.080000,7.200000,7.070000,7.150000,0.009887,218644.000000,1556628.000000,285631610.000000,1113877680.000000,0.005473,13.591189,2003-09-30,2003-10-24,-350.421752,19.561563,-78.249033,4.857334,2.535778
sz000019,2003-12-04,7.180000,7.190000,7.030000,7.080000,-0.016667,411936.000000,2917907.000000,282835220.000000,1102972580.000000,0.010312,13.458129,2003-09-30,2003-10-24,-346.991051,19.370051,-77.482959,4.809780,2.510952
sz000019,2003-12-03,7.120000,7.320000,7.120000,7.200000,0.001391,651340.000000,4705640.000000,287629030.000000,1121667030.000000,0.016305,13.686237,2003-09-30,2003-10-24,-352.872375,19.698364,-78.796257,4.891303,2.553512
sz000019,2003-12-02,7.090000,7.250000,7.010000,7.190000,0.021307,811843.000000,5789715.000000,287229550.000000,1120109160.000000,0.020322,13.667226,2003-09-30,2003-10-24,-352.382211,19.671001,-78.686803,4.884509,2.549965
sz000019,2003-12-01,6.970000,7.090000,6.720000,7.040000,0.021771,403850.000000,2821567.000000,281237280.000000,1096741100.000000,0.010109,13.382094,2003-09-30,2003-10-24,-345.030643,19.260615,-77.045201,4.782606,2.496766
sz000019,2003-11-28,6.800000,7.140000,6.700000,6.890000,0.025298,520589.000000,3613191.000000,275245010.000000,1073373040.000000,0.013032,13.096960,2003-09-30,2003-10-24,-337.679033,18.850227,-75.403590,4.680702,2.443567
sz000019,2003-11-27,6.980000,6.980000,6.660000,6.720000,-0.038627,487582.000000,3300523.000000,268453770.000000,1046889230.000000,0.012205,12.773808,2003-09-30,2003-10-24,-329.347207,18.385120,-73.543096,4.565211,2.383275
sz000019,2003-11-26,7.100000,7.320000,6.880000,6.990000,-0.021008,633999.000000,4462081.000000,279239850.000000,1088951750.000000,0.015870,13.287047,2003-09-30,2003-10-24,-342.580047,19.123816,-76.497984,4.748637,2.479033
sz000019,2003-11-25,6.900000,7.400000,6.860000,7.140000,0.042336,1341894.000000,9598388.000000,285232130.000000,1112319810.000000,0.033591,13.572171,2003-09-30,2003-10-24,-349.931406,19.534190,-78.139539,4.850537,2.532230
sz000019,2003-11-24,6.350000,7.010000,6.320000,6.850000,0.075353,851120.000000,5807457.000000,273647070.000000,1067141550.000000,0.021305,13.020918,2003-09-30,2003-10-24,-335.718430,18.740780,-74.965788,4.653526,2.429379
sz000019,2003-11-21,6.590000,6.690000,6.370000,6.370000,-0.040663,424673.000000,2761260.000000,254471800.000000,992363750.000000,0.010631,12.108505,2003-09-30,2003-10-24,-312.193699,17.427561,-69.712725,4.327440,2.259146
sz000019,2003-11-20,6.340000,6.690000,6.340000,6.640000,0.042386,571500.000000,3749553.000000,265257890.000000,1034426260.000000,0.014306,12.621743,2003-09-30,2003-10-24,-325.426517,18.166256,-72.667608,4.510865,2.354903
sz000019,2003-11-19,6.050000,6.400000,6.050000,6.370000,0.045977,358145.000000,2240985.000000,254471800.000000,992363750.000000,0.008965,12.108512,2003-09-30,2003-10-24,-312.193868,17.427571,-69.712763,4.327442,2.259147
sz000019,2003-11-18,6.190000,6.220000,6.080000,6.090000,-0.017742,100244.000000,614791.000000,243286220.000000,948743370.000000,0.002509,11.576270,2003-09-30,2003-10-24,-298.471064,16.661524,-66.648466,4.137225,2.159844
sz000019,2003-11-17,6.200000,6.300000,6.120000,6.200000,-0.003215,73080.000000,453614.000000,247680560.000000,965879950.000000,0.001829,11.785366,2003-09-30,2003-10-24,-303.862187,16.962472,-67.852302,4.211954,2.198856
sz000019,2003-11-14,6.030000,6.280000,5.960000,6.220000,0.023026,172582.000000,1056407.000000,248479530.000000,968995690.000000,0.004320,11.823378,2003-09-30,2003-10-24,-304.842255,17.017182,-68.071150,4.225539,2.205948
sz000019,2003-11-13,6.100000,6.220000,5.900000,6.080000,-0.012987,221635.000000,1339538.000000,242886740.000000,947185500.000000,0.005548,11.557261,2003-09-30,2003-10-24,-297.980945,16.634164,-66.539023,4.130431,2.156297
sz000019,2003-11-12,6.310000,6.400000,6.150000,6.160000,-0.039002,185700.000000,1158509.000000,246082620.000000,959648460.000000,0.004648,11.709330,2003-09-30,2003-10-24,-301.901743,16.853034,-67.414535,4.184779,2.184670
sz000019,2003-11-11,6.430000,6.480000,6.300000,6.410000,-0.004658,147910.000000,945809.000000,256069740.000000,998595230.000000,0.003703,12.184551,2003-09-30,2003-10-24,-314.154393,17.537013,-70.150547,4.354618,2.273334
sz000019,2003-11-10,6.350000,6.450000,6.300000,6.440000,0.006250,139600.000000,893283.000000,257268190.000000,1003268850.000000,0.003495,12.241573,2003-09-30,2003-10-24,-315.624572,17.619083,-70.478837,4.374997,2.283973
sz000019,2003-11-07,6.630000,6.630000,6.150000,6.400000,-0.034691,367038.000000,2320920.000000,255670250.000000,997037360.000000,0.009188,12.165538,2003-09-30,2003-10-24,-313.664171,17.509647,-70.041081,4.347823,2.269787
sz000019,2003-11-06,7.150000,7.180000,6.610000,6.630000,-0.076602,583169.000000,3977019.000000,264858400.000000,1032868390.000000,0.014598,12.602740,2003-09-30,2003-10-24,-324.936545,18.138904,-72.558197,4.504074,2.351358
sz000019,2003-11-05,7.100000,7.480000,7.100000,7.180000,0.001395,387644.000000,2827620.000000,286830060.000000,1118551290.000000,0.009704,13.648221,2003-09-30,2003-10-24,-351.892190,19.643647,-78.577382,4.877716,2.546419
sz000019,2003-11-04,7.100000,7.280000,7.100000,7.170000,0.007022,385328.000000,2770680.000000,286430580.000000,1116993420.000000,0.009646,13.629208,2003-09-30,2003-10-24,-351.401984,19.616282,-78.467919,4.870921,2.542871
sz000019,2003-11-03,7.050000,7.200000,6.990000,7.120000,0.005650,161031.000000,1144377.000000,284433160.000000,1109204070.000000,0.004031,13.534171,2003-09-30,2003-10-24,-348.951646,19.479497,-77.920759,4.836956,2.525140
sz000019,2003-10-31,6.970000,7.250000,6.910000,7.080000,0.012876,219983.000000,1556662.000000,282835220.000000,1102972580.000000,0.005507,13.458133,2003-09-30,2003-10-24,-346.991146,19.370056,-77.482981,4.809781,2.510953
sz000019,2003-10-30,6.900000,7.020000,6.850000,6.990000,0.004310,206151.000000,1430213.000000,279239850.000000,1088951750.000000,0.005160,13.287049,2003-09-30,2003-10-24,-342.580085,19.123818,-76.497992,4.748638,2.479033
sz000019,2003-10-29,7.190000,7.240000,6.890000,6.960000,-0.033333,476960.000000,3363894.000000,278041400.000000,1084278130.000000,0.011939,13.230027,2003-09-30,2003-10-24,-341.109901,19.041748,-76.169701,4.728259,2.468394
sz000019,2003-10-28,7.410000,7.580000,7.050000,7.200000,-0.037433,628009.000000,4579247.000000,287629030.000000,1121667030.000000,0.015720,13.686230,2003-09-30,2003-10-24,-352.872190,19.698353,-78.796215,4.891301,2.553510
sz000019,2003-10-27,7.600000,7.650000,7.380000,7.480000,-0.020942,382380.000000,2850757.000000,298814610.000000,1165287420.000000,0.009572,14.218470,2003-09-30,2003-10-24,-366.594938,20.464397,-81.860499,5.081517,2.652813
sz000019,2003-10-24,8.020000,8.020000,7.540000,7.640000,-0.057953,1196671.000000,9205368.000000,305206360.000000,1190213350.000000,0.029955,14.522603,2003-09-30,2003-10-24,-374.436385,20.902129,-83.611491,5.190210,2.709557
sz000019,2003-10-23,8.210000,8.340000,8.100000,8.110000,-0.027578,710406.000000,5822141.000000,323982150.000000,1263433280.000000,0.017783,15.416006,2003-06-30,2003-07-30,366.040576,19.941172,-88.755075,5.367463,2.876243
sz000019,2003-10-22,8.250000,8.630000,8.060000,8.340000,0.014599,1495491.000000,12411937.000000,333170300.000000,1299264310.000000,0.037435,15.853206,2003-06-30,2003-07-30,376.421529,20.506706,-91.272179,5.519685,2.957814
sz000019,2003-10-21,7.910000,8.480000,7.900000,8.220000,0.030075,1709996.000000,14033863.000000,328376480.000000,1280569860.000000,0.042805,15.625095,2003-06-30,2003-07-30,371.005223,20.211637,-89.958870,5.440262,2.915254
sz000019,2003-10-20,7.900000,8.080000,7.850000,7.980000,-0.008696,358616.000000,2837374.000000,318788850.000000,1243180960.000000,0.008977,15.168891,2003-06-30,2003-07-30,360.173020,19.621519,-87.332349,5.281424,2.830138
sz000019,2003-10-17,8.200000,8.200000,7.950000,8.050000,-0.015892,753517.000000,6058616.000000,321585240.000000,1254086060.000000,0.018862,15.301957,2003-06-30,2003-07-30,363.332560,19.793645,-88.098454,5.327754,2.854965
sz000019,2003-10-16,8.480000,8.480000,8.100000,8.180000,-0.035377,1695099.000000,13952743.000000,326778540.000000,1274338380.000000,0.042432,15.549063,2003-06-30,2003-07-30,369.199884,20.113285,-89.521123,5.413790,2.901068
sz000019,2003-10-15,7.780000,8.480000,7.780000,8.480000,0.099870,2172709.000000,18256556.000000,338763080.000000,1321074510.000000,0.054388,16.119316,2003-06-30,2003-07-30,382.740080,20.850928,-92.804260,5.612337,3.007463
sz000019,2003-10-14,7.770000,7.820000,7.660000,7.710000,-0.002587,164238.000000,1272715.000000,308002760.000000,1201118450.000000,0.004111,14.655655,2003-06-30,2003-07-30,347.986653,18.957630,-84.377481,5.102728,2.734381
sz000019,2003-10-13,7.650000,7.830000,7.600000,7.730000,0.010458,168601.000000,1305152.000000,308801730.000000,1204234190.000000,0.004220,14.693668,2003-06-30,2003-07-30,348.889230,19.006801,-84.596331,5.115963,2.741473
sz000019,2003-10-10,7.430000,7.680000,7.430000,7.650000,0.032389,169504.000000,1281933.000000,305605850.000000,1191771220.000000,0.004243,14.541592,2003-06-30,2003-07-30,345.278309,18.810085,-83.720779,5.063014,2.713099
sz000019,2003-10-09,7.420000,7.580000,7.400000,7.410000,-0.012000,73100.000000,544273.000000,296018210.000000,1154382320.000000,0.001830,14.085380,2003-06-30,2003-07-30,334.445939,18.219958,-81.094219,4.904173,2.627982
sz000019,2003-10-08,7.510000,7.580000,7.400000,7.500000,-0.003984,59400.000000,445007.000000,299613580.000000,1168403160.000000,0.001487,14.256458,2003-06-30,2003-07-30,338.508036,18.441254,-82.079169,4.963738,2.659901
sz000019,2003-09-30,7.400000,7.580000,7.300000,7.530000,0.017568,121580.000000,902232.000000,300812030.000000,1173076770.000000,0.003043,14.313483,2003-06-30,2003-07-30,339.862046,18.515017,-82.407480,4.983592,2.670540
sz000019,2003-09-29,7.680000,7.680000,7.390000,7.400000,-0.036458,147826.000000,1102236.000000,295618730.000000,1152824450.000000,0.003700,14.066365,2003-06-30,2003-07-30,333.994432,18.195361,-80.984740,4.897552,2.624434
sz000019,2003-09-26,7.820000,7.820000,7.680000,7.680000,-0.017903,139099.000000,1075049.000000,306804300.000000,1196444840.000000,0.003482,14.598601,2003-06-30,2003-07-30,346.631939,18.883828,-84.048999,5.082863,2.723736
sz000019,2003-09-25,7.880000,7.960000,7.770000,7.820000,-0.020050,79070.000000,619298.000000,312397090.000000,1218255030.000000,0.001979,14.864724,2003-06-30,2003-07-30,352.950818,19.228068,-85.581158,5.175520,2.773388
sz000019,2003-09-24,7.850000,8.010000,7.850000,7.980000,0.015267,102999.000000,819448.000000,318788850.000000,1243180960.000000,0.002578,15.168859,2003-06-30,2003-07-30,360.172272,19.621479,-87.332168,5.281413,2.830132
sz000019,2003-09-23,7.800000,7.870000,7.720000,7.860000,0.014194,65595.000000,510312.000000,313995030.000000,1224486510.000000,0.001642,14.940759,2003-06-30,2003-07-30,354.756209,19.326422,-86.018917,5.201994,2.787574
sz000019,2003-09-22,7.840000,7.880000,7.750000,7.750000,-0.012739,61805.000000,481494.000000,309600700.000000,1207349930.000000,0.001547,14.731658,2003-06-30,2003-07-30,349.791272,19.055942,-84.815052,5.129190,2.748561
sz000019,2003-09-19,7.780000,7.950000,7.780000,7.850000,0.008997,59890.000000,469251.000000,313595540.000000,1222928640.000000,0.001499,14.921746,2003-06-30,2003-07-30,354.304760,19.301828,-85.909453,5.195374,2.784027
sz000019,2003-09-18,7.850000,7.870000,7.720000,7.780000,-0.015190,159601.000000,1246283.000000,310799150.000000,1212023540.000000,0.003995,14.788692,2003-06-30,2003-07-30,351.145504,19.129718,-85.143418,5.149048,2.759202
sz000019,2003-09-17,8.020000,8.020000,7.870000,7.900000,-0.016189,80500.000000,636906.000000,315592970.000000,1230718000.000000,0.002015,15.016797,2003-06-30,2003-07-30,356.561676,19.424780,-86.456695,5.228468,2.801761
sz000019,2003-09-16,7.900000,8.030000,7.850000,8.030000,0.016456,107507.000000,852488.000000,320786270.000000,1250970320.000000,0.002691,15.263905,2003-06-30,2003-07-30,362.429039,19.744423,-87.879374,5.314505,2.847865
sz000019,2003-09-15,8.060000,8.160000,7.890000,7.900000,-0.022277,181000.000000,1447309.000000,315592970.000000,1230718000.000000,0.004531,15.016788,2003-06-30,2003-07-30,356.561464,19.424769,-86.456643,5.228465,2.801759
sz000019,2003-09-12,8.280000,8.280000,8.050000,8.080000,-0.024155,275314.000000,2242255.000000,322783690.000000,1258759670.000000,0.006892,15.358939,2003-06-30,2003-07-30,364.685564,19.867354,-88.426521,5.347594,2.865596
sz000019,2003-09-11,8.310000,8.380000,8.280000,8.280000,-0.003610,79290.000000,659783.000000,330773390.000000,1289917090.000000,0.001985,15.739118,2003-06-30,2003-07-30,373.712592,20.359129,-90.615334,5.479962,2.936528
sz000019,2003-09-10,8.280000,8.370000,8.280000,8.310000,0.000000,81100.000000,674030.000000,331971840.000000,1294590700.000000,0.002030,15.796142,2003-06-30,2003-07-30,375.066582,20.432891,-90.943641,5.499816,2.947167
sz000019,2003-09-09,8.380000,8.420000,8.270000,8.310000,-0.009535,131395.000000,1092782.000000,331971840.000000,1294590700.000000,0.003289,15.796142,2003-06-30,2003-07-30,375.066582,20.432891,-90.943641,5.499816,2.947167
sz000019,2003-09-08,8.340000,8.420000,8.270000,8.390000,0.004790,136804.000000,1142103.000000,335167720.000000,1307053670.000000,0.003425,15.948208,2003-06-30,2003-07-30,378.677270,20.629595,-91.819136,5.552762,2.975539
sz000019,2003-09-05,8.550000,8.550000,8.280000,8.350000,-0.023392,276860.000000,2312972.000000,333569780.000000,1300822180.000000,0.006930,15.872180,2003-06-30,2003-07-30,376.872053,20.531250,-91.381419,5.526291,2.961354
sz000019,2003-09-04,8.660000,8.720000,8.500000,8.550000,-0.010417,419658.000000,3617450.000000,341559480.000000,1331979600.000000,0.010505,16.252355,2003-06-30,2003-07-30,385.899002,21.023020,-93.570214,5.658658,3.032285
sz000019,2003-09-03,8.550000,8.680000,8.420000,8.640000,0.011710,493361.000000,4234513.000000,345154840.000000,1346000440.000000,0.012350,16.423438,2003-06-30,2003-07-30,389.961228,21.244322,-94.555195,5.718225,3.064205
sz000019,2003-09-02,8.500000,8.680000,8.380000,8.540000,0.009456,660924.000000,5645353.000000,341159990.000000,1330421730.000000,0.016544,16.233346,2003-06-30,2003-07-30,385.447637,20.998431,-93.460770,5.652040,3.028739
sz000019,2003-09-01,8.290000,8.470000,8.200000,8.460000,0.014388,312051.000000,2615313.000000,337964120.000000,1317958760.000000,0.007811,16.081281,2003-06-30,2003-07-30,381.836986,20.801730,-92.585283,5.599095,3.000367
sz000019,2003-08-29,8.240000,8.350000,8.170000,8.340000,0.004819,171900.000000,1418380.000000,333170300.000000,1299264310.000000,0.004303,15.853186,2003-06-30,2003-07-30,376.421040,20.506680,-91.272061,5.519678,2.957810
sz000019,2003-08-28,8.300000,8.480000,8.300000,8.300000,0.000000,283656.000000,2387535.000000,331572360.000000,1293032830.000000,0.007101,15.777155,2003-06-30,2003-07-30,374.615767,20.408332,-90.834330,5.493206,2.943625
sz000019,2003-08-27,8.220000,8.370000,8.160000,8.300000,0.012195,124000.000000,1022067.000000,331572360.000000,1293032830.000000,0.003104,15.777155,2003-06-30,2003-07-30,374.615767,20.408332,-90.834330,5.493206,2.943625
sz000019,2003-08-26,8.190000,8.310000,8.160000,8.200000,-0.001218,167200.000000,1374730.000000,327577510.000000,1277454120.000000,0.004185,15.587071,2003-06-30,2003-07-30,370.102368,20.162451,-89.739952,5.427023,2.908160
sz000019,2003-08-25,8.480000,8.480000,8.190000,8.210000,-0.029551,241801.000000,1999053.000000,327977000.000000,1279011990.000000,0.006053,15.606079,2003-06-30,2003-07-30,370.553703,20.187039,-89.849388,5.433642,2.911706
sz000019,2003-08-22,8.340000,8.530000,8.280000,8.460000,0.014388,451302.000000,3821210.000000,337964120.000000,1317958760.000000,0.011297,16.081298,2003-06-30,2003-07-30,381.837379,20.801751,-92.585379,5.599101,3.000370
sz000019,2003-08-21,8.380000,8.430000,8.280000,8.340000,-0.001198,254762.000000,2123755.000000,333170300.000000,1299264310.000000,0.006377,15.853202,2003-06-30,2003-07-30,376.421428,20.506701,-91.272155,5.519683,2.957813
sz000019,2003-08-20,8.410000,8.520000,8.250000,8.350000,-0.001196,358701.000000,3015257.000000,333569780.000000,1300822180.000000,0.008979,15.872217,2003-06-30,2003-07-30,376.872921,20.531297,-91.381630,5.526304,2.961361
sz000019,2003-08-19,8.210000,8.370000,8.200000,8.360000,0.022005,244549.000000,2029736.000000,333969270.000000,1302380060.000000,0.006122,15.891223,2003-06-30,2003-07-30,377.324201,20.555882,-91.491053,5.532921,2.964907
sz000019,2003-08-18,8.200000,8.220000,8.160000,8.180000,-0.003654,88239.000000,722435.000000,326778540.000000,1274338380.000000,0.002209,15.549066,2003-06-30,2003-07-30,369.199956,20.113289,-89.521141,5.413791,2.901069
sz000019,2003-08-15,8.160000,8.290000,8.160000,8.210000,0.002442,97250.000000,797566.000000,327977000.000000,1279011990.000000,0.002434,15.606090,2003-06-30,2003-07-30,370.553960,20.187053,-89.849451,5.433645,2.911708
sz000019,2003-08-14,8.110000,8.350000,8.110000,8.190000,-0.007273,133209.000000,1093106.000000,327178030.000000,1275896250.000000,0.003335,15.568073,2003-06-30,2003-07-30,369.651272,20.137876,-89.630573,5.420409,2.904615
sz000019,2003-08-13,8.490000,8.490000,8.250000,8.250000,-0.027123,125880.000000,1045393.000000,329574940.000000,1285243480.000000,0.003151,15.682129,2003-06-30,2003-07-30,372.359442,20.285412,-90.287232,5.460120,2.925895
sz000019,2003-08-12,8.300000,8.500000,8.280000,8.480000,0.019231,183621.000000,1546035.000000,338763080.000000,1321074510.000000,0.004596,16.119334,2003-06-30,2003-07-30,382.740513,20.850952,-92.804365,5.612344,3.007467
sz000019,2003-08-11,8.340000,8.340000,8.160000,8.320000,0.008485,83926.000000,692542.000000,332371330.000000,1296148570.000000,0.002101,15.815192,2003-06-30,2003-07-30,375.518909,20.457533,-91.053318,5.506449,2.950722
sz000019,2003-08-08,8.400000,8.440000,8.240000,8.250000,-0.016687,197593.000000,1638612.000000,329574940.000000,1285243480.000000,0.004946,15.682129,2003-06-30,2003-07-30,372.359439,20.285412,-90.287231,5.460120,2.925895
sz000019,2003-08-07,8.450000,8.540000,8.350000,8.390000,-0.007101,169011.000000,1426743.000000,335167720.000000,1307053670.000000,0.004231,15.948258,2003-06-30,2003-07-30,378.678446,20.629659,-91.819422,5.552779,2.975548
sz000019,2003-08-06,8.370000,8.590000,8.260000,8.450000,0.011976,524528.000000,4451998.000000,337564630.000000,1316400890.000000,0.013130,16.062316,2003-06-30,2003-07-30,381.386673,20.777198,-92.476094,5.592492,2.996829
sz000019,2003-08-05,8.280000,8.390000,8.260000,8.350000,0.002401,164240.000000,1369122.000000,333569780.000000,1300822180.000000,0.004111,15.872230,2003-06-30,2003-07-30,376.873239,20.531315,-91.381707,5.526309,2.961363
sz000019,2003-08-04,8.180000,8.450000,8.070000,8.330000,0.033499,324898.000000,2700450.000000,332770810.000000,1297706440.000000,0.008133,15.834212,2003-06-30,2003-07-30,375.970534,20.482137,-91.162825,5.513072,2.954270
sz000019,2003-08-01,8.070000,8.150000,8.000000,8.060000,-0.007389,210215.000000,1689984.000000,321984720.000000,1255643930.000000,0.005262,15.320975,2003-06-30,2003-07-30,363.784129,19.818245,-88.207947,5.334375,2.858513
sz000019,2003-07-31,8.200000,8.230000,8.100000,8.120000,-0.003681,84660.000000,689714.000000,324381630.000000,1264991150.000000,0.002119,15.435024,2003-06-30,2003-07-30,366.492140,19.965773,-88.864567,5.374085,2.879792
sz000019,2003-07-30,8.110000,8.190000,8.090000,8.150000,0.004932,74614.000000,607555.000000,325580090.000000,1269664770.000000,0.001868,15.492051,2003-06-30,2003-07-30,367.846182,20.039538,-89.192886,5.393940,2.890431
sz000019,2003-07-29,8.050000,8.310000,8.030000,8.110000,-0.010976,266544.000000,2154417.000000,323982150.000000,1263433280.000000,0.006672,15.416019,2003-03-31,2003-04-16,59.058227,19.565680,-39.182121,5.377449,2.876246
sz000019,2003-07-25,8.200000,8.300000,8.160000,8.200000,-0.001218,133590.000000,1096635.000000,327577510.000000,1277454120.000000,0.003344,15.587103,2003-03-31,2003-04-16,59.713644,19.782816,-39.616957,5.437127,2.908166
sz000019,2003-07-24,8.310000,8.390000,8.190000,8.210000,-0.017943,132000.000000,1090993.000000,327977000.000000,1279011990.000000,0.003304,15.606111,2003-03-31,2003-04-16,59.786464,19.806941,-39.665269,5.443757,2.911712
sz000019,2003-07-23,8.450000,8.450000,8.300000,8.360000,-0.002387,97160.000000,813531.000000,333969270.000000,1302380060.000000,0.002432,15.891248,2003-03-31,2003-04-16,60.878812,20.168830,-40.389987,5.543219,2.964912
sz000019,2003-07-22,8.240000,8.450000,8.240000,8.380000,0.015758,161789.000000,1350182.000000,334768240.000000,1305495800.000000,0.004050,15.929271,2003-03-31,2003-04-16,61.024478,20.217088,-40.486628,5.556482,2.972006
sz000019,2003-07-21,8.270000,8.300000,8.180000,8.250000,-0.002418,199280.000000,1638816.000000,329574940.000000,1285243480.000000,0.004988,15.682152,2003-03-31,2003-04-16,60.077772,19.903450,-39.858537,5.470282,2.925899
sz000019,2003-07-18,8.500000,8.530000,8.250000,8.270000,-0.032749,407515.000000,3404745.000000,330373900.000000,1288359220.000000,0.010201,15.720163,2003-03-31,2003-04-16,60.223392,19.951693,-39.955149,5.483541,2.932991
sz000019,2003-07-17,8.570000,8.610000,8.390000,8.550000,-0.014977,575488.000000,4878596.000000,341559480.000000,1331979600.000000,0.014406,16.252413,2003-03-31,2003-04-16,62.262424,20.627214,-41.307943,5.669202,3.032296
sz000019,2003-07-16,8.680000,9.050000,8.670000,8.680000,0.016393,1292492.000000,11416696.000000,346752780.000000,1352231920.000000,0.032354,16.499527,2003-03-31,2003-04-16,63.209107,20.940845,-41.936019,5.755400,3.078401
sz000019,2003-07-15,8.490000,8.570000,8.350000,8.540000,0.008264,262101.000000,2213453.000000,341159990.000000,1330421730.000000,0.006561,16.233412,2003-03-31,2003-04-16,62.189632,20.603098,-41.259649,5.662574,3.028751
sz000019,2003-07-14,8.460000,8.490000,8.300000,8.470000,-0.007034,181160.000000,1516642.000000,338363600.000000,1319516640.000000,0.004535,16.100359,2003-03-31,2003-04-16,61.679910,20.434229,-40.921474,5.616162,3.003927
sz000019,2003-07-11,8.500000,8.570000,8.460000,8.530000,0.003529,204311.000000,1736561.000000,340760510.000000,1328863860.000000,0.005114,16.214411,2003-03-31,2003-04-16,62.116840,20.578982,-41.211355,5.655946,3.025206
sz000019,2003-07-10,8.530000,8.550000,8.420000,8.500000,0.003542,270000.000000,2289991.000000,339562050.000000,1324190250.000000,0.006759,16.157392,2003-03-31,2003-04-16,61.898400,20.506614,-41.066431,5.636056,3.014567
sz000019,2003-07-09,8.400000,8.470000,8.330000,8.470000,0.004745,225457.000000,1890936.000000,338363600.000000,1319516640.000000,0.005644,16.100364,2003-03-31,2003-04-16,61.679930,20.434236,-40.921487,5.616163,3.003928
sz000019,2003-07-08,8.260000,8.600000,8.260000,8.430000,0.024301,450009.000000,3809307.000000,336765660.000000,1313285150.000000,0.011265,16.024329,2003-03-31,2003-04-16,61.388641,20.337734,-40.728232,5.589641,2.989741
sz000019,2003-07-07,8.200000,8.280000,8.160000,8.230000,-0.003632,202981.000000,1665020.000000,328775970.000000,1282127730.000000,0.005081,15.644160,2003-03-31,2003-04-16,59.932228,19.855232,-39.761976,5.457029,2.918811
sz000019,2003-07-04,8.400000,8.500000,8.150000,8.260000,-0.028235,381279.000000,3171882.000000,329974420.000000,1286801350.000000,0.009544,15.701187,2003-03-31,2003-04-16,60.150695,19.927609,-39.906918,5.476922,2.929451
sz000019,2003-07-03,8.330000,8.500000,8.250000,8.500000,0.026570,376444.000000,3161726.000000,339562050.000000,1324190250.000000,0.009423,16.157391,2003-03-31,2003-04-16,61.898396,20.506613,-41.066429,5.636056,3.014567
sz000019,2003-07-02,8.280000,8.330000,8.010000,8.280000,-0.006002,483315.000000,3965554.000000,330773390.000000,1289917090.000000,0.012098,15.739200,2003-03-31,2003-04-16,60.296323,19.975854,-40.003535,5.490181,2.936543
sz000019,2003-07-01,8.330000,8.600000,8.260000,8.330000,-0.003589,522414.000000,4387336.000000,332770810.000000,1297706440.000000,0.013077,15.834237,2003-03-31,2003-04-16,60.660407,20.096473,-40.245086,5.523332,2.954275
sz000019,2003-06-30,8.780000,8.780000,8.350000,8.360000,-0.053228,1062442.000000,8982006.000000,333969270.000000,1302380060.000000,0.026595,15.891271,2003-03-31,2003-04-16,60.878901,20.168860,-40.390046,5.543227,2.964916
sz000019,2003-06-27,9.040000,9.280000,8.780000,8.830000,-0.023230,1467525.000000,13228244.000000,352745050.000000,1375599990.000000,0.036735,16.784686,2003-03-31,2003-04-16,64.301544,21.302763,-42.660794,5.854870,3.131605
sz000019,2003-06-26,9.550000,9.580000,8.880000,9.040000,-0.084093,2722274.000000,25031540.000000,361134230.000000,1408315280.000000,0.068145,17.183867,2003-03-31,2003-04-16,65.830793,21.809395,-43.675373,5.994113,3.206082
sz000019,2003-06-25,9.350000,10.290000,9.350000,9.870000,0.042239,4078304.000000,40347631.000000,394291470.000000,1537618560.000000,0.102089,18.761585,2003-03-31,2003-04-16,71.874975,23.811801,-47.685380,6.544456,3.500445
sz000019,2003-06-24,9.200000,9.700000,9.200000,9.470000,0.028230,1040940.000000,9925858.000000,378312080.000000,1475303720.000000,0.026057,18.001231,2003-03-31,2003-04-16,68.962086,22.846776,-45.752826,6.279228,3.358582
sz000019,2003-06-23,9.150000,9.350000,9.000000,9.210000,0.003268,337111.000000,3087250.000000,367925470.000000,1434799080.000000,0.008439,17.507009,2003-03-31,2003-04-16,67.068735,22.219519,-44.496685,6.106832,3.266372
sz000019,2003-06-20,9.110000,9.280000,9.100000,9.180000,-0.005417,151422.000000,1390558.000000,366727020.000000,1430125470.000000,0.003790,17.449982,2003-03-31,2003-04-16,66.850269,22.147142,-44.351744,6.086940,3.255733
sz000019,2003-06-19,9.350000,9.370000,9.060000,9.230000,-0.019129,412102.000000,3778194.000000,368724440.000000,1437914820.000000,0.010316,17.545023,2003-03-31,2003-04-16,67.214369,22.267767,-44.593305,6.120093,3.273465
sz000019,2003-06-18,9.470000,9.470000,9.300000,9.410000,-0.010515,412171.000000,3856841.000000,375915170.000000,1465956500.000000,0.010318,17.887187,2003-03-31,2003-04-16,68.525187,22.702034,-45.462967,6.239447,3.337304
sz000019,2003-06-17,9.190000,9.650000,9.190000,9.510000,0.037077,938104.000000,8892538.000000,379910020.000000,1481535210.000000,0.023483,18.077270,2003-03-31,2003-04-16,69.253386,22.943282,-45.946090,6.305752,3.372769
sz000019,2003-06-16,9.150000,9.300000,9.080000,9.170000,-0.009719,215300.000000,1969382.000000,366327530.000000,1428567600.000000,0.005389,17.430981,2003-03-31,2003-04-16,66.777478,22.123027,-44.303451,6.080312,3.252188
sz000019,2003-06-13,9.180000,9.350000,9.180000,9.260000,-0.002155,245243.000000,2271768.000000,369922900.000000,1442588430.000000,0.006139,17.602056,2003-03-31,2003-04-16,67.432858,22.340151,-44.738262,6.139987,3.284106
sz000019,2003-06-12,9.110000,9.330000,9.110000,9.280000,0.001079,405119.000000,3746582.000000,370721870.000000,1445704180.000000,0.010141,17.640070,2003-03-31,2003-04-16,67.578489,22.388398,-44.834881,6.153247,3.291198
sz000019,2003-06-11,8.830000,9.470000,8.830000,9.270000,0.030000,478113.000000,4444963.000000,370322380.000000,1444146310.000000,0.011968,17.621057,2003-03-31,2003-04-16,67.505651,22.364267,-44.786556,6.146615,3.287651
sz000019,2003-06-10,8.960000,9.110000,8.810000,9.000000,0.025057,327378.000000,2944821.000000,359536290.000000,1402083790.000000,0.008195,17.107822,2003-03-31,2003-04-16,65.539467,21.712880,-43.482093,5.967587,3.191894
sz000019,2003-06-09,8.850000,8.900000,8.700000,8.780000,-0.015695,278347.000000,2449194.000000,350747630.000000,1367810630.000000,0.006968,16.689630,2003-03-31,2003-04-16,63.937388,21.182120,-42.419196,5.821713,3.113870
sz000019,2003-06-06,9.150000,9.150000,8.900000,8.920000,-0.027263,555030.000000,5022227.000000,356340410.000000,1389620820.000000,0.013894,16.955751,2003-03-31,2003-04-16,64.956886,21.519875,-43.095581,5.914541,3.163521
sz000019,2003-06-05,9.300000,9.450000,9.150000,9.170000,-0.013978,315167.000000,2937541.000000,366327530.000000,1428567600.000000,0.007889,17.430971,2003-03-31,2003-04-16,66.777439,22.123014,-44.303425,6.080309,3.252186
sz000019,2003-06-04,9.450000,9.560000,9.100000,9.300000,-0.020021,563434.000000,5233373.000000,371520840.000000,1448819920.000000,0.014104,17.678075,2003-03-31,2003-04-16,67.724087,22.436634,-44.931477,6.166504,3.298289
sz000019,2003-06-03,9.410000,9.780000,9.410000,9.490000,0.002112,524716.000000,5034828.000000,379111050.000000,1478419470.000000,0.013135,18.039239,2003-03-31,2003-04-16,69.107692,22.895015,-45.849429,6.292486,3.365673
sz000019,2003-06-02,9.500000,9.600000,9.350000,9.470000,-0.010449,522386.000000,4935590.000000,378312080.000000,1475303720.000000,0.013076,18.001221,2003-03-31,2003-04-16,68.962044,22.846762,-45.752799,6.279224,3.358580
sz000019,2003-05-30,9.550000,9.840000,9.400000,9.570000,0.000000,894010.000000,8636382.000000,382306920.000000,1490882430.000000,0.022379,18.191301,2003-03-31,2003-04-16,69.690237,23.088009,-46.235918,6.345529,3.394044
sz000019,2003-05-29,9.180000,9.850000,9.000000,9.570000,0.042484,1941684.000000,18396284.000000,382306920.000000,1490882430.000000,0.048605,18.191301,2003-03-31,2003-04-16,69.690237,23.088009,-46.235918,6.345529,3.394044
sz000019,2003-05-28,9.520000,9.590000,9.080000,9.180000,-0.026511,1550181.000000,14319146.000000,366727020.000000,1430125470.000000,0.038805,17.449957,2003-03-31,2003-04-16,66.850174,22.147111,-44.351681,6.086931,3.255728
sz000019,2003-05-27,8.550000,9.430000,8.540000,9.430000,0.100350,1801132.000000,16460974.000000,376714140.000000,1469072240.000000,0.045086,17.925172,2003-03-31,2003-04-16,68.670703,22.750243,-45.559509,6.252697,3.344391
sz000019,2003-05-26,8.690000,8.690000,8.480000,8.570000,-0.013809,372302.000000,3186487.000000,342358450.000000,1335095340.000000,0.009320,16.290427,2003-03-31,2003-04-16,62.408055,20.675460,-41.404561,5.682462,3.039389
sz000019,2003-05-23,8.660000,8.800000,8.660000,8.690000,0.002307,313136.000000,2731931.000000,347152270.000000,1353789790.000000,0.007838,16.518532,2003-03-31,2003-04-16,63.281915,20.964965,-41.984323,5.762030,3.081947
sz000019,2003-05-22,8.800000,8.800000,8.600000,8.670000,-0.003448,130950.000000,1133202.000000,346353300.000000,1350674050.000000,0.003278,16.480511,2003-03-31,2003-04-16,63.136260,20.916711,-41.887688,5.748767,3.074854
sz000019,2003-05-21,8.750000,8.840000,8.650000,8.700000,0.000000,186490.000000,1631753.000000,347551750.000000,1355347670.000000,0.004668,16.537533,2003-03-31,2003-04-16,63.354707,20.989081,-42.032617,5.768657,3.085492
sz000019,2003-05-20,9.000000,9.120000,8.560000,8.700000,-0.024664,379770.000000,3328620.000000,347551750.000000,1355347670.000000,0.009506,16.537533,2003-03-31,2003-04-16,63.354707,20.989081,-42.032617,5.768657,3.085492
sz000019,2003-05-19,8.680000,9.030000,8.620000,8.920000,0.037209,505396.000000,4471422.000000,356340410.000000,1389620820.000000,0.012651,16.955729,2003-03-31,2003-04-16,64.956801,21.519846,-43.095525,5.914534,3.163517
sz000019,2003-05-16,8.550000,8.760000,8.500000,8.600000,0.003501,438583.000000,3780097.000000,343556900.000000,1339768960.000000,0.010979,16.347456,2003-03-31,2003-04-16,62.626531,20.747840,-41.549509,5.702355,3.050029
sz000019,2003-05-15,8.320000,8.650000,8.150000,8.570000,0.031288,524418.000000,4422925.000000,342358450.000000,1335095340.000000,0.013127,16.290423,2003-03-31,2003-04-16,62.408040,20.675455,-41.404552,5.682460,3.039388
sz000019,2003-05-14,7.860000,8.450000,7.860000,8.310000,0.059949,611070.000000,5039889.000000,331971840.000000,1294590700.000000,0.015296,15.796192,2003-03-31,2003-04-16,60.514658,20.048188,-40.148389,5.510062,2.947177
sz000019,2003-05-13,8.300000,8.300000,7.720000,7.840000,-0.079812,543960.000000,4278826.000000,313196060.000000,1221370770.000000,0.013617,14.902785,2003-03-31,2003-04-16,57.092046,18.914295,-37.877661,5.198421,2.780489
sz000019,2003-05-12,8.900000,9.010000,8.450000,8.520000,-0.042697,415909.000000,3585177.000000,340361020.000000,1327305990.000000,0.010411,16.195370,2003-03-31,2003-04-16,62.043894,20.554815,-41.162959,5.649304,3.021653
sz000019,2003-04-30,9.190000,9.190000,8.800000,8.900000,-0.021978,446647.000000,4003437.000000,355541450.000000,1386505080.000000,0.011181,16.917705,2003-03-31,2003-04-16,64.811135,21.471588,-42.998882,5.901270,3.156423
sz000019,2003-04-29,9.490000,9.550000,9.090000,9.100000,-0.039071,496700.000000,4562887.000000,363531140.000000,1417662500.000000,0.012434,17.297878,2003-03-31,2003-04-16,66.267563,21.954095,-43.965148,6.033883,3.227354
sz000019,2003-04-28,9.450000,9.490000,9.010000,9.470000,-0.005252,505922.000000,4657688.000000,378312080.000000,1475303720.000000,0.012664,18.001203,2003-03-31,2003-04-16,68.961977,22.846740,-45.752754,6.279218,3.358577
sz000019,2003-04-25,9.820000,9.940000,9.500000,9.520000,-0.031536,439961.000000,4256269.000000,380309500.000000,1483093080.000000,0.011013,18.096244,2003-03-31,2003-04-16,69.326077,22.967365,-45.994316,6.312371,3.376309
sz000019,2003-04-24,10.350000,10.380000,9.700000,9.830000,-0.045631,579250.000000,5784904.000000,392693530.000000,1531387080.000000,0.014500,18.685511,2003-03-31,2003-04-16,71.583536,23.715249,-47.492025,6.517920,3.486252
sz000019,2003-04-23,10.200000,10.490000,10.130000,10.300000,0.016782,677687.000000,6993867.000000,411469310.000000,1604607010.000000,0.016964,19.578916,2003-03-31,2003-04-16,75.006141,24.849140,-49.762749,6.829559,3.652939
sz000019,2003-04-22,10.100000,10.300000,10.010000,10.130000,0.002970,278600.000000,2830706.000000,404678070.000000,1578123200.000000,0.006974,19.255766,2003-03-31,2003-04-16,73.768163,24.439004,-48.941414,6.716837,3.592647
sz000019,2003-04-21,10.250000,10.250000,9.980000,10.100000,-0.018465,601699.000000,6043038.000000,403479620.000000,1573449590.000000,0.015062,19.198746,2003-03-31,2003-04-16,73.549721,24.366635,-48.796488,6.696948,3.582009
sz000019,2003-04-18,10.200000,10.360000,10.180000,10.290000,0.013793,649822.000000,6681984.000000,411069830.000000,1603049140.000000,0.016267,19.559920,2003-03-31,2003-04-16,74.933365,24.825030,-49.714466,6.822933,3.649395
sz000019,2003-04-17,10.250000,10.310000,9.940000,10.150000,-0.008789,1058573.000000,10661771.000000,405477040.000000,1581238940.000000,0.026498,19.293800,2003-03-31,2003-04-16,73.913871,24.487277,-49.038084,6.730105,3.599743
sz000019,2003-04-16,10.700000,10.800000,10.230000,10.240000,-0.051852,1491320.000000,15455103.000000,409072400.000000,1595259780.000000,0.037331,19.464877,2003-03-31,2003-04-16,74.569261,24.704404,-49.472901,6.789780,3.631662
sz000019,2003-04-15,10.720000,10.850000,10.650000,10.800000,0.007463,620486.000000,6667123.000000,431443550.000000,1682500550.000000,0.015532,20.529366,2002-12-31,2003-03-13,181.925401,25.394679,-52.178457,7.165406,3.830269
sz000019,2003-04-14,10.450000,10.800000,10.450000,10.720000,0.025837,814380.000000,8682985.000000,428247670.000000,1670037580.000000,0.020386,20.377290,2002-12-31,2003-03-13,180.577749,25.206562,-51.791934,7.112327,3.801896
sz000019,2003-04-11,10.440000,10.540000,10.280000,10.450000,0.000958,694665.000000,7190594.000000,417461580.000000,1627975070.000000,0.017389,19.864062,2002-12-31,2003-03-13,176.029670,24.571703,-50.487489,6.933194,3.706140
sz000019,2003-04-10,10.500000,10.600000,10.250000,10.440000,-0.005714,663479.000000,6900838.000000,417062100.000000,1626417200.000000,0.016608,19.845051,2002-12-31,2003-03-13,175.861195,24.548186,-50.439168,6.926558,3.702593
sz000019,2003-04-09,10.390000,10.500000,10.210000,10.500000,0.011561,449109.000000,4627093.000000,419459010.000000,1635764420.000000,0.011242,19.959097,2002-12-31,2003-03-13,176.871841,24.689260,-50.729034,6.966364,3.723871
sz000019,2003-04-08,10.400000,10.500000,10.350000,10.380000,-0.005747,328886.000000,3419990.000000,414665190.000000,1617069970.000000,0.008233,19.730987,2002-12-31,2003-03-13,174.850396,24.407090,-50.149258,6.886747,3.681311
sz000019,2003-04-07,10.650000,10.700000,10.420000,10.440000,-0.018797,426061.000000,4479024.000000,417062100.000000,1626417200.000000,0.010665,19.845036,2002-12-31,2003-03-13,175.861069,24.548168,-50.439132,6.926554,3.702590
sz000019,2003-04-04,10.660000,10.700000,10.590000,10.640000,-0.000939,250142.000000,2665275.000000,425051800.000000,1657574620.000000,0.006262,20.225210,2002-12-31,2003-03-13,179.230056,25.018440,-51.405399,7.059246,3.773521
sz000019,2003-04-03,10.710000,10.840000,10.620000,10.650000,-0.013889,273970.000000,2933962.000000,425451280.000000,1659132490.000000,0.006858,20.244219,2002-12-31,2003-03-13,179.398512,25.041954,-51.453714,7.065881,3.777068
sz000019,2003-04-02,10.990000,11.000000,10.770000,10.800000,-0.019074,644962.000000,6986911.000000,431443550.000000,1682500550.000000,0.016145,20.529351,2002-12-31,2003-03-13,181.925272,25.394661,-52.178420,7.165401,3.830266
sz000019,2003-04-01,10.840000,11.350000,10.680000,11.010000,0.020389,1570389.000000,17443653.000000,439832730.000000,1715215840.000000,0.039310,20.928542,2002-12-31,2003-03-13,185.462789,25.888457,-53.193024,7.304732,3.904746
sz000019,2003-03-31,10.780000,10.880000,10.690000,10.790000,-0.004613,364641.000000,3920932.000000,431044070.000000,1680942680.000000,0.009128,20.510356,2002-12-31,2003-03-13,181.756947,25.371165,-52.130142,7.158772,3.826722
sz000019,2003-03-28,10.750000,10.880000,10.680000,10.840000,0.008372,559909.000000,6048630.000000,433041490.000000,1688732030.000000,0.014016,20.605409,2002-12-31,2003-03-13,182.599277,25.488744,-52.371733,7.191948,3.844457
sz000019,2003-03-27,10.540000,10.800000,10.420000,10.750000,0.019924,619550.000000,6614437.000000,429446130.000000,1674711200.000000,0.015509,20.434333,2002-12-31,2003-03-13,181.083248,25.277124,-51.936917,7.132237,3.812538
sz000019,2003-03-26,10.450000,10.620000,10.380000,10.540000,0.010547,432610.000000,4551938.000000,421056950.000000,1641995910.000000,0.010829,20.035153,2002-12-31,2003-03-13,177.545825,24.783341,-50.922341,6.992910,3.738061
sz000019,2003-03-25,10.520000,10.520000,10.320000,10.430000,-0.013245,252514.000000,2629807.000000,416662620.000000,1624859330.000000,0.006321,19.826047,2002-12-31,2003-03-13,175.692793,24.524679,-50.390868,6.919926,3.699047
sz000019,2003-03-24,10.530000,10.570000,10.450000,10.570000,0.003799,147443.000000,1546688.000000,422255400.000000,1646669520.000000,0.003691,20.092168,2002-12-31,2003-03-13,178.051080,24.853869,-51.067254,7.012810,3.748699
sz000019,2003-03-21,10.400000,10.550000,10.300000,10.530000,0.025316,298604.000000,3122723.000000,420657460.000000,1640438040.000000,0.007475,20.016127,2002-12-31,2003-03-13,177.377224,24.759806,-50.873984,6.986270,3.734512
sz000019,2003-03-20,10.370000,10.410000,10.230000,10.270000,-0.010597,180590.000000,1861330.000000,410270860.000000,1599933390.000000,0.004521,19.521910,2002-12-31,2003-03-13,172.997616,24.148464,-49.617858,6.813772,3.642303
sz000019,2003-03-19,10.300000,10.440000,10.200000,10.380000,0.009728,184639.000000,1910349.000000,414665190.000000,1617069970.000000,0.004622,19.731000,2002-12-31,2003-03-13,174.850507,24.407106,-50.149290,6.886751,3.681314
sz000019,2003-03-18,10.300000,10.540000,10.270000,10.280000,-0.001942,177350.000000,1842547.000000,410670340.000000,1601491260.000000,0.004439,19.540906,2002-12-31,2003-03-13,173.165949,24.171961,-49.666138,6.820402,3.645847
sz000019,2003-03-17,10.410000,10.410000,10.200000,10.300000,-0.014354,251633.000000,2583085.000000,411469310.000000,1604607010.000000,0.006299,19.578928,2002-12-31,2003-03-13,173.502891,24.218994,-49.762777,6.833673,3.652941
sz000019,2003-03-14,10.500000,10.580000,10.350000,10.450000,-0.005709,285335.000000,2986662.000000,417461580.000000,1627975070.000000,0.007143,19.864057,2002-12-31,2003-03-13,176.029620,24.571696,-50.487474,6.933192,3.706139
sz000019,2003-03-13,10.600000,10.700000,10.500000,10.510000,-0.009425,160500.000000,1699498.000000,419858490.000000,1637322290.000000,0.004018,19.978112,2002-12-31,2003-03-13,177.040344,24.712782,-50.777362,6.973001,3.727419
sz000019,2003-03-12,10.590000,10.780000,10.500000,10.610000,-0.007484,317513.000000,3355517.000000,423853340.000000,1652901000.000000,0.007948,20.168197,2002-09-30,2002-10-23,204.819080,30.080881,168.485509,5.746173,3.762884
sz000019,2003-03-11,10.500000,10.780000,10.500000,10.690000,0.000000,199700.000000,2128336.000000,427049220.000000,1665363970.000000,0.004999,20.320274,2002-09-30,2002-10-23,206.363505,30.307704,169.755963,5.789501,3.791258
sz000019,2003-03-10,10.990000,11.000000,10.680000,10.690000,-0.027298,337824.000000,3645800.000000,427049220.000000,1665363970.000000,0.008456,20.320274,2002-09-30,2002-10-23,206.363505,30.307704,169.755963,5.789501,3.791258
sz000019,2003-03-07,11.200000,11.200000,10.990000,10.990000,0.000911,275414.000000,3043871.000000,439033760.000000,1712100100.000000,0.006894,20.890544,2002-09-30,2002-10-23,212.154909,31.158262,174.520010,5.951979,3.897656
sz000019,2003-03-06,11.230000,11.310000,10.980000,10.980000,-0.024000,567961.000000,6291487.000000,438634280.000000,1710542230.000000,0.014217,20.871530,2002-09-30,2002-10-23,211.961812,31.129902,174.361167,5.946561,3.894108
sz000019,2003-03-05,11.280000,11.350000,11.170000,11.250000,-0.002660,268550.000000,3019137.000000,449420370.000000,1752604740.000000,0.006722,21.384764,2002-09-30,2002-10-23,217.173988,31.895392,178.648737,6.092788,3.989865
sz000019,2003-03-04,11.340000,11.380000,11.250000,11.280000,-0.004413,317590.000000,3592115.000000,450618820.000000,1757278350.000000,0.007950,21.441799,2002-09-30,2002-10-23,217.753211,31.980460,179.125210,6.109038,4.000507
sz000019,2003-03-03,11.250000,11.330000,11.180000,11.330000,0.005324,294867.000000,3313191.000000,452616240.000000,1765067710.000000,0.007381,21.536841,2002-09-30,2002-10-23,218.718416,32.122215,179.919193,6.136117,4.018239
sz000019,2003-02-28,11.290000,11.300000,11.150000,11.270000,-0.004417,284822.000000,3196515.000000,450219340.000000,1755720480.000000,0.007130,21.422787,2002-09-30,2002-10-23,217.560126,31.952102,178.966376,6.103621,3.996959
sz000019,2003-02-27,11.450000,11.490000,11.260000,11.320000,-0.007018,380347.000000,4318209.000000,452216760.000000,1763509840.000000,0.009521,21.517831,2002-09-30,2002-10-23,218.525352,32.093861,179.760378,6.130700,4.014692
sz000019,2003-02-26,11.460000,11.490000,11.280000,11.400000,-0.006969,456726.000000,5191408.000000,455412640.000000,1775972800.000000,0.011433,21.669910,2002-09-30,2002-10-23,220.069802,32.320687,181.030853,6.174030,4.043066
sz000019,2003-02-25,11.080000,11.690000,11.080000,11.480000,0.038914,1886985.000000,21624257.000000,458608520.000000,1788435770.000000,0.047235,21.821988,2002-09-30,2002-10-23,221.614231,32.547511,182.301310,6.217359,4.071440
sz000019,2003-02-24,10.960000,11.280000,10.960000,11.050000,0.007293,316359.000000,3521965.000000,441430670.000000,1721447320.000000,0.007919,21.004614,2002-09-30,2002-10-23,213.313356,31.328398,175.472956,5.984479,3.918939
sz000019,2003-02-21,11.050000,11.300000,10.960000,10.970000,-0.017905,513836.000000,5677739.000000,438234790.000000,1708984360.000000,0.012862,20.852537,2002-09-30,2002-10-23,211.768925,31.101574,174.202497,5.941150,3.890565
sz000019,2003-02-20,11.200000,11.350000,11.120000,11.170000,-0.000894,277098.000000,3105596.000000,446224490.000000,1740141770.000000,0.006936,21.232708,2002-09-30,2002-10-23,215.629776,31.668600,177.378458,6.049465,3.961495
sz000019,2003-02-19,11.020000,11.180000,10.980000,11.180000,0.014519,178667.000000,1979132.000000,446623970.000000,1741699640.000000,0.004472,21.251707,2002-09-30,2002-10-23,215.822721,31.696937,177.537177,6.054879,3.965040
sz000019,2003-02-18,11.100000,11.140000,10.960000,11.020000,-0.007207,288258.000000,3174523.000000,440232220.000000,1716773710.000000,0.007216,20.947569,2002-09-30,2002-10-23,212.734036,31.243316,174.996404,5.968226,3.908296
sz000019,2003-02-17,11.280000,11.340000,11.030000,11.100000,-0.015957,403767.000000,4512720.000000,443428090.000000,1729236680.000000,0.010107,21.099635,2002-09-30,2002-10-23,214.278340,31.470121,176.266758,6.011551,3.936667
sz000019,2003-02-14,11.230000,11.430000,11.230000,11.280000,0.004452,435142.000000,4926695.000000,450618820.000000,1757278350.000000,0.010893,21.441781,2002-09-30,2002-10-23,217.753025,31.980432,179.125057,6.109033,4.000503
sz000019,2003-02-13,11.280000,11.450000,11.210000,11.230000,-0.008826,475176.000000,5386977.000000,448621400.000000,1749489000.000000,0.011895,21.346745,2002-09-30,2002-10-23,216.787885,31.838687,178.331127,6.081956,3.982772
sz000019,2003-02-12,11.150000,11.350000,11.090000,11.330000,0.011607,475873.000000,5350101.000000,452616240.000000,1765067710.000000,0.011912,21.536829,2002-09-30,2002-10-23,218.718293,32.122197,179.919093,6.136113,4.018237
sz000019,2003-02-11,11.100000,11.230000,11.040000,11.200000,0.008101,284667.000000,3177935.000000,447422940.000000,1744815390.000000,0.007126,21.289720,2002-09-30,2002-10-23,216.208758,31.753633,177.854733,6.065709,3.972132
sz000019,2003-02-10,11.110000,11.270000,11.050000,11.110000,0.003613,391370.000000,4367954.000000,443827580.000000,1730794550.000000,0.009797,21.118638,2002-09-30,2002-10-23,214.471326,31.498464,176.425510,6.016965,3.940213
sz000019,2003-01-29,11.100000,11.200000,11.000000,11.070000,-0.004496,597226.000000,6629655.000000,442229640.000000,1724563060.000000,0.014950,21.042611,2002-09-30,2002-10-23,213.699230,31.385069,175.790379,5.995304,3.926028
sz000019,2003-01-28,11.160000,11.200000,10.920000,11.120000,-0.002691,349497.000000,3871519.000000,444227060.000000,1732352420.000000,0.008749,21.137645,2002-09-30,2002-10-23,214.664361,31.526814,176.584302,6.022381,3.943759
sz000019,2003-01-27,11.000000,11.190000,11.000000,11.150000,0.016408,458749.000000,5098800.000000,445425520.000000,1737026030.000000,0.011484,21.194680,2002-09-30,2002-10-23,215.243582,31.611882,177.060772,6.038631,3.954400
sz000019,2003-01-24,10.850000,11.050000,10.730000,10.970000,0.016682,577583.000000,6289538.000000,438234790.000000,1708984360.000000,0.014458,20.852532,2002-09-30,2002-10-23,211.768878,31.101567,174.202459,5.941148,3.890564
sz000019,2003-01-23,11.000000,11.170000,10.720000,10.790000,-0.027051,675723.000000,7381095.000000,431044070.000000,1680942680.000000,0.016915,20.510378,2002-09-30,2002-10-23,208.294116,30.591244,171.344096,5.843664,3.826726
sz000019,2003-01-22,11.010000,11.200000,10.890000,11.090000,-0.001800,704492.000000,7790567.000000,443028610.000000,1727678810.000000,0.017635,21.080630,2002-09-30,2002-10-23,214.085338,31.441775,176.107994,6.006136,3.933121
sz000019,2003-01-21,11.700000,11.700000,11.100000,11.110000,-0.042241,1173015.000000,13265376.000000,443827580.000000,1730794550.000000,0.029363,21.118644,2002-09-30,2002-10-23,214.471387,31.498473,176.425560,6.016967,3.940214
sz000019,2003-01-20,11.200000,11.760000,11.120000,11.600000,0.025641,1401493.000000,16049533.000000,463402330.000000,1807130220.000000,0.035083,22.050060,2002-09-30,2002-10-23,223.930432,32.887681,184.206632,6.282339,4.113993
sz000019,2003-01-17,11.550000,11.600000,11.210000,11.310000,-0.007895,1453207.000000,16476537.000000,451817270.000000,1761951970.000000,0.036377,21.498809,2002-09-30,2002-10-23,218.332177,32.065490,179.601471,6.125281,4.011143
sz000019,2003-01-16,10.900000,11.680000,10.900000,11.400000,0.054579,2904178.000000,33028146.000000,455412640.000000,1775972800.000000,0.072698,21.669893,2002-09-30,2002-10-23,220.069626,32.320662,181.030708,6.174025,4.043063
sz000019,2003-01-15,10.730000,11.250000,10.730000,10.810000,0.007456,2104867.000000,23019675.000000,431843040.000000,1684058420.000000,0.052690,20.548383,2002-09-30,2002-10-23,208.680076,30.647928,171.661590,5.854493,3.833817
sz000019,2003-01-14,10.300000,10.950000,10.300000,10.730000,0.040737,1881604.000000,20071168.000000,428647160.000000,1671595450.000000,0.047101,20.396308,2002-09-30,2002-10-23,207.135673,30.421109,170.391154,5.811165,3.805444
sz000019,2003-01-13,10.310000,10.380000,10.190000,10.310000,0.005854,463889.000000,4762294.000000,411868800.000000,1606164880.000000,0.011612,19.597946,2002-09-30,2002-10-23,199.027874,29.230352,163.721626,5.583701,3.656489
sz000019,2003-01-10,10.540000,10.580000,10.250000,10.250000,-0.027514,1058988.000000,11053209.000000,409471890.000000,1596817650.000000,0.026509,19.483888,2002-09-30,2002-10-23,197.869546,29.060233,162.768777,5.551205,3.635209
sz000019,2003-01-09,10.360000,10.580000,10.210000,10.540000,0.017375,2107906.000000,22033689.000000,421056950.000000,1641995910.000000,0.052766,20.035134,2002-09-30,2002-10-23,203.467758,29.882418,167.373903,5.708262,3.738058
sz000019,2003-01-08,10.080000,10.390000,10.000000,10.360000,0.025743,897880.000000,9145626.000000,413866220.000000,1613954230.000000,0.022476,19.692969,2002-09-30,2002-10-23,199.992882,29.372078,164.515447,5.610774,3.674218
sz000019,2003-01-07,10.000000,10.480000,10.000000,10.100000,0.010000,1541103.000000,15719960.000000,403479620.000000,1573449590.000000,0.038577,19.198736,2002-09-30,2002-10-23,194.973674,28.634929,160.386615,5.469961,3.582007
sz000019,2003-01-06,9.640000,10.050000,9.500000,10.000000,0.038422,780910.000000,7680172.000000,399484770.000000,1557870880.000000,0.019548,19.008649,2002-09-30,2002-10-23,193.043242,28.351415,158.798628,5.415803,3.546541
sz000019,2003-01-03,9.460000,9.860000,9.400000,9.630000,0.017970,541090.000000,5216286.000000,384703830.000000,1500229660.000000,0.013545,18.305322,2002-09-30,2002-10-23,185.900570,27.302402,152.923020,5.215416,3.415318
sz000019,2003-01-02,9.590000,9.780000,9.400000,9.460000,-0.013556,342743.000000,3261481.000000,377912590.000000,1473745850.000000,0.008580,17.982183,2002-09-30,2002-10-23,182.618908,26.820439,150.223504,5.123350,3.355028
sz000019,2002-12-31,9.580000,9.890000,9.580000,9.590000,-0.010320,329405.000000,3186980.900000,383105890.000000,1493998170.000000,0.008246,18.229299,2002-09-30,2002-10-23,185.128511,27.189013,152.287919,5.193756,3.401134
sz000019,2002-12-30,9.820000,9.910000,9.540000,9.690000,-0.018237,510609.000000,4948933.400000,387100740.000000,1509576880.000000,0.012782,18.419387,2002-09-30,2002-10-23,187.058959,27.472530,153.875918,5.247915,3.436600
sz000019,2002-12-27,9.750000,9.990000,9.640000,9.870000,0.007143,631242.000000,6204526.800000,394291470.000000,1537618560.000000,0.015801,18.761541,2002-09-30,2002-10-23,190.533722,27.982853,156.734281,5.345399,3.500437
sz000019,2002-12-26,10.200000,10.350000,9.780000,9.800000,-0.054966,1199560.000000,11982591.050000,391495070.000000,1526713460.000000,0.030028,18.628478,2002-09-30,2002-10-23,189.182393,27.784389,155.622668,5.307488,3.475611
sz000019,2002-12-25,10.470000,10.720000,10.350000,10.370000,-0.009551,521222.000000,5489660.420000,414265710.000000,1615512100.000000,0.013047,19.711966,2002-09-30,2002-10-23,200.185806,29.400412,164.674148,5.616187,3.677763
sz000019,2002-12-24,10.350000,10.510000,10.310000,10.470000,0.003835,340190.000000,3533851.850000,418260550.000000,1631090810.000000,0.008516,19.902050,2002-09-30,2002-10-23,202.116218,29.683923,166.262117,5.670344,3.713228
sz000019,2002-12-23,10.500000,10.590000,10.400000,10.430000,0.001921,646035.000000,6768862.270000,416662620.000000,1624859330.000000,0.016172,19.826018,2002-09-30,2002-10-23,201.344063,29.570520,165.626938,5.648682,3.699042
sz000019,2002-12-20,10.280000,10.530000,10.250000,10.410000,0.011662,687817.000000,7149520.500000,415863650.000000,1621743590.000000,0.017218,19.788005,2002-09-30,2002-10-23,200.958023,29.513824,165.309379,5.637851,3.691950
sz000019,2002-12-19,10.220000,10.350000,10.100000,10.290000,0.000973,704761.000000,7191160.990000,411069830.000000,1603049140.000000,0.017642,19.559897,2002-09-30,2002-10-23,198.641466,29.173602,163.403764,5.572861,3.649390
sz000019,2002-12-18,10.250000,10.950000,10.200000,10.280000,0.008832,2165009.000000,22798242.280000,410670340.000000,1601491260.000000,0.054195,19.540884,2002-09-30,2002-10-23,198.448376,29.145243,163.244927,5.567444,3.645843
sz000019,2002-12-17,9.960000,10.280000,9.910000,10.190000,0.024121,1068717.000000,10801708.600000,407074980.000000,1587470430.000000,0.026752,19.369810,2002-09-30,2002-10-23,196.711024,28.890086,161.815770,5.518702,3.613925
sz000019,2002-12-16,9.900000,10.080000,9.780000,9.950000,0.005051,672120.000000,6686535.100000,397487350.000000,1550081530.000000,0.016825,18.913595,2002-09-30,2002-10-23,192.077913,28.209641,158.004542,5.388721,3.528807
sz000019,2002-12-13,9.580000,9.970000,9.400000,9.900000,0.023785,902634.000000,8798865.580000,395489920.000000,1542292170.000000,0.022595,18.818543,2002-09-30,2002-10-23,191.112603,28.067870,157.210472,5.361639,3.511072
sz000019,2002-12-12,9.440000,9.990000,9.380000,9.670000,0.024364,967484.000000,9451500.940000,386301770.000000,1506461140.000000,0.024218,18.381342,2002-09-30,2002-10-23,186.672595,27.415786,153.558093,5.237076,3.429501
sz000019,2002-12-11,9.600000,9.630000,9.250000,9.440000,-0.022774,569538.000000,5383949.800000,377113620.000000,1470630110.000000,0.014257,17.944151,2002-09-30,2002-10-23,182.232678,26.763715,149.905788,5.112514,3.347932
sz000019,2002-12-10,9.960000,10.000000,9.620000,9.660000,-0.036889,817350.000000,8014505.900000,385902290.000000,1504903270.000000,0.020460,18.362335,2002-09-30,2002-10-23,186.479564,27.387436,153.399304,5.231660,3.425955
sz000019,2002-12-09,10.000000,10.130000,9.980000,10.030000,-0.007913,287560.000000,2885671.000000,400683220.000000,1562544490.000000,0.007198,19.065648,2002-09-30,2002-10-23,193.622089,28.436428,159.274792,5.432043,3.557176
sz000019,2002-12-06,10.110000,10.400000,9.930000,10.110000,0.000990,434723.000000,4432649.800000,403879100.000000,1575007460.000000,0.010882,19.217717,2002-09-30,2002-10-23,195.166441,28.663240,160.545186,5.475369,3.585548
sz000019,2002-12-05,10.120000,10.160000,9.900000,10.100000,-0.006883,536741.000000,5380074.950000,403479620.000000,1573449590.000000,0.013436,19.198711,2002-09-30,2002-10-23,194.973417,28.634891,160.386403,5.469954,3.582002
sz000019,2002-12-04,10.360000,10.520000,10.120000,10.170000,-0.012621,679720.000000,7022065.440000,406276010.000000,1584354680.000000,0.017015,19.331771,2002-09-30,2002-10-23,196.324720,28.833351,161.497994,5.507865,3.606828
sz000019,2002-12-03,10.000000,10.350000,9.960000,10.300000,0.021825,762862.000000,7788289.840000,411469310.000000,1604607010.000000,0.019096,19.578876,2002-09-30,2002-10-23,198.834207,29.201909,163.562314,5.578268,3.652931
sz000019,2002-12-02,10.560000,10.560000,10.060000,10.080000,-0.045455,1642693.000000,16802135.060000,402680650.000000,1570333850.000000,0.041120,19.160694,2002-09-30,2002-10-23,194.587338,28.578190,160.068812,5.459123,3.574909
sz000019,2002-11-29,9.650000,10.560000,9.530000,10.560000,0.100000,2776149.000000,28811370.760000,421855920.000000,1645111650.000000,0.069493,20.073118,2002-09-30,2002-10-23,203.853499,29.939070,167.691216,5.719084,3.745145
sz000019,2002-11-28,9.150000,9.710000,9.000000,9.600000,0.041215,541868.000000,5119041.590000,383505380.000000,1495556040.000000,0.013564,18.248289,2002-09-30,2002-10-23,185.321363,27.217336,152.446560,5.199167,3.404677
sz000019,2002-11-27,9.010000,9.360000,8.890000,9.220000,0.005453,369632.000000,3355604.700000,368324960.000000,1436356950.000000,0.009253,17.525957,2002-09-30,2002-10-23,177.985683,26.139977,146.412182,4.993365,3.269908
sz000019,2002-11-26,9.590000,9.770000,9.110000,9.170000,-0.044792,341200.000000,3210835.670000,366327530.000000,1428567600.000000,0.008541,17.430906,2002-09-30,2002-10-23,177.020391,25.998209,145.618127,4.966284,3.252174
sz000019,2002-11-25,9.500000,9.700000,9.380000,9.600000,0.005236,184946.000000,1774854.160000,383505380.000000,1495556040.000000,0.004630,18.248283,2002-09-30,2002-10-23,185.321303,27.217328,152.446511,5.199165,3.404676
sz000019,2002-11-22,9.810000,10.050000,9.280000,9.550000,-0.022518,404685.000000,3916902.370000,381507960.000000,1487766690.000000,0.010130,18.153233,2002-09-30,2002-10-23,184.356014,27.075560,151.652458,5.172084,3.386942
sz000019,2002-11-21,10.400000,10.400000,9.700000,9.770000,-0.072175,447370.000000,4475130.800000,390296620.000000,1522039850.000000,0.011199,18.571424,2002-09-30,2002-10-23,188.602976,27.699293,155.146037,5.291232,3.464966
sz000019,2002-11-20,10.850000,10.850000,10.520000,10.530000,-0.028598,171400.000000,1820075.000000,420657460.000000,1640438040.000000,0.004291,20.016085,2002-09-30,2002-10-23,203.274299,29.854005,167.214762,5.702834,3.734504
sz000019,2002-11-19,10.650000,10.980000,10.550000,10.840000,0.017840,195498.000000,2108326.430000,433041490.000000,1688732030.000000,0.004894,20.605357,2002-09-30,2002-10-23,209.258678,30.732905,172.137552,5.870725,3.844447
sz000019,2002-11-18,10.800000,10.810000,10.560000,10.650000,-0.021140,139020.000000,1480977.000000,425451280.000000,1659132490.000000,0.003480,20.244200,2002-09-30,2002-10-23,205.590936,30.194240,169.120443,5.767827,3.777064
sz000019,2002-11-15,10.700000,11.200000,10.600000,10.880000,0.002765,370909.000000,4044058.150000,434639430.000000,1694963520.000000,0.009285,20.681405,2002-09-30,2002-10-23,210.030991,30.846331,172.772862,5.892392,3.858636
sz000019,2002-11-14,11.270000,11.270000,10.810000,10.850000,-0.038973,254596.000000,2811716.400000,433440980.000000,1690289900.000000,0.006373,20.624379,2002-09-30,2002-10-23,209.451857,30.761276,172.296462,5.876145,3.847996
sz000019,2002-11-13,11.100000,11.350000,10.920000,11.290000,0.001775,372139.000000,4146601.620000,451018310.000000,1758836220.000000,0.009315,21.460769,2002-09-30,2002-10-23,217.945861,32.008753,179.283685,6.114443,4.004046
sz000019,2002-11-12,11.970000,12.050000,11.060000,11.270000,-0.059265,788571.000000,9053830.050000,450219340.000000,1755720480.000000,0.019740,21.422744,2002-09-30,2002-10-23,217.559693,31.952039,178.966020,6.103609,3.996951
sz000019,2002-11-11,12.400000,12.400000,11.850000,11.980000,-0.022838,286900.000000,3485438.940000,478582750.000000,1866329310.000000,0.007182,22.772347,2002-09-30,2002-10-23,231.265651,33.964973,190.240631,6.488128,4.248754
sz000019,2002-11-08,12.850000,12.900000,12.250000,12.260000,-0.031596,331810.000000,4128020.750000,489768330.000000,1909949700.000000,0.008306,23.304577,2002-09-30,2002-10-23,236.670738,34.758794,194.686890,6.639767,4.348055
sz000019,2002-11-07,12.720000,12.800000,12.570000,12.660000,-0.004717,163556.000000,2068455.720000,505747720.000000,1972264530.000000,0.004094,24.064933,2002-09-30,2002-10-23,244.392565,35.892865,201.038916,6.856402,4.489918
sz000019,2002-11-06,12.660000,12.900000,12.520000,12.720000,0.005534,328929.000000,4191154.160000,508144630.000000,1981611760.000000,0.008234,24.178985,2002-09-30,2002-10-23,245.550828,36.062974,201.991711,6.888897,4.511197
sz000019,2002-11-05,12.480000,12.850000,12.420000,12.650000,0.012000,451800.000000,5710806.280000,505348230.000000,1970706660.000000,0.011310,24.045915,2002-09-30,2002-10-23,244.199429,35.864500,200.880041,6.850983,4.486370
sz000019,2002-11-04,12.550000,12.600000,12.370000,12.500000,0.020408,177656.000000,2215905.660000,499355960.000000,1947338600.000000,0.004447,23.760785,2002-09-30,2002-10-23,241.303783,35.439229,198.498064,6.769746,4.433172
sz000019,2002-11-01,12.250000,12.400000,12.180000,12.250000,-0.006488,156020.000000,1910432.200000,489368840.000000,1908391830.000000,0.003906,23.285573,2002-09-30,2002-10-23,236.477746,34.730450,194.528134,6.634353,4.344509
sz000019,2002-10-31,12.420000,12.550000,12.300000,12.330000,-0.005645,123363.000000,1529143.770000,492564720.000000,1920854800.000000,0.003088,23.437637,2002-09-30,2002-10-23,238.022032,34.957253,195.798474,6.677677,4.372880
sz000019,2002-10-30,12.350000,12.490000,12.230000,12.400000,-0.004815,142310.000000,1753504.400000,495361110.000000,1931759890.000000,0.003562,23.570693,2002-09-30,2002-10-23,239.373295,35.155707,196.910031,6.715587,4.397705
sz000019,2002-10-29,12.310000,12.490000,12.120000,12.460000,0.006462,247469.000000,3045475.860000,497758020.000000,1941107120.000000,0.006195,23.684735,2002-09-30,2002-10-23,240.531454,35.325800,197.862741,6.748079,4.418983
sz000019,2002-10-28,12.460000,12.640000,12.300000,12.380000,-0.018239,301026.000000,3736645.950000,494562150.000000,1928644150.000000,0.007535,23.532667,2002-09-30,2002-10-23,238.987119,35.098991,196.592361,6.704753,4.390610
sz000019,2002-10-25,12.980000,13.130000,12.490000,12.610000,-0.025502,492659.000000,6330745.050000,503750290.000000,1964475180.000000,0.012332,23.969853,2002-09-30,2002-10-23,243.426984,35.751054,200.244622,6.829313,4.472179
sz000019,2002-10-24,12.750000,13.000000,12.670000,12.940000,0.014902,558067.000000,7182480.590000,516933290.000000,2015884920.000000,0.013970,24.597129,2002-09-30,2002-10-23,249.797315,36.686637,205.484898,7.008031,4.589213
sz000019,2002-10-23,12.700000,12.790000,12.550000,12.750000,0.002358,221569.000000,2811225.350000,509343080.000000,1986285370.000000,0.005546,24.235965,2002-09-30,2002-10-23,246.129493,36.147960,202.467724,6.905131,4.521828
sz000019,2002-10-22,12.500000,12.800000,12.500000,12.720000,0.008723,291298.000000,3705422.960000,508144630.000000,1981611760.000000,0.007292,24.178951,2002-06-30,2002-07-31,245.550202,36.062882,201.991195,6.902363,4.511191
sz000019,2002-10-21,12.450000,12.620000,12.450000,12.610000,0.006385,150320.000000,1883992.900000,503750290.000000,1964475180.000000,0.003763,23.969862,2002-06-30,2002-07-31,243.426790,35.751026,200.244463,6.842674,4.472180
sz000019,2002-10-18,12.400000,12.720000,12.400000,12.530000,0.004812,159545.000000,2000660.210000,500554420.000000,1952012210.000000,0.003994,23.817785,2002-06-30,2002-07-31,241.882371,35.524204,198.974014,6.799261,4.443806
sz000019,2002-10-17,12.680000,12.680000,12.410000,12.470000,-0.014229,202560.000000,2529947.230000,498157510.000000,1942664990.000000,0.005071,23.703723,2002-06-30,2002-07-31,240.724007,35.354080,198.021136,6.766699,4.422525
sz000019,2002-10-16,12.430000,13.000000,12.430000,12.650000,0.017699,341021.000000,4346814.390000,505348230.000000,1970706660.000000,0.008537,24.045872,2002-06-30,2002-07-31,244.198710,35.864394,200.879450,6.864373,4.486362
sz000019,2002-10-15,12.540000,12.650000,12.400000,12.430000,-0.015055,169541.000000,2120348.020000,496559570.000000,1936433500.000000,0.004244,23.627685,2002-06-30,2002-07-31,239.951803,35.240670,197.385916,6.744993,4.408339
sz000019,2002-10-14,12.450000,12.760000,12.210000,12.620000,0.019386,363942.000000,4543634.550000,504149780.000000,1966033050.000000,0.009110,23.988837,2002-06-30,2002-07-31,243.619495,35.779328,200.402983,6.848091,4.475720
sz000019,2002-10-11,12.380000,12.580000,12.360000,12.380000,0.000000,239873.000000,2990646.320000,494562150.000000,1928644150.000000,0.006005,23.532634,2002-06-30,2002-07-31,238.986502,35.098900,196.591854,6.717859,4.390604
sz000019,2002-10-10,12.500000,12.740000,12.320000,12.380000,-0.020570,341800.000000,4283591.390000,494562150.000000,1928644150.000000,0.008556,23.532634,2002-06-30,2002-07-31,238.986502,35.098900,196.591854,6.717859,4.390604
sz000019,2002-10-09,13.300000,13.300000,12.010000,12.640000,-0.047476,763047.000000,9671560.030000,504948750.000000,1969148790.000000,0.019101,24.026866,2002-06-30,2002-07-31,244.005700,35.836048,200.720678,6.858947,4.482816
sz000019,2002-10-08,13.150000,13.360000,12.930000,13.270000,0.006829,264574.000000,3498201.820000,530116290.000000,2067294660.000000,0.006623,25.224421,2002-06-30,2002-07-31,256.167508,37.622199,210.725061,7.200813,4.706250
sz000019,2002-09-27,13.400000,13.460000,12.900000,13.180000,-0.004532,646944.000000,8495929.770000,526520930.000000,2053273820.000000,0.016194,25.053332,2002-06-30,2002-07-31,254.430006,37.367020,209.295780,7.151972,4.674329
sz000019,2002-09-26,13.450000,13.650000,13.190000,13.240000,-0.012677,1068941.000000,14283168.370000,528917840.000000,2062621050.000000,0.026758,25.167390,2002-06-30,2002-07-31,255.588332,37.537138,210.248627,7.184532,4.695609
sz000019,2002-09-25,13.060000,14.200000,13.040000,13.410000,0.026799,2524747.000000,34595582.400000,535709080.000000,2089104850.000000,0.063200,25.490534,2002-06-30,2002-07-31,258.870027,38.019106,212.948171,7.276780,4.755900
sz000019,2002-09-24,13.080000,13.210000,13.010000,13.060000,-0.006088,146364.000000,1915878.500000,521727110.000000,2034579370.000000,0.003664,24.825242,2002-06-30,2002-07-31,252.113634,37.026825,207.390318,7.086859,4.631773
sz000019,2002-09-23,13.020000,13.310000,13.000000,13.140000,0.009217,257572.000000,3392795.950000,524922990.000000,2047042340.000000,0.006448,24.977304,2002-06-30,2002-07-31,253.657903,37.253625,208.660644,7.130268,4.660144
sz000019,2002-09-20,13.440000,13.500000,13.000000,13.020000,-0.031970,684953.000000,9083094.690000,520129170.000000,2028347890.000000,0.017146,24.749191,2002-06-30,2002-07-31,251.341291,36.913394,206.754983,7.065149,4.617584
sz000019,2002-09-19,12.660000,13.760000,12.560000,13.450000,0.063241,1301887.000000,17432469.010000,537307020.000000,2095336330.000000,0.032589,25.566553,2002-06-30,2002-07-31,259.642047,38.132490,213.583239,7.298481,4.770083
sz000019,2002-09-18,12.780000,12.780000,12.650000,12.650000,-0.010946,97230.000000,1233304.500000,505348230.000000,1970706660.000000,0.002434,24.045869,2002-06-30,2002-07-31,244.198678,35.864390,200.879424,6.864372,4.486361
sz000019,2002-09-17,12.700000,12.880000,12.530000,12.790000,0.005503,190214.000000,2420932.820000,510941020.000000,1992516860.000000,0.004761,24.311988,2002-06-30,2002-07-31,246.901260,36.261306,203.102584,6.940341,4.536012
sz000019,2002-09-16,12.920000,12.920000,12.710000,12.720000,-0.015480,227670.000000,2910409.000000,508144630.000000,1981611760.000000,0.005699,24.178931,2002-06-30,2002-07-31,245.549998,36.062852,201.991028,6.902357,4.511187
sz000019,2002-09-13,13.000000,13.040000,12.900000,12.920000,-0.014493,114282.000000,1478754.560000,516134320.000000,2012769180.000000,0.002861,24.559106,2002-06-30,2002-07-31,249.410878,36.629883,205.167013,7.010886,4.582118
sz000019,2002-09-12,13.020000,13.180000,12.880000,13.110000,0.003828,125769.000000,1645861.700000,523724530.000000,2042368720.000000,0.003148,24.920276,2002-06-30,2002-07-31,253.078749,37.168567,208.184227,7.113989,4.649504
sz000019,2002-09-11,13.070000,13.090000,12.800000,13.060000,0.007716,196590.000000,2530968.000000,521727110.000000,2034579370.000000,0.004921,24.825245,2002-06-30,2002-07-31,252.113658,37.026828,207.390337,7.086860,4.631773
sz000019,2002-09-10,13.000000,13.100000,12.890000,12.960000,-0.000771,144120.000000,1869743.180000,517732260.000000,2019000660.000000,0.003608,24.635160,2002-06-30,2002-07-31,250.183244,36.743317,205.802366,7.032597,4.596308
sz000019,2002-09-09,13.150000,13.150000,12.880000,12.970000,-0.012938,313680.000000,4070292.800000,518131750.000000,2020558530.000000,0.007852,24.654168,2002-06-30,2002-07-31,250.376284,36.771668,205.961162,7.038023,4.599855
sz000019,2002-09-06,13.100000,13.250000,13.100000,13.140000,-0.002278,301209.000000,3960949.880000,524922990.000000,2047042340.000000,0.007540,24.977325,2002-06-30,2002-07-31,253.658112,37.253655,208.660816,7.130274,4.660148
sz000019,2002-09-05,13.450000,13.480000,13.130000,13.170000,-0.020818,523835.000000,6950170.000000,526121440.000000,2051715950.000000,0.013113,25.034353,2002-06-30,2002-07-31,254.237265,37.338713,209.137230,7.146554,4.670788
sz000019,2002-09-04,13.600000,13.650000,13.410000,13.450000,-0.008843,199238.000000,2686398.920000,537307020.000000,2095336330.000000,0.004987,25.566598,2002-06-30,2002-07-31,259.642503,38.132556,213.583614,7.298494,4.770091
sz000019,2002-09-03,13.530000,13.810000,13.450000,13.570000,0.011177,282430.000000,3856676.640000,542100830.000000,2114030780.000000,0.007070,25.794701,2002-06-30,2002-07-31,261.959006,38.472771,215.489185,7.363611,4.812650
sz000019,2002-09-02,13.500000,13.560000,13.360000,13.420000,-0.005189,220081.000000,2956639.980000,536108560.000000,2090662720.000000,0.005509,25.509580,2002-06-30,2002-07-31,259.063454,38.047514,213.107285,7.282217,4.759453
sz000019,2002-08-30,13.420000,13.590000,13.420000,13.490000,0.001485,164497.000000,2218293.720000,538904950.000000,2101567820.000000,0.004118,25.642640,2002-06-30,2002-07-31,260.414746,38.245972,214.218866,7.320202,4.784279
sz000019,2002-08-29,13.800000,13.940000,13.420000,13.470000,-0.023913,523920.000000,7123992.660000,538105990.000000,2098452080.000000,0.013115,25.604617,2002-06-30,2002-07-31,260.028603,38.189261,213.901223,7.309347,4.777185
sz000019,2002-08-28,13.980000,13.980000,13.750000,13.800000,-0.019886,860704.000000,11928067.740000,551288980.000000,2149861810.000000,0.021545,26.231901,2002-06-30,2002-07-31,266.399003,39.124854,219.141555,7.488418,4.894220
sz000019,2002-08-27,13.680000,14.390000,13.680000,14.080000,0.032258,3348680.000000,47147131.620000,562474560.000000,2193482200.000000,0.083825,26.764132,2002-06-30,2002-07-31,271.804099,39.918677,223.587822,7.640354,4.993521
sz000019,2002-08-26,13.390000,13.690000,13.200000,13.640000,0.020194,900030.000000,12168472.240000,544897230.000000,2124935880.000000,0.022530,25.927755,2002-06-30,2002-07-31,263.310238,38.671221,216.600717,7.401593,4.837474
sz000019,2002-08-23,13.420000,13.580000,13.350000,13.370000,-0.011826,225040.000000,3018772.120000,534111140.000000,2082873370.000000,0.005633,25.414533,2002-06-30,2002-07-31,258.098202,37.905752,212.313263,7.255084,4.741720
sz000019,2002-08-22,13.200000,13.540000,13.200000,13.530000,0.018825,621178.000000,8356986.560000,540502890.000000,2107799300.000000,0.015549,25.718683,2002-06-30,2002-07-31,261.187000,38.359390,214.854127,7.341910,4.798467
sz000019,2002-08-21,13.200000,13.590000,13.140000,13.280000,0.015291,471255.000000,6298416.350000,530515770.000000,2068852530.000000,0.011797,25.243474,2002-06-30,2002-07-31,256.361004,37.650617,210.884232,7.206252,4.709805
sz000019,2002-08-20,12.900000,13.210000,12.900000,13.080000,0.013953,231550.000000,3034831.900000,522526080.000000,2037695110.000000,0.005796,24.863290,2002-06-30,2002-07-31,252.500026,37.083572,207.708166,7.097721,4.638872
sz000019,2002-08-19,13.200000,13.200000,12.880000,12.900000,-0.007692,132200.000000,1711562.000000,515335350.000000,2009653440.000000,0.003309,24.521146,2002-06-30,2002-07-31,249.025375,36.573265,204.849896,7.000049,4.575036
sz000019,2002-08-16,12.900000,13.100000,12.810000,13.000000,0.001541,187120.000000,2419697.000000,519330200.000000,2025232140.000000,0.004684,24.711225,2002-06-30,2002-07-31,250.955726,36.856768,206.437815,7.054311,4.610500
sz000019,2002-08-15,13.180000,13.180000,12.910000,12.980000,-0.012177,106200.000000,1380964.000000,518531230.000000,2022116400.000000,0.002658,24.673203,2002-06-30,2002-07-31,250.569599,36.800059,206.120184,7.043457,4.603406
sz000019,2002-08-14,12.950000,13.170000,12.900000,13.140000,0.013889,131633.000000,1715827.870000,524922990.000000,2047042340.000000,0.003295,24.977353,2002-06-30,2002-07-31,253.658397,37.253697,208.661050,7.130282,4.660153
sz000019,2002-08-13,12.900000,13.100000,12.850000,12.960000,0.000772,132070.000000,1717602.000000,517732260.000000,2019000660.000000,0.003306,24.635194,2002-06-30,2002-07-31,250.183597,36.743368,205.802657,7.032606,4.596315
sz000019,2002-08-12,13.020000,13.170000,12.910000,12.950000,-0.009181,177700.000000,2307621.000000,517332780.000000,2017442790.000000,0.004448,24.616191,2002-06-30,2002-07-31,249.990604,36.715024,205.643899,7.027181,4.592769
sz000019,2002-08-09,13.220000,13.340000,13.050000,13.070000,-0.011346,382069.000000,5007042.750000,522126590.000000,2036137240.000000,0.009564,24.844286,2002-06-30,2002-07-31,252.307035,37.055229,207.549411,7.092296,4.635326
sz000019,2002-08-08,13.350000,13.540000,13.180000,13.220000,-0.010479,331310.000000,4419319.410000,528118870.000000,2059505300.000000,0.008293,25.129404,2002-06-30,2002-07-31,255.202563,37.480482,209.931291,7.173689,4.688522
sz000019,2002-08-07,13.620000,13.620000,13.350000,13.360000,-0.011103,472356.000000,6361079.100000,533711650.000000,2081315500.000000,0.011824,25.395524,2002-06-30,2002-07-31,257.905152,37.877399,212.154458,7.249658,4.738173
sz000019,2002-08-06,13.190000,13.810000,13.050000,13.510000,0.029726,1360309.000000,18539712.480000,539703920.000000,2104683560.000000,0.034052,25.680656,2002-06-30,2002-07-31,260.800823,38.302674,214.536456,7.331054,4.791372
sz000019,2002-08-05,13.300000,13.390000,13.010000,13.120000,-0.015015,253822.000000,3337137.520000,524124020.000000,2043926590.000000,0.006354,24.939310,2002-06-30,2002-07-31,253.272058,37.196957,208.343245,7.119422,4.653055
sz000019,2002-08-02,13.290000,13.360000,13.200000,13.320000,-0.001499,371344.000000,4932353.990000,532113710.000000,2075084010.000000,0.009296,25.319482,2002-06-30,2002-07-31,257.132909,37.763983,211.519205,7.227950,4.723986
sz000019,2002-08-01,12.760000,13.490000,12.510000,13.340000,0.043002,1090097.000000,14460736.550000,532912680.000000,2078199750.000000,0.027288,25.357493,2002-06-30,2002-07-31,257.518929,37.820677,211.836749,7.238801,4.731078
sz000019,2002-07-31,13.030000,13.170000,12.750000,12.790000,-0.017665,240852.000000,3113087.480000,510941020.000000,1992516860.000000,0.006029,24.312028,2002-06-30,2002-07-31,246.901664,36.261365,203.102917,6.940352,4.536020
sz000019,2002-07-30,13.090000,13.110000,12.900000,13.020000,-0.003063,247739.000000,3213175.440000,520129170.000000,2028347890.000000,0.006201,24.749223,2002-03-31,2002-04-23,208.951840,38.869733,-197.180394,7.579165,4.617589
sz000019,2002-07-29,12.800000,13.070000,12.720000,13.060000,0.011619,287391.000000,3702555.680000,521727110.000000,2034579370.000000,0.007194,24.825262,2002-03-31,2002-04-23,209.593826,38.989157,-197.786213,7.602452,4.631777
sz000019,2002-07-26,13.180000,13.180000,12.890000,12.910000,-0.020486,356700.000000,4633335.020000,515734840.000000,2011211310.000000,0.008929,24.540131,2002-03-31,2002-04-23,207.186526,38.541345,-195.514530,7.515133,4.578578
sz000019,2002-07-25,13.080000,13.350000,12.850000,13.180000,0.010736,592871.000000,7794334.960000,526520930.000000,2053273820.000000,0.014841,25.053374,2002-03-31,2002-04-23,211.519719,39.347416,-199.603609,7.672308,4.674337
sz000019,2002-07-24,13.050000,13.230000,13.030000,13.040000,-0.006098,271080.000000,3553981.450000,520928140.000000,2031463630.000000,0.006786,24.787258,2002-03-31,2002-04-23,209.272964,38.929469,-197.483427,7.590813,4.624686
sz000019,2002-07-23,13.350000,13.420000,13.030000,13.120000,-0.015754,603776.000000,7956774.850000,524124020.000000,2043926590.000000,0.015114,24.939338,2002-03-31,2002-04-23,210.556941,39.168318,-198.695070,7.637386,4.653060
sz000019,2002-07-22,13.700000,13.800000,13.300000,13.330000,-0.027007,611100.000000,8213175.700000,532513200.000000,2076641880.000000,0.015297,25.338521,2002-03-31,2002-04-23,213.927149,39.795252,-201.875415,7.759631,4.727538
sz000019,2002-07-19,13.700000,13.800000,13.590000,13.700000,-0.003636,336300.000000,4604091.310000,547294130.000000,2134283110.000000,0.008418,26.041833,2002-03-31,2002-04-23,219.865044,40.899834,-207.478795,7.975013,4.858758
sz000019,2002-07-18,13.700000,13.950000,13.700000,13.750000,0.004383,664909.000000,9174992.980000,549291560.000000,2142072460.000000,0.016644,26.136867,2002-03-31,2002-04-23,220.667391,41.049088,-208.235941,8.004116,4.876489
sz000019,2002-07-17,13.750000,13.800000,13.530000,13.690000,0.012574,656621.000000,8963680.190000,546894650.000000,2132725230.000000,0.016437,26.022809,2002-03-31,2002-04-23,219.704426,40.869955,-207.327226,7.969187,4.855209
sz000019,2002-07-16,13.550000,13.800000,13.500000,13.520000,-0.000739,396789.000000,5402308.270000,540103410.000000,2106241430.000000,0.009933,25.699661,2002-03-31,2002-04-23,216.976168,40.362438,-204.752666,7.870226,4.794918
sz000019,2002-07-15,13.980000,13.980000,13.500000,13.530000,-0.032189,463486.000000,6361381.990000,540502890.000000,2107799300.000000,0.011602,25.718667,2002-03-31,2002-04-23,217.136632,40.392288,-204.904090,7.876047,4.798464
sz000019,2002-07-12,13.900000,14.130000,13.850000,13.980000,0.001433,317509.000000,4455457.730000,558479710.000000,2177903490.000000,0.007948,26.574060,2002-03-31,2002-04-23,224.358508,41.735719,-211.719116,8.138001,4.958059
sz000019,2002-07-11,13.800000,14.130000,13.800000,13.960000,0.007942,643444.000000,9003285.970000,557680740.000000,2174787750.000000,0.016107,26.536033,2002-03-31,2002-04-23,224.037462,41.675997,-211.416157,8.126356,4.950964
sz000019,2002-07-10,14.100000,14.190000,13.770000,13.850000,-0.019816,1070142.000000,14854407.800000,553286410.000000,2157651170.000000,0.026788,26.326945,2002-03-31,2002-04-23,222.272177,41.347615,-209.750320,8.062325,4.911953
sz000019,2002-07-09,14.500000,14.550000,14.090000,14.130000,-0.019431,1188206.000000,17026772.770000,564471980.000000,2201271550.000000,0.029743,26.859186,2002-03-31,2002-04-23,226.765767,42.183523,-213.990761,8.225318,5.011256
sz000019,2002-07-08,13.950000,14.440000,13.800000,14.410000,0.032975,1103093.000000,15677002.440000,575657550.000000,2244891940.000000,0.027613,27.391429,2002-03-31,2002-04-23,231.259368,43.019434,-218.231211,8.388311,5.110560
sz000019,2002-07-05,14.200000,14.280000,13.800000,13.950000,-0.010638,622119.000000,8678005.310000,557281250.000000,2173229880.000000,0.015573,26.517030,2002-03-31,2002-04-23,223.877023,41.646152,-211.264756,8.120536,4.947418
sz000019,2002-07-04,14.300000,14.470000,14.030000,14.100000,-0.013296,958018.000000,13615005.840000,563273530.000000,2196597940.000000,0.023981,26.802152,2002-03-31,2002-04-23,226.284235,42.093947,-213.536356,8.207851,5.000615
sz000019,2002-07-03,14.360000,14.500000,14.150000,14.290000,-0.009702,1172646.000000,16716991.430000,570863740.000000,2226197490.000000,0.029354,27.163315,2002-03-31,2002-04-23,229.333452,42.661170,-216.413794,8.318454,5.067999
sz000019,2002-07-02,14.190000,14.700000,14.100000,14.430000,0.011212,1686847.000000,24313434.790000,576456520.000000,2248007680.000000,0.042226,27.429435,2002-03-31,2002-04-23,231.580244,43.079124,-218.534011,8.399950,5.117651
sz000019,2002-07-01,14.300000,14.690000,14.000000,14.270000,-0.009028,1865934.000000,26745178.790000,570064770.000000,2223081750.000000,0.046709,27.125306,2002-03-31,2002-04-23,229.012555,42.601476,-216.110974,8.306814,5.060908
sz000019,2002-06-28,15.000000,15.150000,14.100000,14.400000,-0.036789,4643604.000000,67111660.280000,575258070.000000,2243334070.000000,0.116240,27.372425,2002-03-31,2002-04-23,231.098916,42.989586,-218.079799,8.382491,5.107014
sz000019,2002-06-27,14.990000,15.500000,14.800000,14.950000,0.006734,5782021.000000,87679288.920000,597229730.000000,2329016970.000000,0.144737,28.417890,2002-03-31,2002-04-23,239.925537,44.631536,-226.409166,8.702653,5.302072
sz000019,2002-06-26,15.000000,15.200000,14.530000,14.850000,-0.029412,6742580.000000,100300421.580000,593234880.000000,2313438260.000000,0.168782,28.227804,2002-03-31,2002-04-23,238.320685,44.332997,-224.894725,8.644441,5.266606
sz000019,2002-06-25,15.550000,15.550000,15.160000,15.300000,0.082037,7393255.000000,114884707.990000,611211700.000000,2383542450.000000,0.185070,29.083199,2002-03-31,2002-04-23,245.542584,45.676433,-231.709772,8.906396,5.426202
sz000019,2002-06-24,14.140000,14.140000,14.140000,14.140000,0.100389,847460.000000,11983084.400000,564871460.000000,2202829420.000000,0.021214,26.878193,2002-03-31,2002-04-23,226.926236,42.213374,-214.142190,8.231138,5.014802
sz000019,2002-06-21,11.730000,12.850000,11.730000,12.850000,0.100171,3551499.000000,45579004.160000,513337930.000000,2001864080.000000,0.088902,24.426083,2002-03-31,2002-04-23,206.223650,38.362228,-194.605898,7.480208,4.557300
sz000019,2002-06-20,11.190000,11.700000,11.190000,11.680000,0.036380,887815.000000,10298377.910000,466598210.000000,1819593190.000000,0.022224,22.202079,2002-03-31,2002-04-23,187.446906,34.869332,-176.886955,6.799132,4.142356
sz000019,2002-06-19,11.500000,11.500000,11.270000,11.270000,-0.019147,214269.000000,2433856.030000,450219340.000000,1755720480.000000,0.005364,21.422720,2002-03-31,2002-04-23,180.866966,33.645316,-170.677700,6.560462,3.996947
sz000019,2002-06-18,11.250000,11.600000,11.250000,11.490000,0.027728,549405.000000,6330192.190000,459008000.000000,1789993640.000000,0.013753,21.840908,2002-03-31,2002-04-23,184.397627,34.302098,-174.009459,6.688527,4.074970
sz000019,2002-06-17,10.900000,11.250000,10.800000,11.180000,0.009025,245858.000000,2722009.800000,446623970.000000,1741699640.000000,0.006154,21.251642,2002-03-31,2002-04-23,179.422597,33.376631,-169.314701,6.508072,3.965028
sz000019,2002-06-14,11.400000,11.460000,11.010000,11.080000,-0.028070,344554.000000,3861645.730000,442629130.000000,1726120940.000000,0.008625,21.061562,2002-03-31,2002-04-23,177.817792,33.078101,-167.800304,6.449862,3.929564
sz000019,2002-06-13,11.550000,11.830000,11.400000,11.400000,-0.012987,335393.000000,3902093.250000,455412640.000000,1775972800.000000,0.008396,21.669834,2002-03-31,2002-04-23,182.953291,34.033419,-172.646491,6.636138,4.043052
sz000019,2002-06-12,11.750000,11.750000,11.330000,11.550000,-0.002591,307159.000000,3526720.520000,461404910.000000,1799340870.000000,0.007689,21.954963,2002-03-31,2002-04-23,185.360568,34.481227,-174.918153,6.723456,4.096250
sz000019,2002-06-11,11.680000,11.750000,11.420000,11.580000,0.000864,393060.000000,4565452.000000,462603360.000000,1804014480.000000,0.009839,22.011996,2002-03-31,2002-04-23,185.842085,34.570800,-175.372543,6.740921,4.106891
sz000019,2002-06-10,11.700000,11.900000,11.350000,11.570000,-0.014480,762937.000000,8857550.170000,462203880.000000,1802456610.000000,0.019098,21.992994,2002-03-31,2002-04-23,185.681656,34.540956,-175.221152,6.735102,4.103346
sz000019,2002-06-07,11.250000,11.950000,11.000000,11.740000,0.034361,1402755.000000,16319329.780000,468995120.000000,1828940410.000000,0.035114,22.316132,2002-03-31,2002-04-23,188.409831,35.048458,-177.795633,6.834059,4.163635
sz000019,2002-06-06,10.300000,11.410000,10.150000,11.350000,0.094503,1066556.000000,11583289.840000,453415210.000000,1768183450.000000,0.026698,21.574800,2002-03-31,2002-04-23,182.150942,33.884164,-171.889343,6.607035,4.025321
sz000019,2002-06-05,11.160000,11.160000,10.330000,10.370000,-0.071620,511120.000000,5422139.400000,414265710.000000,1615512100.000000,0.012794,19.711961,2002-03-31,2002-04-23,166.423429,30.958494,-157.047850,6.036562,3.677762
sz000019,2002-06-04,11.120000,11.400000,10.910000,11.170000,0.005401,356649.000000,3973957.130000,446224490.000000,1740141770.000000,0.008928,21.232643,2002-03-31,2002-04-23,179.262187,33.346791,-169.163327,6.502253,3.961483
sz000019,2002-06-03,11.460000,11.460000,11.100000,11.110000,-0.038095,480935.000000,5401521.900000,443827580.000000,1730794550.000000,0.012039,21.118581,2002-03-31,2002-04-23,178.299193,33.167652,-168.254584,6.467323,3.940202
sz000019,2002-05-31,11.900000,11.900000,11.500000,11.550000,-0.026959,485808.000000,5649127.280000,461404910.000000,1799340870.000000,0.012161,21.954955,2002-03-31,2002-04-23,185.360501,34.481214,-174.918089,6.723453,4.096249
sz000019,2002-05-30,12.000000,12.090000,11.700000,11.870000,-0.007525,340798.000000,4037873.820000,474188420.000000,1849192730.000000,0.008531,22.563237,2002-03-31,2002-04-23,190.496085,35.436548,-179.764356,6.909733,4.209739
sz000019,2002-05-29,12.100000,12.250000,11.690000,11.960000,-0.018062,1423364.000000,17054841.560000,477783780.000000,1863213570.000000,0.035630,22.734313,2002-03-31,2002-04-23,191.940437,35.705230,-181.127339,6.962123,4.241657
sz000019,2002-05-28,12.320000,12.450000,12.110000,12.180000,-0.011364,495920.000000,6056078.600000,486572450.000000,1897486730.000000,0.012414,23.152494,2002-03-31,2002-04-23,195.471034,36.362000,-184.459039,7.090186,4.319680
sz000019,2002-05-27,12.480000,12.480000,12.120000,12.320000,0.007328,852098.000000,10457788.950000,492165240.000000,1919296920.000000,0.021330,23.418623,2002-03-31,2002-04-23,197.717901,36.779968,-186.579326,7.171685,4.369333
sz000019,2002-05-24,12.080000,12.290000,11.700000,12.280000,0.026756,1297382.000000,15710999.710000,490567300.000000,1913065440.000000,0.032476,23.248260,2002-03-31,2002-04-23,196.279564,36.512405,-185.222019,7.119513,4.337547
sz000019,2002-05-23,11.820000,12.180000,11.820000,11.960000,0.023973,540586.000000,6504213.630000,477783780.000000,1863213570.000000,0.013532,22.642438,2002-03-31,2002-04-23,191.164760,35.560937,-180.395361,6.933987,4.224516
sz000019,2002-05-22,12.000000,12.000000,11.680000,11.680000,-0.026667,395743.000000,4668372.810000,466598210.000000,1819593190.000000,0.009906,22.112339,2002-03-31,2002-04-23,186.689258,34.728393,-176.171990,6.771650,4.125613
sz000019,2002-05-21,11.980000,12.080000,11.600000,12.000000,0.059135,685141.000000,8145182.240000,479381720.000000,1869445060.000000,0.017151,22.718165,2002-03-31,2002-04-23,191.804098,35.679868,-180.998682,6.957177,4.238645
sz000019,2002-05-20,11.710000,11.710000,11.260000,11.330000,-0.032451,406569.000000,4615191.100000,452616240.000000,1765067710.000000,0.010177,21.449735,2002-03-31,2002-04-23,181.095043,33.687743,-170.892928,6.568735,4.001987
sz000019,2002-05-17,11.600000,11.800000,11.380000,11.710000,0.010354,521177.000000,6028983.170000,467796670.000000,1824266800.000000,0.013046,22.169146,2002-03-31,2002-04-23,187.168859,34.817610,-176.624572,6.789046,4.136211
sz000019,2002-05-16,11.980000,12.000000,11.520000,11.590000,-0.038174,593571.000000,6926161.840000,463002850.000000,1805572350.000000,0.014858,21.941958,2002-03-31,2002-04-23,185.250773,34.460802,-174.814542,6.719473,4.093824
sz000019,2002-05-15,12.130000,12.250000,11.940000,12.050000,-0.006595,380058.000000,4598860.850000,481379150.000000,1877234410.000000,0.009514,22.812815,2002-03-31,2002-04-23,192.603208,35.828520,-181.752773,6.986163,4.256304
sz000019,2002-05-14,12.050000,12.300000,12.050000,12.130000,0.003309,357055.000000,4358962.200000,484575030.000000,1889697380.000000,0.008938,22.964264,2002-03-31,2002-04-23,193.881859,36.066378,-182.959390,7.032542,4.284561
sz000019,2002-05-13,12.000000,12.190000,11.970000,12.090000,-0.007389,244893.000000,2952440.650000,482977090.000000,1883465890.000000,0.006130,22.888526,2002-03-31,2002-04-23,193.242419,35.947428,-182.355974,7.009349,4.270430
sz000019,2002-05-10,12.260000,12.400000,12.110000,12.180000,-0.014563,404770.000000,4932589.010000,486572450.000000,1897486730.000000,0.010132,23.058908,2002-03-31,2002-04-23,194.680917,36.215021,-183.713433,7.061526,4.302219
sz000019,2002-05-09,11.980000,12.750000,11.800000,12.360000,0.030000,773680.000000,9618322.760000,493763180.000000,1925528410.000000,0.019367,23.399678,2002-03-31,2002-04-23,197.557953,36.750214,-186.428389,7.165883,4.365798
sz000019,2002-05-08,12.300000,12.350000,11.980000,12.000000,-0.019608,398080.000000,4819066.700000,479381720.000000,1869445060.000000,0.009965,22.718134,2002-03-31,2002-04-23,191.803838,35.679820,-180.998436,6.957168,4.238639
sz000019,2002-04-30,12.580000,12.650000,12.210000,12.240000,-0.023923,850100.000000,10548660.240000,488969360.000000,1906833960.000000,0.021280,23.172500,2002-03-31,2002-04-23,195.639946,36.393422,-184.618434,7.096312,4.323412
sz000019,2002-04-29,12.180000,12.580000,12.150000,12.540000,0.032099,985196.000000,12249182.080000,500953900.000000,1953570080.000000,0.024662,23.740443,2002-03-31,2002-04-23,200.434951,37.285400,-189.143310,7.270238,4.429376
sz000019,2002-04-26,11.580000,12.200000,11.580000,12.150000,0.055604,880923.000000,10582049.700000,485374000.000000,1892813120.000000,0.022051,23.002098,2002-03-31,2002-04-23,194.201284,36.125798,-183.260821,7.044129,4.291620
sz000019,2002-04-25,11.650000,11.700000,11.400000,11.510000,-0.012017,427691.000000,4930124.200000,459806970.000000,1793109380.000000,0.010706,21.790462,2002-03-31,2002-04-23,183.971721,34.222870,-173.607547,6.673079,4.065558
sz000019,2002-04-24,11.770000,11.870000,11.600000,11.650000,-0.010195,376555.000000,4398620.700000,465399760.000000,1814919580.000000,0.009426,22.055503,2002-03-31,2002-04-23,186.209399,34.639128,-175.719164,6.754245,4.115008
sz000019,2002-04-23,11.610000,11.970000,11.610000,11.770000,0.007705,491000.000000,5819510.680000,470193570.000000,1833614030.000000,0.012291,22.282674,2002-03-31,2002-04-23,188.127358,34.995912,-177.529073,6.823813,4.157393
sz000019,2002-04-22,11.900000,12.230000,11.610000,11.680000,-0.049634,908359.000000,10796382.480000,466598210.000000,1819593190.000000,0.022738,22.112299,2001-12-31,2002-02-25,186.688242,34.728204,-176.171031,6.482051,4.125605
sz000019,2002-04-19,12.560000,12.650000,11.330000,12.290000,-0.022275,2162465.000000,25882195.480000,490966780.000000,1914623310.000000,0.054131,23.267140,2001-12-31,2002-02-25,196.438259,36.541926,-185.371774,6.820584,4.341070
sz000019,2002-04-18,12.660000,12.880000,12.520000,12.570000,-0.007109,717071.000000,9090077.910000,502152360.000000,1958243700.000000,0.017950,23.797224,2001-12-31,2002-02-25,200.913609,37.374442,-189.595002,6.975974,4.439970
sz000019,2002-04-17,12.950000,12.980000,12.440000,12.660000,-0.011710,1234247.000000,15555991.980000,505747720.000000,1972264530.000000,0.030896,23.967609,2001-12-31,2002-02-25,202.352131,37.642039,-190.952484,7.025921,4.471760
sz000019,2002-04-16,13.150000,13.270000,12.750000,12.810000,-0.022137,1165555.000000,15063601.970000,511739990.000000,1995632600.000000,0.029176,24.251596,2001-12-31,2002-02-25,204.749750,38.088050,-193.215032,7.109170,4.524745
sz000019,2002-04-15,13.380000,13.500000,13.000000,13.100000,-0.015038,939940.000000,12395046.010000,523325050.000000,2040810850.000000,0.023529,24.800607,2001-12-31,2002-02-25,209.384904,38.950293,-197.589061,7.270108,4.627176
sz000019,2002-04-12,13.200000,13.550000,13.180000,13.300000,-0.005236,1420564.000000,18967587.700000,531314740.000000,2071968270.000000,0.035560,25.179252,2001-12-31,2002-02-25,212.581708,39.544970,-200.605770,7.381105,4.697822
sz000019,2002-04-11,13.810000,13.980000,13.300000,13.370000,-0.032562,1803578.000000,24497616.990000,534111140.000000,2082873370.000000,0.045148,25.311785,2001-12-31,2002-02-25,213.700644,39.753117,-201.661671,7.419956,4.722550
sz000019,2002-04-10,13.980000,14.160000,13.690000,13.820000,-0.011445,2045143.000000,28390299.290000,552087950.000000,2152977560.000000,0.051195,26.163728,2001-12-31,2002-02-25,220.893374,41.091126,-208.449193,7.669697,4.881501
sz000019,2002-04-09,13.880000,14.400000,13.650000,13.980000,0.007205,4612687.000000,64722449.160000,558479710.000000,2177903490.000000,0.115466,26.466639,2001-12-31,2002-02-25,223.450768,41.566859,-210.862515,7.758493,4.938017
sz000019,2002-04-08,13.010000,14.110000,12.900000,13.880000,0.076804,5039329.000000,68487661.550000,554484860.000000,2162324780.000000,0.126146,26.277311,2001-12-31,2002-02-25,221.852322,41.269512,-209.354118,7.702993,4.902693
sz000019,2002-04-05,12.810000,13.200000,12.680000,12.890000,0.022205,1799392.000000,23328591.390000,514935870.000000,2008095560.000000,0.045043,24.403058,2001-12-31,2002-02-25,206.028509,38.325928,-194.421750,7.153570,4.553004
sz000019,2002-04-04,12.510000,12.840000,12.100000,12.610000,-0.001584,1643549.000000,20411768.350000,503750290.000000,1964475180.000000,0.041142,23.872959,2001-12-31,2002-02-25,201.553024,37.493387,-190.198395,6.998175,4.454100
sz000019,2002-04-03,13.100000,13.480000,12.510000,12.630000,-0.029954,3348721.000000,43644400.400000,504549260.000000,1967590920.000000,0.083826,23.910834,2001-12-31,2002-02-25,201.872790,37.552871,-190.500147,7.009278,4.461167
sz000019,2002-04-02,12.600000,13.050000,12.420000,13.020000,0.043269,2569982.000000,32954195.110000,520129170.000000,2028347890.000000,0.064332,24.649175,2001-12-31,2002-02-25,208.106410,38.712464,-196.382591,7.225717,4.598923
sz000019,2002-04-01,12.330000,12.750000,12.150000,12.480000,0.010526,907844.000000,11344100.840000,498556990.000000,1944222860.000000,0.022725,23.626864,2001-12-31,2002-02-25,199.475312,37.106886,-188.237733,6.926035,4.408185
sz000019,2002-03-29,12.710000,12.710000,12.280000,12.350000,-0.032890,1242515.000000,15446105.910000,493363690.000000,1923970540.000000,0.031103,23.380759,2001-12-31,2002-02-25,197.397506,36.720367,-186.276981,6.853891,4.362268
sz000019,2002-03-28,12.550000,13.160000,12.300000,12.770000,0.015103,2212389.000000,28502482.170000,510142050.000000,1989401110.000000,0.055381,24.175904,2001-12-31,2002-02-25,204.110707,37.969174,-192.611990,7.086981,4.510622
sz000019,2002-03-27,12.480000,12.800000,12.280000,12.580000,0.004792,937276.000000,11784320.740000,502551840.000000,1959801570.000000,0.023462,23.816208,2001-12-31,2002-02-25,201.073889,37.404257,-189.746252,6.981539,4.443512
sz000019,2002-03-26,12.690000,12.780000,12.100000,12.520000,-0.014173,1045851.000000,12907455.020000,500154930.000000,1950454340.000000,0.026180,23.702625,2001-12-31,2002-02-25,200.114938,37.225871,-188.841324,6.948243,4.422320
sz000019,2002-03-25,12.710000,12.950000,12.500000,12.700000,0.003160,1235900.000000,15784258.140000,507345660.000000,1978496020.000000,0.030937,24.043392,2001-12-31,2002-02-25,202.991943,37.761058,-191.556251,7.048137,4.485899
sz000019,2002-03-22,12.580000,12.950000,12.450000,12.660000,0.006359,1491918.000000,18968739.320000,505747720.000000,1972264530.000000,0.037346,23.967654,2001-12-31,2002-02-25,202.352509,37.642109,-190.952840,7.025935,4.471768
sz000019,2002-03-21,12.480000,12.900000,12.250000,12.580000,0.006400,1480728.000000,18599997.870000,502551840.000000,1959801570.000000,0.037066,23.816207,2001-12-31,2002-02-25,201.073880,37.404255,-189.746244,6.981539,4.443512
sz000019,2002-03-20,12.550000,12.670000,12.010000,12.500000,-0.011076,2314958.000000,28526165.770000,499355960.000000,1947338600.000000,0.057949,23.664752,2001-12-31,2002-02-25,199.795191,37.166391,-188.539590,6.937141,4.415254
sz000019,2002-03-19,12.590000,13.100000,12.300000,12.640000,-0.000791,3570257.000000,45851380.890000,504948750.000000,1969148790.000000,0.089372,23.929799,2001-12-31,2002-02-25,202.032907,37.582656,-190.651244,7.014838,4.464705
sz000019,2002-03-18,11.970000,12.800000,11.900000,12.650000,0.072943,2412019.000000,29826399.340000,505348230.000000,1970706660.000000,0.060378,23.948742,2001-12-31,2002-02-25,202.192842,37.612407,-190.802168,7.020391,4.468240
sz000019,2002-03-15,12.550000,12.650000,11.600000,11.790000,-0.064286,1711309.000000,20929271.320000,470992540.000000,1836729770.000000,0.042838,22.320610,2001-12-31,2002-02-25,188.446955,35.055364,-177.830666,6.543116,4.164471
sz000019,2002-03-14,12.050000,13.050000,12.050000,12.600000,0.044776,3225520.000000,40578036.430000,503350810.000000,1962917310.000000,0.080742,23.854094,2001-12-31,2002-02-25,201.393754,37.463759,-190.048098,6.992645,4.450581
sz000019,2002-03-13,12.470000,12.700000,11.900000,12.060000,-0.069444,2502635.000000,30637602.320000,481778630.000000,1878792280.000000,0.062647,22.831779,2001-12-31,2002-02-25,192.762615,35.858174,-181.903200,6.692961,4.259842
sz000019,2002-03-12,13.080000,13.500000,12.680000,12.960000,-0.027027,4372732.000000,57299631.350000,517732260.000000,2019000660.000000,0.109459,24.535631,2001-12-31,2002-02-25,207.147786,38.534138,-195.477973,7.192433,4.577739
sz000019,2002-03-11,12.480000,13.510000,12.300000,13.320000,0.084691,6552820.000000,85379757.030000,532113710.000000,2075084010.000000,0.164032,25.217176,2001-12-31,2002-02-25,212.901886,39.604530,-200.907911,7.392222,4.704898
sz000019,2002-03-08,11.160000,12.280000,10.790000,12.280000,0.100358,4326084.000000,49809322.570000,490567300.000000,1913065440.000000,0.108292,23.248257,2001-12-31,2002-02-25,196.278835,36.512269,-185.221331,6.815049,4.337547
sz000019,2002-03-07,10.860000,11.470000,10.700000,11.160000,0.020110,3829748.000000,42569512.480000,445825000.000000,1738583900.000000,0.095867,21.127903,2001-12-31,2002-02-25,178.377251,33.182173,-168.328245,6.193483,3.941941
sz000019,2002-03-06,10.330000,10.990000,10.320000,10.940000,0.095095,4894075.000000,52909524.570000,437036340.000000,1704310740.000000,0.122510,20.711397,2001-12-31,2002-02-25,174.860800,32.528034,-165.009896,6.071388,3.864232
sz000019,2002-03-05,9.140000,9.990000,9.000000,9.990000,0.100220,1112253.000000,10787294.750000,399085290.000000,1556313010.000000,0.027842,18.912877,2001-12-31,2002-02-25,159.676375,29.703390,-150.680896,5.544165,3.528673
sz000019,2002-03-04,8.880000,9.140000,8.800000,9.080000,0.021372,263165.000000,2357088.290000,362732170.000000,1414546760.000000,0.006588,17.190087,2001-12-31,2002-02-25,145.131315,26.997683,-136.955242,5.039142,3.207243
sz000019,2002-03-01,9.070000,9.150000,8.880000,8.890000,-0.029476,238154.000000,2143607.010000,355141960.000000,1384947210.000000,0.005962,16.830388,2001-12-31,2002-02-25,142.094472,26.432762,-134.089481,4.933699,3.140132
sz000019,2002-02-28,9.360000,9.420000,9.130000,9.160000,-0.024494,277683.000000,2579914.050000,365928050.000000,1427009730.000000,0.006951,17.341547,2001-12-31,2002-02-25,146.410054,27.235557,-138.161943,5.083542,3.235501
sz000019,2002-02-27,9.250000,9.420000,9.210000,9.390000,0.014039,283246.000000,2651560.360000,375116200.000000,1462840760.000000,0.007090,17.776976,2001-12-31,2002-02-25,150.086267,27.919415,-141.631054,5.211185,3.316742
sz000019,2002-02-26,9.090000,9.280000,8.920000,9.260000,0.016465,208802.000000,1897483.240000,369922900.000000,1442588430.000000,0.005227,17.530861,2001-12-31,2002-02-25,148.008378,27.532881,-139.670224,5.139038,3.270823
sz000019,2002-02-25,9.100000,9.350000,9.050000,9.110000,0.021300,192570.000000,1762048.680000,363930630.000000,1419220370.000000,0.004820,17.246890,2001-12-31,2002-02-25,145.610894,27.086895,-137.407804,5.055794,3.217841
sz000019,2002-02-08,9.010000,9.100000,8.910000,8.920000,-0.003352,221999.000000,1996822.650000,356340410.000000,1389620820.000000,0.005557,16.887193,2001-06-30,2001-08-17,137.630718,22.810284,-41.916826,4.349865,3.150730
sz000019,2002-02-07,8.650000,9.090000,8.600000,8.950000,0.029919,197202.000000,1761442.550000,357538870.000000,1394294440.000000,0.004936,16.943990,2001-06-30,2001-08-17,138.093608,22.887001,-42.057804,4.364494,3.161327
sz000019,2002-02-06,9.050000,9.110000,8.650000,8.690000,-0.050273,306473.000000,2728367.120000,347152270.000000,1353789790.000000,0.007672,16.451769,2001-06-30,2001-08-17,134.082008,22.222137,-40.836031,4.237706,3.069491
sz000019,2002-02-05,9.100000,9.250000,9.010000,9.150000,0.001094,268914.000000,2452307.810000,365528560.000000,1425451860.000000,0.006732,17.322630,2001-06-30,2001-08-17,141.179526,23.398447,-42.997652,4.462026,3.231972
sz000019,2002-02-04,9.000000,9.150000,8.810000,9.140000,0.022371,310464.000000,2786733.950000,365129080.000000,1423893980.000000,0.007772,17.303699,2001-06-30,2001-08-17,141.025245,23.372878,-42.950664,4.457150,3.228440
sz000019,2002-02-01,8.750000,9.150000,8.690000,8.940000,0.002242,453902.000000,4072582.060000,357139380.000000,1392736570.000000,0.011362,16.925069,2001-06-30,2001-08-17,137.939402,22.861444,-42.010839,4.359621,3.157797
sz000019,2002-01-31,8.350000,8.980000,8.340000,8.920000,0.074699,747222.000000,6545978.710000,356340410.000000,1389620820.000000,0.018705,16.887208,2001-06-30,2001-08-17,137.630834,22.810303,-41.916862,4.349868,3.150733
sz000019,2002-01-30,8.100000,8.400000,8.060000,8.300000,0.015912,353245.000000,2909765.410000,331572360.000000,1293032830.000000,0.008843,15.713430,2001-06-30,2001-08-17,128.064541,21.224830,-39.003350,4.047522,2.931735
sz000019,2002-01-29,7.700000,8.200000,7.500000,8.170000,0.058290,400325.000000,3192770.630000,326379060.000000,1272780510.000000,0.010021,15.467314,2001-06-30,2001-08-17,126.058695,20.892390,-38.392450,3.984127,2.885816
sz000019,2002-01-28,7.800000,8.380000,7.600000,7.720000,-0.030151,651417.000000,5246500.820000,308402240.000000,1202676320.000000,0.016306,14.615383,2001-06-30,2001-08-17,119.115455,19.741649,-36.277816,3.764684,2.726867
sz000019,2002-01-25,7.940000,8.150000,7.800000,7.960000,-0.005000,210954.000000,1674442.470000,317989880.000000,1240065220.000000,0.005281,15.069751,2001-06-30,2001-08-17,122.818557,20.355385,-37.405633,3.881721,2.811641
sz000019,2002-01-24,7.720000,8.250000,7.500000,8.000000,0.037613,615058.000000,4890830.360000,319587820.000000,1246296700.000000,0.015396,15.145479,2001-06-30,2001-08-17,123.435736,20.457673,-37.593601,3.901227,2.825770
sz000019,2002-01-23,6.900000,7.710000,6.800000,7.710000,0.099857,357311.000000,2602339.410000,308002760.000000,1201118450.000000,0.008944,14.596462,2001-06-30,2001-08-17,118.961247,19.716092,-36.230850,3.759810,2.723337
sz000019,2002-01-22,7.500000,7.800000,7.000000,7.010000,-0.080052,296323.000000,2191276.720000,280038820.000000,1092067490.000000,0.007418,13.271236,2001-06-30,2001-08-17,108.160649,17.926050,-32.941419,3.418453,2.476083
sz000019,2002-01-21,8.530000,8.530000,7.620000,7.620000,-0.100354,244194.000000,1910051.560000,304407390.000000,1187097610.000000,0.006113,14.426072,2001-06-30,2001-08-17,117.572568,19.485938,-35.807914,3.715920,2.691546
sz000019,2002-01-18,8.500000,8.630000,8.160000,8.470000,-0.017401,235820.000000,1985605.300000,338363600.000000,1319516640.000000,0.005903,16.035276,2001-06-30,2001-08-17,130.687590,21.659562,-39.802227,4.130425,2.991784
sz000019,2002-01-17,9.280000,9.390000,8.580000,8.620000,-0.084926,114940.000000,1017121.400000,344355870.000000,1342884700.000000,0.002877,16.319248,2001-06-30,2001-08-17,133.001957,22.043135,-40.507090,4.203571,3.044766
sz000019,2002-01-16,9.610000,9.610000,9.210000,9.420000,0.007487,50275.000000,471839.250000,376314650.000000,1467514370.000000,0.001258,17.833801,2001-06-30,2001-08-17,145.345576,24.088909,-44.266464,4.593695,3.327344
sz000019,2002-01-15,9.400000,9.680000,9.350000,9.350000,-0.015789,153263.000000,1463013.010000,373518260.000000,1456609270.000000,0.003837,17.701272,2001-06-30,2001-08-17,144.265460,23.909896,-43.937504,4.559558,3.302617
sz000019,2002-01-14,9.950000,9.950000,9.500000,9.500000,-0.050000,119113.000000,1145111.070000,379510530.000000,1479977340.000000,0.002982,17.985241,2001-06-30,2001-08-17,146.579809,24.293466,-44.642362,4.632704,3.355599
sz000019,2002-01-11,10.310000,10.310000,9.980000,10.000000,-0.029126,85140.000000,855918.200000,399484770.000000,1557870880.000000,0.002131,18.931832,2001-06-30,2001-08-17,154.294536,25.572069,-46.991960,4.876530,3.532209
sz000019,2002-01-10,10.320000,10.350000,9.900000,10.300000,-0.003868,274913.000000,2768599.960000,411469310.000000,1604607010.000000,0.006882,19.499783,2001-06-30,2001-08-17,158.923337,26.339225,-48.401709,5.022825,3.638175
sz000019,2002-01-09,10.670000,10.670000,10.320000,10.340000,-0.030019,79610.000000,831072.000000,413067250.000000,1610838490.000000,0.001993,19.575501,2001-06-30,2001-08-17,159.540439,26.441501,-48.589653,5.042329,3.652302
sz000019,2002-01-08,10.600000,10.800000,10.600000,10.660000,-0.008372,21680.000000,232000.000000,425850760.000000,1660690360.000000,0.000543,20.181324,2001-06-30,2001-08-17,164.477901,27.259813,-50.093407,5.198379,3.765333
sz000019,2002-01-07,10.900000,10.900000,10.630000,10.750000,-0.015568,67200.000000,719660.000000,429446130.000000,1674711200.000000,0.001682,20.351708,2001-06-30,2001-08-17,165.866536,27.489959,-50.516330,5.242267,3.797123
sz000019,2002-01-04,11.130000,11.130000,10.900000,10.920000,-0.017986,33950.000000,371401.700000,436237370.000000,1701195000.000000,0.000850,20.673554,2001-06-30,2001-08-17,168.489582,27.924691,-51.315205,5.325169,3.857171
sz000019,2001-12-31,11.200000,11.200000,11.060000,11.120000,0.006335,41830.000000,465076.000000,444227060.000000,1732352420.000000,0.001047,21.052199,2001-06-30,2001-08-17,171.575539,28.436143,-52.255065,5.422702,3.927817
sz000019,2001-12-28,11.050000,11.100000,10.960000,11.050000,0.004545,101411.000000,1116264.990000,441430670.000000,1721447320.000000,0.002539,20.919673,2001-06-30,2001-08-17,170.495451,28.257134,-51.926113,5.388565,3.903091
sz000019,2001-12-27,11.120000,11.290000,11.000000,11.000000,-0.009009,79647.000000,885310.000000,439433250.000000,1713657970.000000,0.001994,20.825023,2001-06-30,2001-08-17,169.724055,28.129287,-51.691176,5.364185,3.885431
sz000019,2001-12-26,10.960000,11.100000,10.960000,11.100000,0.011851,69333.000000,764893.560000,443428090.000000,1729236680.000000,0.001736,21.014342,2001-06-30,2001-08-17,171.266999,28.385007,-52.161096,5.412950,3.920754
sz000019,2001-12-25,11.100000,11.100000,10.900000,10.970000,0.000912,60642.000000,666099.320000,438234790.000000,1708984360.000000,0.001518,20.768217,2001-06-30,2001-08-17,169.261086,28.052556,-51.550175,5.349553,3.874833
sz000019,2001-12-24,11.490000,11.490000,10.900000,10.960000,-0.011722,103800.000000,1143531.000000,437835310.000000,1707426480.000000,0.002598,20.749294,2001-06-30,2001-08-17,169.106861,28.026996,-51.503204,5.344678,3.871302
sz000019,2001-12-21,10.900000,11.200000,10.900000,11.090000,0.004529,79352.000000,878518.700000,443028610.000000,1727678810.000000,0.001986,20.995402,2001-06-30,2001-08-17,171.112643,28.359425,-52.114085,5.408072,3.917220
sz000019,2001-12-20,11.390000,11.400000,11.030000,11.040000,-0.035808,114543.000000,1274266.690000,441031190.000000,1719889450.000000,0.002867,20.900743,2001-06-30,2001-08-17,170.341168,28.231564,-51.879124,5.383689,3.899559
sz000019,2001-12-19,11.450000,11.720000,11.450000,11.450000,0.000000,107700.000000,1239355.000000,457410060.000000,1783762160.000000,0.002696,21.676951,2001-06-30,2001-08-17,176.667270,29.280023,-53.805803,5.583628,4.044380
sz000019,2001-12-18,11.300000,11.450000,11.300000,11.450000,0.013274,81341.000000,925376.530000,457410060.000000,1783762160.000000,0.002036,21.676951,2001-06-30,2001-08-17,176.667270,29.280023,-53.805803,5.583628,4.044380
sz000019,2001-12-17,11.430000,11.500000,11.300000,11.300000,-0.013100,91714.000000,1041356.400000,451417790.000000,1760394090.000000,0.002296,21.392981,2001-06-30,2001-08-17,174.352909,28.896452,-53.100941,5.510482,3.991398
sz000019,2001-12-14,11.530000,11.600000,11.410000,11.450000,-0.012931,65520.000000,753221.400000,457410060.000000,1783762160.000000,0.001640,21.676949,2001-06-30,2001-08-17,176.667250,29.280020,-53.805797,5.583627,4.044380
sz000019,2001-12-13,11.760000,11.820000,11.600000,11.600000,-0.014444,84950.000000,993594.500000,463402330.000000,1807130220.000000,0.002126,21.960925,2001-06-30,2001-08-17,178.981662,29.663600,-54.510674,5.656775,4.097363
sz000019,2001-12-12,11.700000,11.900000,11.700000,11.770000,-0.008425,72300.000000,855920.300000,470193570.000000,1833614030.000000,0.001810,22.282778,2001-06-30,2001-08-17,181.604761,30.098341,-55.309566,5.739679,4.157412
sz000019,2001-12-11,12.000000,12.010000,11.870000,11.870000,-0.010833,67000.000000,800476.000000,474188420.000000,1849192730.000000,0.001677,22.472105,2001-06-30,2001-08-17,183.147781,30.354074,-55.779508,5.788446,4.192736
sz000019,2001-12-10,12.050000,12.090000,11.880000,12.000000,-0.004149,82731.000000,990377.440000,479381720.000000,1869445060.000000,0.002071,22.718212,2001-06-30,2001-08-17,185.153550,30.686500,-56.390385,5.851839,4.238653
sz000019,2001-12-07,12.140000,12.240000,11.980000,12.050000,0.003331,124467.000000,1503923.650000,481379150.000000,1877234410.000000,0.003116,22.812862,2001-06-30,2001-08-17,185.924952,30.814349,-56.625323,5.876220,4.256313
sz000019,2001-12-06,12.000000,12.150000,11.950000,12.010000,0.000833,174690.000000,2100785.070000,479781210.000000,1871002930.000000,0.004373,22.737125,2001-06-30,2001-08-17,185.307692,30.712047,-56.437331,5.856711,4.242182
sz000019,2001-12-05,12.400000,12.400000,12.000000,12.000000,-0.032258,285860.000000,3480416.900000,479381720.000000,1869445060.000000,0.007156,22.718201,2001-06-30,2001-08-17,185.153459,30.686486,-56.390358,5.851837,4.238651
sz000019,2001-12-04,12.300000,12.400000,12.200000,12.400000,0.008130,242507.000000,2980127.710000,495361110.000000,1931759890.000000,0.006070,23.475472,2001-06-30,2001-08-17,191.325229,31.709366,-58.270032,6.046897,4.379939
sz000019,2001-12-03,12.300000,12.380000,12.270000,12.300000,0.002445,259050.000000,3188994.000000,491366270.000000,1916181180.000000,0.006485,23.286156,2001-06-30,2001-08-17,189.782299,31.453648,-57.800117,5.998133,4.344618
sz000019,2001-11-30,12.180000,12.310000,12.120000,12.270000,0.008217,210663.000000,2577298.650000,490167810.000000,1911507570.000000,0.005273,23.229360,2001-06-30,2001-08-17,189.319413,31.376932,-57.659141,5.983503,4.334021
sz000019,2001-11-29,12.020000,12.390000,11.920000,12.170000,0.015860,288611.000000,3521249.490000,486172970.000000,1895928860.000000,0.007225,23.040040,2001-06-30,2001-08-17,187.776453,31.121209,-57.189217,5.934737,4.298699
sz000019,2001-11-28,11.900000,12.090000,11.810000,11.980000,0.010970,234171.000000,2812020.080000,478582750.000000,1866329310.000000,0.005862,22.680330,2001-06-30,2001-08-17,184.844815,30.635332,-56.296357,5.842082,4.231586
sz000019,2001-11-27,11.680000,11.850000,11.680000,11.850000,0.015424,60859.000000,715615.580000,473389450.000000,1846076990.000000,0.001523,22.434227,2001-06-30,2001-08-17,182.839070,30.302909,-55.685487,5.778690,4.185669
sz000019,2001-11-26,11.750000,11.750000,11.600000,11.670000,-0.011017,86320.000000,1004805.000000,466198730.000000,1818035320.000000,0.002161,22.093457,2001-06-30,2001-08-17,180.061797,29.842617,-54.839640,5.690913,4.122090
sz000019,2001-11-23,11.950000,11.950000,11.750000,11.800000,-0.008403,167285.000000,1976048.330000,471392030.000000,1838287640.000000,0.004188,22.339572,2001-06-30,2001-08-17,182.067636,30.175055,-55.450539,5.754308,4.168009
sz000019,2001-11-22,11.950000,11.950000,11.780000,11.900000,0.010187,235701.000000,2800757.040000,475386880.000000,1853866350.000000,0.005900,22.528882,2001-06-30,2001-08-17,183.610515,30.430765,-55.920438,5.803071,4.203329
sz000019,2001-11-21,11.770000,11.830000,11.650000,11.780000,0.000850,132810.000000,1560542.630000,470593060.000000,1835171900.000000,0.003325,22.301695,2001-06-30,2001-08-17,181.758937,30.123893,-55.356521,5.744552,4.160942
sz000019,2001-11-20,11.470000,11.780000,11.470000,11.770000,0.017286,207172.000000,2424320.840000,470193570.000000,1833614030.000000,0.005186,22.282755,2001-06-30,2001-08-17,181.604573,30.098309,-55.309508,5.739673,4.157408
sz000019,2001-11-19,11.400000,11.580000,11.310000,11.570000,0.020282,79130.000000,906150.300000,462203880.000000,1802456610.000000,0.001981,21.904120,2001-06-30,2001-08-17,178.518699,29.586871,-54.369674,5.642143,4.086764
sz000019,2001-11-16,11.980000,12.040000,11.300000,11.340000,0.017953,260430.000000,3031312.100000,453015730.000000,1766625580.000000,0.006519,21.468692,2001-06-30,2001-08-17,174.969958,28.998719,-53.288869,5.529984,4.005524
sz000019,2001-11-15,11.030000,11.200000,11.030000,11.140000,-0.000897,29030.000000,323805.400000,445026030.000000,1735468160.000000,0.000727,21.090062,2001-06-30,2001-08-17,171.884123,28.487286,-52.349047,5.432455,3.934881
sz000019,2001-11-14,11.040000,11.200000,10.950000,11.150000,0.011797,149530.000000,1660394.650000,445425520.000000,1737026030.000000,0.003743,21.108997,2001-06-30,2001-08-17,172.038441,28.512863,-52.396046,5.437332,3.938414
sz000019,2001-11-13,10.950000,11.200000,10.780000,11.020000,-0.000907,261950.000000,2904036.500000,440232220.000000,1716773710.000000,0.006557,20.862878,2001-06-30,2001-08-17,170.032567,28.180418,-51.785137,5.373936,3.892494
sz000019,2001-11-12,11.100000,11.290000,11.000000,11.030000,-0.013417,26700.000000,295527.400000,440631700.000000,1718331580.000000,0.000668,20.881817,2001-06-30,2001-08-17,170.186926,28.206001,-51.832149,5.378814,3.896028
sz000019,2001-11-09,11.080000,11.200000,10.660000,11.180000,0.016364,109682.000000,1210788.560000,446623970.000000,1741699640.000000,0.002746,21.165799,2001-06-30,2001-08-17,172.501377,28.589587,-52.537038,5.451963,3.949012
sz000019,2001-11-08,10.500000,11.030000,10.380000,11.000000,0.006404,131710.000000,1424476.500000,439433250.000000,1713657970.000000,0.003297,20.825018,2001-06-30,2001-08-17,169.724014,28.129280,-51.691164,5.364184,3.885431
sz000019,2001-11-07,11.310000,11.380000,10.910000,10.930000,-0.052038,177455.000000,1967409.040000,436636850.000000,1702752870.000000,0.004442,20.692504,2001-06-30,2001-08-17,168.644017,27.950286,-51.362240,5.330050,3.860707
sz000019,2001-11-06,11.550000,11.700000,11.410000,11.530000,-0.027004,88948.000000,1027353.180000,460605940.000000,1796225120.000000,0.002227,21.828410,2001-06-30,2001-08-17,177.901664,29.484606,-54.181750,5.622641,4.072639
sz000019,2001-11-05,11.300000,12.220000,11.130000,11.850000,0.043134,143570.000000,1674015.700000,473389450.000000,1846076990.000000,0.003594,22.434224,2001-06-30,2001-08-17,182.839050,30.302906,-55.685481,5.778689,4.185668
sz000019,2001-11-02,11.480000,11.520000,11.350000,11.360000,-0.010453,85560.000000,978286.900000,453814700.000000,1769741320.000000,0.002142,21.506560,2001-06-30,2001-08-17,175.278583,29.049869,-53.382864,5.539738,4.012589
sz000019,2001-11-01,11.380000,11.590000,11.300000,11.480000,0.008787,232177.000000,2657109.060000,458608520.000000,1788435770.000000,0.005812,21.733743,2001-06-30,2001-08-17,177.130125,29.356735,-53.946770,5.598256,4.054976
sz000019,2001-10-31,11.310000,11.400000,11.030000,11.380000,-0.010435,85890.000000,963873.800000,454613670.000000,1772857060.000000,0.002150,21.544432,2001-06-30,2001-08-17,175.587239,29.101024,-53.476869,5.549493,4.019655
sz000019,2001-10-30,11.610000,11.670000,11.480000,11.500000,-0.015411,51800.000000,598484.000000,459407490.000000,1791551510.000000,0.001297,21.771619,2001-06-30,2001-08-17,177.438813,29.407895,-54.040784,5.608013,4.062043
sz000019,2001-10-29,11.760000,11.760000,10.350000,11.680000,0.016536,219597.000000,2463945.440000,466598210.000000,1819593190.000000,0.005497,22.112393,2001-06-30,2001-08-17,180.216124,29.868194,-54.886642,5.695790,4.125623
sz000019,2001-10-26,11.250000,11.580000,11.250000,11.490000,0.004371,152249.000000,1739794.550000,459008000.000000,1789993640.000000,0.003811,21.752690,2001-06-30,2001-08-17,177.284547,29.382328,-53.993801,5.603137,4.058511
sz000019,2001-10-25,11.780000,11.800000,11.410000,11.440000,-0.044277,226343.000000,2625449.140000,457010580.000000,1782204290.000000,0.005666,21.658023,2001-06-30,2001-08-17,176.513009,29.254457,-53.758821,5.578752,4.040849
sz000019,2001-10-24,11.700000,12.100000,11.450000,11.970000,0.061170,739460.000000,8693094.170000,478183270.000000,1864771440.000000,0.018510,22.661402,2001-06-30,2001-08-17,184.690552,30.609765,-56.249374,5.837206,4.228054
sz000019,2001-10-23,11.090000,11.280000,10.650000,11.280000,0.100488,402151.000000,4472818.920000,450618820.000000,1757278350.000000,0.010067,21.355110,2001-06-30,2001-08-17,174.044264,28.845299,-53.006940,5.500727,3.984332
sz000019,2001-10-22,10.260000,10.650000,10.250000,10.250000,-0.037559,167300.000000,1741613.000000,409471890.000000,1596817650.000000,0.004188,19.405128,2001-06-30,2001-08-17,158.151897,26.211370,-48.166759,4.998443,3.620514
sz000019,2001-10-19,10.800000,10.950000,10.450000,10.650000,-0.030055,196030.000000,2092661.690000,425451280.000000,1659132490.000000,0.004907,20.162407,2001-06-30,2001-08-17,164.323732,27.234262,-50.046453,5.193506,3.761804
sz000019,2001-10-18,11.020000,11.200000,10.900000,10.980000,-0.011701,117370.000000,1297898.990000,438634280.000000,1710542230.000000,0.002938,20.787166,2001-06-30,2001-08-17,169.415515,28.078151,-51.597207,5.354434,3.878368
sz000019,2001-10-17,11.250000,11.250000,11.100000,11.110000,-0.008036,42400.000000,473359.000000,443827580.000000,1730794550.000000,0.001061,21.033276,2001-06-30,2001-08-17,171.421316,28.410583,-52.208094,5.417828,3.924286
sz000019,2001-10-16,11.500000,11.600000,11.180000,11.200000,-0.026087,73044.000000,822498.920000,447422940.000000,1744815390.000000,0.001828,21.203669,2001-06-30,2001-08-17,172.810017,28.640740,-52.631037,5.461718,3.956077
sz000019,2001-10-15,11.300000,11.660000,11.260000,11.500000,0.003490,88580.000000,1015252.060000,459407490.000000,1791551510.000000,0.002217,21.771625,2001-06-30,2001-08-17,177.438865,29.407904,-54.040800,5.608014,4.062044
sz000019,2001-10-12,11.080000,11.500000,10.840000,11.460000,0.034296,211747.000000,2366917.630000,457809550.000000,1785320030.000000,0.005301,21.695906,2001-06-30,2001-08-17,176.821757,29.305627,-53.852853,5.588510,4.047917
sz000019,2001-10-11,11.550000,11.560000,11.050000,11.080000,-0.036522,139930.000000,1581021.930000,442629130.000000,1726120940.000000,0.003503,20.976497,2001-06-30,2001-08-17,170.958562,28.333888,-52.067158,5.403202,3.913693
sz000019,2001-10-10,11.830000,11.830000,11.450000,11.500000,-0.033613,115400.000000,1339127.090000,459407490.000000,1791551510.000000,0.002889,21.771640,2001-06-30,2001-08-17,177.438989,29.407925,-54.040838,5.608018,4.062047
sz000019,2001-10-09,11.820000,11.980000,11.780000,11.900000,0.006768,44239.000000,526267.360000,475386880.000000,1853866350.000000,0.001107,22.528904,2001-06-30,2001-08-17,183.610695,30.430795,-55.920493,5.803077,4.203333
sz000019,2001-10-08,12.030000,12.030000,11.710000,11.820000,-0.010879,80500.000000,955305.420000,472191000.000000,1841403380.000000,0.002015,22.377454,2001-06-30,2001-08-17,182.376372,30.226224,-55.544567,5.764066,4.175076
sz000019,2001-09-28,11.980000,12.010000,11.880000,11.950000,-0.001671,77751.000000,927485.290000,477384300.000000,1861655700.000000,0.001946,22.623576,2001-06-30,2001-08-17,184.382266,30.558672,-56.155483,5.827463,4.220997
sz000019,2001-09-27,11.920000,12.110000,11.800000,11.970000,-0.002500,104840.000000,1251139.500000,478183270.000000,1864771440.000000,0.002624,22.661443,2001-06-30,2001-08-17,184.690885,30.609821,-56.249476,5.837217,4.228062
sz000019,2001-09-26,12.180000,12.300000,12.000000,12.000000,-0.013969,125310.000000,1512388.000000,479381720.000000,1869445060.000000,0.003137,22.718239,2001-06-30,2001-08-17,185.153769,30.686537,-56.390452,5.851846,4.238658
sz000019,2001-09-25,12.300000,12.380000,12.130000,12.170000,0.000822,62160.000000,758895.800000,486172970.000000,1895928860.000000,0.001556,23.040086,2001-06-30,2001-08-17,187.776824,31.121270,-57.189330,5.934749,4.298707
sz000019,2001-09-24,12.250000,12.350000,12.140000,12.160000,-0.008965,61150.000000,746123.500000,485773480.000000,1894370990.000000,0.001531,23.021162,2001-06-30,2001-08-17,187.622598,31.095709,-57.142359,5.929875,4.295176
sz000019,2001-09-21,12.220000,12.480000,12.200000,12.270000,-0.012077,67623.000000,831323.750000,490167810.000000,1911507570.000000,0.001693,23.229414,2001-06-30,2001-08-17,189.319850,31.377004,-57.659274,5.983517,4.334031
sz000019,2001-09-20,12.580000,12.650000,12.400000,12.420000,-0.009569,121927.000000,1528921.500000,496160080.000000,1934875630.000000,0.003052,23.513385,2001-06-30,2001-08-17,191.634217,31.760577,-58.364138,6.056663,4.387013
sz000019,2001-09-19,12.300000,12.540000,12.250000,12.540000,0.017857,52076.000000,643270.040000,500953900.000000,1953570080.000000,0.001304,23.740558,2001-06-30,2001-08-17,193.485681,32.067430,-58.928020,6.115179,4.429398
sz000019,2001-09-18,12.200000,12.790000,12.120000,12.320000,0.015664,139770.000000,1717534.700000,492165240.000000,1919296920.000000,0.003499,23.324061,2001-06-30,2001-08-17,190.091222,31.504848,-57.894203,6.007896,4.351690
sz000019,2001-09-17,12.620000,12.650000,12.120000,12.130000,-0.038827,252500.000000,3102582.980000,484575030.000000,1889697380.000000,0.006321,22.964347,2001-06-30,2001-08-17,187.159555,31.018967,-57.001334,5.915240,4.284576
sz000019,2001-09-14,12.880000,12.900000,12.600000,12.620000,-0.020186,139310.000000,1772473.000000,504149780.000000,1966033050.000000,0.003487,23.892002,2001-06-30,2001-08-17,194.719947,32.271991,-59.303928,6.154189,4.457653
sz000019,2001-09-13,12.920000,13.050000,12.880000,12.880000,-0.003096,65670.000000,848701.600000,514536380.000000,2006537690.000000,0.001644,24.384222,2001-06-30,2001-08-17,198.731541,32.936855,-60.525700,6.280976,4.549489
sz000019,2001-09-12,12.500000,13.090000,12.300000,12.920000,-0.021212,174383.000000,2238069.030000,516134320.000000,2012769180.000000,0.004365,24.459950,2001-06-30,2001-08-17,199.348725,33.039144,-60.713669,6.300483,4.563618
sz000019,2001-09-11,13.300000,13.300000,12.980000,13.200000,-0.001513,60476.000000,798290.400000,527319900.000000,2056389560.000000,0.001514,24.990038,2001-06-30,2001-08-17,203.668951,33.755158,-62.029438,6.437025,4.662520
sz000019,2001-09-10,12.700000,13.270000,12.700000,13.220000,0.026398,111328.000000,1453882.200000,528118870.000000,2059505300.000000,0.002787,25.027906,2001-06-30,2001-08-17,203.977569,33.806307,-62.123430,6.446779,4.669585
sz000019,2001-09-07,13.300000,13.300000,12.880000,12.880000,-0.031579,157770.000000,2050231.900000,514536380.000000,2006537690.000000,0.003949,24.384211,2001-06-30,2001-08-17,198.731456,32.936840,-60.525674,6.280974,4.549487
sz000019,2001-09-06,13.550000,13.560000,13.300000,13.300000,-0.002999,63480.000000,847810.200000,531314740.000000,2071968270.000000,0.001589,25.179350,2001-06-30,2001-08-17,205.211841,34.010870,-62.499340,6.485788,4.697841
sz000019,2001-09-05,13.350000,13.560000,13.300000,13.340000,0.000750,142000.000000,1909237.700000,532912680.000000,2078199750.000000,0.003555,25.255090,2001-06-30,2001-08-17,205.829122,34.113175,-62.687340,6.505298,4.711972
sz000019,2001-09-04,13.000000,13.350000,13.000000,13.330000,0.026965,116466.000000,1535045.170000,532513200.000000,2076641880.000000,0.002915,25.236163,2001-06-30,2001-08-17,205.674866,34.087609,-62.640359,6.500422,4.708440
sz000019,2001-09-03,13.340000,13.340000,12.970000,12.980000,-0.001538,102400.000000,1344356.300000,518531230.000000,2022116400.000000,0.002563,24.573537,2001-06-30,2001-08-17,200.274465,33.192572,-60.995613,6.329741,4.584811
sz000019,2001-08-31,13.120000,13.120000,12.900000,13.000000,-0.007634,67500.000000,877373.300000,519330200.000000,2025232140.000000,0.001690,24.611390,2001-06-30,2001-08-17,200.582962,33.243701,-61.089568,6.339491,4.591873
sz000019,2001-08-30,13.000000,13.140000,13.000000,13.100000,-0.000763,42644.000000,557867.720000,523325050.000000,2040810850.000000,0.001067,24.800718,2001-06-30,2001-08-17,202.125992,33.499435,-61.559514,6.388259,4.627197
sz000019,2001-08-29,13.100000,13.280000,13.100000,13.110000,0.000763,68472.000000,903457.120000,523724530.000000,2042368720.000000,0.001714,24.819656,2001-06-30,2001-08-17,202.280331,33.525015,-61.606519,6.393137,4.630731
sz000019,2001-08-28,13.000000,13.150000,12.780000,13.100000,0.005372,239333.000000,3108450.140000,523325050.000000,2040810850.000000,0.005991,24.800733,2001-06-30,2001-08-17,202.126109,33.499455,-61.559550,6.388263,4.627200
sz000019,2001-08-27,13.010000,13.250000,13.000000,13.030000,-0.026158,116355.000000,1523320.850000,520528660.000000,2029905760.000000,0.002913,24.668215,2001-06-30,2001-08-17,201.046090,33.320457,-61.230619,6.354128,4.602476
sz000019,2001-08-24,13.500000,13.590000,13.360000,13.380000,-0.008889,63820.000000,860235.920000,534510620.000000,2084431240.000000,0.001598,25.330819,2001-06-30,2001-08-17,206.446312,34.215465,-62.875311,6.524804,4.726101
sz000019,2001-08-23,13.300000,13.540000,13.200000,13.500000,0.001484,124190.000000,1659123.300000,539304440.000000,2103125690.000000,0.003109,25.558004,2001-06-30,2001-08-17,208.297872,34.522334,-63.439222,6.583323,4.768488
sz000019,2001-08-22,13.650000,13.650000,13.350000,13.480000,-0.014620,149840.000000,2011925.700000,538505470.000000,2100009950.000000,0.003751,25.520132,2001-06-30,2001-08-17,207.989216,34.471179,-63.345218,6.573568,4.761422
sz000019,2001-08-21,13.630000,13.790000,13.630000,13.680000,0.005882,105624.000000,1447167.880000,546495170.000000,2131167360.000000,0.002644,25.898772,2001-06-30,2001-08-17,211.075135,34.982625,-64.285066,6.671100,4.832067
sz000019,2001-08-20,13.450000,13.800000,13.450000,13.600000,0.015683,168559.000000,2301930.450000,543299290.000000,2118704400.000000,0.004219,25.747326,2001-06-30,2001-08-17,209.840851,34.778061,-63.909152,6.632090,4.803811
sz000019,2001-08-17,13.420000,13.450000,13.300000,13.390000,-0.003720,57507.000000,769848.500000,534910110.000000,2085989110.000000,0.001440,25.349766,2001-06-30,2001-08-17,206.600731,34.241058,-62.922341,6.529685,4.729636
sz000019,2001-08-16,13.700000,13.700000,13.420000,13.440000,-0.016105,80000.000000,1083821.100000,536907530.000000,2093778460.000000,0.002003,25.444419,2000-12-31,2001-04-17,212.211258,32.086417,84.785485,7.781054,4.747296
sz000019,2001-08-15,13.410000,13.680000,13.410000,13.660000,0.013353,79540.000000,1078053.500000,545696200.000000,2128051620.000000,0.001991,25.860909,2000-12-31,2001-04-17,215.684863,32.611627,86.173306,7.908419,4.825003
sz000019,2001-08-14,13.640000,13.750000,13.390000,13.480000,-0.012454,116552.000000,1580135.690000,538505470.000000,2100009950.000000,0.002918,25.520139,2000-12-31,2001-04-17,212.842773,32.181902,85.037797,7.804210,4.761423
sz000019,2001-08-13,13.700000,13.760000,13.600000,13.650000,-0.003650,160000.000000,2189934.150000,545296710.000000,2126493750.000000,0.004005,25.841975,2000-12-31,2001-04-17,215.526946,32.587750,86.110213,7.902629,4.821470
sz000019,2001-08-10,13.600000,13.800000,13.600000,13.700000,0.010324,251352.000000,3444700.520000,547294130.000000,2134283110.000000,0.006292,25.936643,2000-12-31,2001-04-17,216.316501,32.707131,86.425667,7.931579,4.839133
sz000019,2001-08-09,13.150000,13.580000,13.150000,13.560000,0.033537,353809.000000,4744603.830000,541701350.000000,2112472910.000000,0.008857,25.671610,2000-12-31,2001-04-17,214.106070,32.372913,85.542526,7.850530,4.789684
sz000019,2001-08-08,13.300000,13.300000,13.080000,13.120000,-0.006061,107160.000000,1412484.340000,524124020.000000,2043926590.000000,0.002682,24.838598,2000-12-31,2001-04-17,207.158592,31.322452,82.766776,7.595790,4.634265
sz000019,2001-08-07,13.000000,13.260000,12.970000,13.200000,0.016949,133980.000000,1759411.080000,527319900.000000,2056389560.000000,0.003354,24.990062,2000-12-31,2001-04-17,208.421837,31.513455,83.271485,7.642109,4.662524
sz000019,2001-08-06,13.310000,13.330000,12.900000,12.980000,-0.024060,192020.000000,2506772.920000,518531230.000000,2022116400.000000,0.004807,24.573565,2000-12-31,2001-04-17,204.948170,30.988235,81.883639,7.514742,4.584816
sz000019,2001-08-03,13.330000,13.360000,13.010000,13.300000,-0.002251,127548.000000,1689750.270000,531314740.000000,2071968270.000000,0.003193,25.179381,2000-12-31,2001-04-17,210.000789,31.752193,83.902329,7.700004,4.697846
sz000019,2001-08-02,13.500000,13.500000,12.900000,13.330000,-0.011128,198744.000000,2615539.580000,532513200.000000,2076641880.000000,0.004975,25.236188,2000-12-31,2001-04-17,210.474568,31.823829,84.091619,7.717376,4.708445
sz000019,2001-08-01,13.190000,13.500000,13.010000,13.480000,0.049027,328518.000000,4354750.710000,538505470.000000,2100009950.000000,0.008224,25.520176,2000-12-31,2001-04-17,212.843086,32.181949,85.037921,7.804221,4.761430
sz000019,2001-07-31,12.050000,13.420000,12.050000,12.850000,-0.027988,284136.000000,3685876.570000,513337930.000000,2001864080.000000,0.007113,24.327473,2000-12-31,2001-04-17,202.895717,30.677904,81.063616,7.439485,4.538902
sz000019,2001-07-30,14.000000,14.000000,13.200000,13.220000,-0.062411,422112.000000,5733638.320000,528118870.000000,2059505300.000000,0.010566,25.027956,2000-12-31,2001-04-17,208.737873,31.561240,83.397752,7.653697,4.669594
sz000019,2001-07-27,14.500000,14.580000,14.100000,14.100000,-0.027586,293300.000000,4192834.600000,563273530.000000,2196597940.000000,0.007342,26.693952,2000-12-31,2001-04-17,222.632596,33.662127,88.949158,8.163169,4.980428
sz000019,2001-07-26,14.710000,14.800000,14.460000,14.500000,-0.014276,189460.000000,2752851.700000,579252920.000000,2258912780.000000,0.004743,27.451221,2000-12-31,2001-04-17,228.948365,34.617073,91.472519,8.394746,5.121715
sz000019,2001-07-25,14.820000,14.900000,14.700000,14.710000,-0.011425,140331.000000,2076383.500000,587642100.000000,2291628060.000000,0.003513,27.848790,2000-12-31,2001-04-17,232.264169,35.118424,92.797293,8.516325,5.195892
sz000019,2001-07-24,14.830000,15.030000,14.710000,14.880000,-0.005348,331753.000000,4931466.350000,594433340.000000,2318111870.000000,0.008305,28.170640,2000-12-31,2001-04-17,234.948455,35.524289,93.869755,8.614749,5.255941
sz000019,2001-07-23,15.120000,15.130000,14.950000,14.960000,-0.015789,175783.000000,2639797.970000,597629220.000000,2330574840.000000,0.004400,28.322107,2000-12-31,2001-04-17,236.211715,35.715294,94.374469,8.661068,5.284201
sz000019,2001-07-20,15.000000,15.230000,14.900000,15.200000,0.013333,226630.000000,3422069.200000,607216850.000000,2367963740.000000,0.005673,28.776458,2000-12-31,2001-04-17,240.001092,36.288249,95.888452,8.800012,5.368971
sz000019,2001-07-19,14.650000,15.000000,14.610000,15.000000,0.020408,419163.000000,6238996.110000,599227160.000000,2336806320.000000,0.010493,28.397830,2000-12-31,2001-04-17,236.843261,35.810784,94.626793,8.684225,5.298329
sz000019,2001-07-18,14.950000,14.980000,14.580000,14.700000,-0.017380,246297.000000,3621309.980000,587242610.000000,2290070190.000000,0.006165,27.829878,2000-12-31,2001-04-17,232.106433,35.094574,92.734272,8.510542,5.192363
sz000019,2001-07-17,15.200000,15.200000,14.500000,14.960000,-0.022222,419459.000000,6196017.660000,597629220.000000,2330574840.000000,0.010500,28.322116,2000-12-31,2001-04-17,236.211794,35.715306,94.374501,8.661071,5.284203
sz000019,2001-07-16,15.400000,15.500000,15.180000,15.300000,-0.012266,154260.000000,2365185.500000,611211700.000000,2383542450.000000,0.003861,28.965794,2000-12-31,2001-04-17,241.580189,36.527009,96.519354,8.857912,5.404297
sz000019,2001-07-13,15.480000,15.490000,15.260000,15.490000,0.000000,146651.000000,2253999.390000,618801910.000000,2413141990.000000,0.003671,29.325501,2000-12-31,2001-04-17,244.580210,36.980614,97.717963,8.967912,5.471409
sz000019,2001-07-12,15.200000,15.490000,15.150000,15.490000,0.004540,151616.000000,2328685.560000,618801910.000000,2413141990.000000,0.003795,29.325501,2000-12-31,2001-04-17,244.580210,36.980614,97.717963,8.967912,5.471409
sz000019,2001-07-11,15.500000,15.500000,15.100000,15.420000,-0.005803,148355.000000,2273316.100000,616005520.000000,2402236900.000000,0.003714,29.192965,2000-12-31,2001-04-17,243.474834,36.813480,97.276328,8.927382,5.446681
sz000019,2001-07-10,15.100000,15.540000,15.100000,15.510000,0.013725,197999.000000,3045331.000000,619600880.000000,2416257730.000000,0.004956,29.363360,2000-12-31,2001-04-17,244.895965,37.028356,97.844117,8.979490,5.478473
sz000019,2001-07-09,15.300000,15.390000,15.150000,15.300000,-0.012266,138809.000000,2114229.970000,611211700.000000,2383542450.000000,0.003475,28.965804,2000-12-31,2001-04-17,241.580276,36.527023,96.519389,8.857915,5.404299
sz000019,2001-07-06,15.300000,15.500000,15.110000,15.490000,-0.000645,257922.000000,3947104.780000,618801910.000000,2413141990.000000,0.006456,29.325511,2000-12-31,2001-04-17,244.580298,36.980627,97.717998,8.967915,5.471411
sz000019,2001-07-05,15.520000,15.520000,15.230000,15.500000,-0.003215,308604.000000,4735538.900000,619201390.000000,2414699860.000000,0.007725,29.344438,2000-12-31,2001-04-17,244.738154,37.004495,97.781067,8.973703,5.474942
sz000019,2001-07-04,15.540000,15.600000,15.380000,15.550000,0.006537,181492.000000,2806766.140000,621198820.000000,2422489220.000000,0.004543,29.439085,2000-12-31,2001-04-17,245.527525,37.123848,98.096447,9.002647,5.492601
sz000019,2001-07-03,15.240000,15.550000,15.200000,15.540000,0.021696,248761.000000,3816591.580000,620799330.000000,2420931350.000000,0.006227,29.247891,2000-12-31,2001-04-17,243.932935,36.882746,97.459355,8.944179,5.456929
sz000019,2001-07-02,15.450000,15.460000,15.200000,15.210000,-0.014258,250859.000000,3845029.650000,607616340.000000,2369521610.000000,0.006280,28.626804,2000-12-31,2001-04-17,238.752951,36.099530,95.389778,8.754246,5.341050
sz000019,2001-06-29,15.510000,15.540000,15.400000,15.430000,-0.001940,245129.000000,3794069.070000,616405000.000000,2403794770.000000,0.006136,29.040869,2000-12-31,2001-04-17,242.206329,36.621682,96.769518,8.880870,5.418304
sz000019,2001-06-28,15.630000,15.790000,15.420000,15.460000,-0.008339,377777.000000,5864217.590000,617603450.000000,2408468380.000000,0.009457,29.097318,2000-12-31,2001-04-17,242.677123,36.692866,96.957616,8.898132,5.428836
sz000019,2001-06-27,15.890000,15.930000,15.560000,15.590000,-0.018880,355310.000000,5581659.900000,622796760.000000,2428720700.000000,0.008894,29.342001,2000-12-31,2001-04-17,244.717825,37.001421,97.772944,8.972958,5.474488
sz000019,2001-06-26,15.930000,15.950000,15.710000,15.890000,-0.002511,360657.000000,5717580.510000,634781300.000000,2475456830.000000,0.009028,29.906638,2000-12-31,2001-04-17,249.427007,37.713451,99.654420,9.145627,5.579835
sz000019,2001-06-25,15.510000,15.950000,15.510000,15.930000,0.028405,434609.000000,6867294.080000,636379240.000000,2481688310.000000,0.010879,29.981923,2000-12-31,2001-04-17,250.054895,37.808388,99.905282,9.168650,5.593881
sz000019,2001-06-22,15.520000,15.650000,15.400000,15.490000,-0.001933,335650.000000,5208449.140000,618801910.000000,2413141990.000000,0.008402,29.153809,2000-12-31,2001-04-17,243.148268,36.764104,97.145854,8.915408,5.439376
sz000019,2001-06-21,15.450000,15.600000,15.400000,15.520000,0.005833,257138.000000,3981670.900000,620000360.000000,2417815610.000000,0.006437,29.210272,2000-12-31,2001-04-17,243.619184,36.835306,97.334001,8.932674,5.449910
sz000019,2001-06-20,15.350000,15.720000,15.330000,15.430000,0.005212,451424.000000,7009084.040000,616405000.000000,2403794770.000000,0.011300,29.040877,2000-12-31,2001-04-17,242.206394,36.621692,96.769544,8.880872,5.418305
sz000019,2001-06-19,15.040000,15.500000,14.950000,15.350000,0.017230,743941.000000,11238326.410000,613209120.000000,2391331800.000000,0.018623,28.890301,2000-12-31,2001-04-17,240.950560,36.431809,96.267796,8.834825,5.390212
sz000019,2001-06-18,15.730000,15.730000,14.910000,15.090000,-0.040687,889449.000000,13557531.080000,602822520.000000,2350827160.000000,0.022265,28.400952,2000-12-31,2001-04-17,236.869302,35.814722,94.637197,8.685180,5.298911
sz000019,2001-06-15,15.480000,15.850000,15.450000,15.730000,0.006398,970804.000000,15171566.220000,628389540.000000,2450530890.000000,0.024301,29.605512,2000-12-31,2001-04-17,246.915555,37.333719,98.651011,9.053541,5.523652
sz000019,2001-06-14,16.180000,16.290000,15.600000,15.630000,-0.042279,1479160.000000,23583794.460000,624394700.000000,2434952190.000000,0.037027,29.417300,2000-12-31,2001-04-17,245.345832,37.096376,98.023854,8.995985,5.488537
sz000019,2001-06-13,16.410000,16.580000,16.230000,16.320000,-0.005484,1264343.000000,20753288.820000,651959140.000000,2542445280.000000,0.031649,30.715939,2000-12-31,2001-04-17,256.176728,38.734011,102.351159,9.393116,5.730830
sz000019,2001-06-12,16.400000,16.750000,16.210000,16.410000,-0.007860,1002694.000000,16464107.950000,655554510.000000,2556466110.000000,0.025100,30.885314,2000-12-31,2001-04-17,257.589348,38.947600,102.915548,9.444912,5.762432
sz000019,2001-06-11,16.500000,16.790000,16.320000,16.540000,0.003032,1535401.000000,25388279.670000,660747810.000000,2576718440.000000,0.038435,31.129996,2000-12-31,2001-04-17,259.630040,39.256153,103.730872,9.519737,5.808083
sz000019,2001-06-08,16.800000,17.200000,16.450000,16.490000,-0.005428,3546999.000000,59759191.040000,658750390.000000,2568929080.000000,0.088789,31.035895,2000-12-31,2001-04-17,258.845221,39.137488,103.417311,9.490961,5.790526
sz000019,2001-06-07,16.500000,16.820000,16.320000,16.580000,0.009130,2001312.000000,33258026.900000,662345750.000000,2582949920.000000,0.050097,31.205277,2000-12-31,2001-04-17,260.257901,39.351086,103.981724,9.542759,5.822129
sz000019,2001-06-06,16.000000,16.450000,15.800000,16.430000,0.027517,1608137.000000,25895355.040000,656353480.000000,2559581860.000000,0.040255,30.922951,2000-12-31,2001-04-17,257.903245,38.995061,103.040960,9.456422,5.769454
sz000019,2001-06-05,16.260000,16.300000,15.920000,15.990000,-0.015394,932003.000000,14937441.390000,638776150.000000,2491035540.000000,0.023330,30.094831,2000-12-31,2001-04-17,250.996572,37.950770,100.281514,9.203178,5.614947
sz000019,2001-06-04,15.990000,16.350000,15.890000,16.240000,0.021384,1406367.000000,22698700.530000,648763270.000000,2529982310.000000,0.035205,30.565354,2000-12-31,2001-04-17,254.920823,38.544118,101.849383,9.347067,5.702735
sz000019,2001-06-01,15.970000,16.180000,15.700000,15.900000,0.005693,1269995.000000,20237081.140000,635180780.000000,2477014700.000000,0.031791,29.925429,2000-12-31,2001-04-17,249.583725,37.737147,99.717034,9.151374,5.583341
sz000019,2001-05-31,15.880000,15.960000,15.780000,15.810000,0.003173,1930409.000000,30683887.630000,631585420.000000,2462993860.000000,0.048322,29.756028,2000-12-31,2001-04-17,248.170888,37.523525,99.152558,9.099570,5.551735
sz000019,2001-05-30,15.350000,15.820000,15.350000,15.760000,0.030065,2319320.000000,36206806.860000,629588000.000000,2455204510.000000,0.058058,29.661911,2000-12-31,2001-04-17,247.385932,37.404840,98.838942,9.070788,5.534175
sz000019,2001-05-29,15.080000,15.360000,14.900000,15.300000,0.012574,997573.000000,15128180.570000,611211700.000000,2383542450.000000,0.024971,28.796154,2000-12-31,2001-04-17,240.165361,36.313087,95.954083,8.806035,5.372646
sz000019,2001-05-28,15.270000,15.280000,14.300000,15.110000,-0.011126,678352.000000,10238994.940000,603621490.000000,2353942900.000000,0.016981,28.438568,2000-12-31,2001-04-17,237.183021,35.862156,94.762539,8.696683,5.305930
sz000019,2001-05-25,15.350000,15.480000,15.080000,15.280000,-0.003262,763711.000000,11664006.630000,610412730.000000,2380426700.000000,0.019117,28.758535,2000-12-31,2001-04-17,239.851610,36.265648,95.828729,8.794531,5.365627
sz000019,2001-05-24,15.200000,15.350000,15.050000,15.330000,0.009881,705360.000000,10753930.560000,612410150.000000,2388216060.000000,0.017657,28.852652,2000-12-31,2001-04-17,240.636567,36.384333,96.142346,8.823312,5.383187
sz000019,2001-05-23,15.300000,15.450000,14.900000,15.180000,-0.012362,864448.000000,13086601.300000,606417880.000000,2364848000.000000,0.021639,28.570349,2000-12-31,2001-04-17,238.282101,36.028337,95.201658,8.736982,5.330517
sz000019,2001-05-22,15.460000,15.550000,15.200000,15.370000,-0.005178,699681.000000,10720766.510000,614008090.000000,2394447540.000000,0.017515,28.927956,2000-12-31,2001-04-17,241.264615,36.479294,96.393272,8.846341,5.397237
sz000019,2001-05-21,14.900000,15.450000,14.830000,15.450000,0.042510,1777750.000000,27201951.630000,617203970.000000,2406910510.000000,0.044501,29.078525,2000-12-31,2001-04-17,242.520385,36.669167,96.894994,8.892385,5.425330
sz000019,2001-05-18,15.000000,15.100000,14.690000,14.820000,-0.015282,694675.000000,10287479.250000,592036430.000000,2308764640.000000,0.017389,27.892802,2000-12-31,2001-04-17,232.631232,35.173924,92.943947,8.529784,5.204103
sz000019,2001-05-16,15.140000,15.350000,15.050000,15.050000,0.000000,2676132.000000,40784391.400000,601224580.000000,2344595670.000000,0.066990,28.325675,2000-12-31,2001-04-17,236.241474,35.719794,94.386359,8.662159,5.284867
sz000019,2001-05-15,14.980000,15.100000,14.640000,15.050000,0.010067,1371695.000000,20417373.690000,601224580.000000,2344595670.000000,0.034337,28.325675,2000-12-31,2001-04-17,236.241474,35.719794,94.386359,8.662159,5.284867
sz000019,2001-05-14,14.800000,14.980000,14.800000,14.900000,0.010855,663861.000000,9887189.000000,595232310.000000,2321227610.000000,0.016618,28.043362,2000-12-31,2001-04-17,233.886934,35.363787,93.445642,8.575826,5.232194
sz000019,2001-05-11,14.700000,14.950000,14.600000,14.740000,0.005457,479309.000000,7083832.000000,588840550.000000,2296301680.000000,0.011998,27.742220,2000-12-31,2001-04-17,231.375355,34.984035,92.442182,8.483735,5.176008
sz000019,2001-05-10,14.490000,14.700000,14.260000,14.660000,0.016644,332986.000000,4818742.030000,585644670.000000,2283838710.000000,0.008335,27.591653,2000-12-31,2001-04-17,230.119592,34.794163,91.940463,8.437691,5.147916
sz000019,2001-05-09,14.250000,14.450000,14.250000,14.420000,0.012640,227429.000000,3265852.980000,576057040.000000,2246449810.000000,0.005693,27.139936,2000-12-31,2001-04-17,226.352186,34.224530,90.435258,8.299553,5.063637
sz000019,2001-05-08,14.210000,14.480000,14.090000,14.240000,0.010646,164820.000000,2358180.870000,568866310.000000,2218408130.000000,0.004126,26.801169,2000-12-31,2001-04-17,223.526807,33.797332,89.306425,8.195956,5.000432
sz000019,2001-04-30,14.190000,14.280000,14.060000,14.090000,-0.007047,240822.000000,3400711.580000,562874040.000000,2195040070.000000,0.006028,26.518849,2000-12-31,2001-04-17,221.172208,33.441316,88.365684,8.109621,4.947758
sz000019,2001-04-27,14.300000,14.360000,14.160000,14.190000,-0.007692,387101.000000,5512534.810000,566868890.000000,2210618780.000000,0.009690,26.707054,2000-12-31,2001-04-17,222.741870,33.678649,88.992816,8.167175,4.982872
sz000019,2001-04-26,14.500000,14.620000,14.300000,14.300000,-0.014473,431710.000000,6213134.900000,571263220.000000,2227755360.000000,0.010807,26.914077,2000-12-31,2001-04-17,224.468481,33.939713,89.682655,8.230484,5.021497
sz000019,2001-04-25,15.150000,15.150000,14.480000,14.510000,-0.032667,947555.000000,13949300.960000,579652400.000000,2260470650.000000,0.023719,27.309325,2000-12-31,2001-04-17,227.764923,34.438136,90.999694,8.351353,5.095241
sz000019,2001-04-24,14.760000,15.060000,14.760000,15.000000,0.017639,1255954.000000,18770028.310000,599227160.000000,2336806320.000000,0.031439,28.231565,2000-12-31,2001-04-17,235.456583,35.601118,94.072769,8.633380,5.267308
sz000019,2001-04-23,14.500000,14.770000,14.490000,14.740000,0.017253,876512.000000,12844926.680000,588840550.000000,2296301680.000000,0.021941,27.742220,2000-12-31,2001-04-17,231.375354,34.984035,92.442181,8.483735,5.176008
sz000019,2001-04-20,14.900000,14.950000,14.460000,14.490000,-0.022267,926060.000000,13590510.720000,578853430.000000,2257354910.000000,0.023181,27.271702,2000-12-31,2001-04-17,227.451139,34.390692,90.874327,8.339848,5.088221
sz000019,2001-04-19,14.300000,14.840000,14.300000,14.820000,0.037089,2642920.000000,38768471.940000,592036430.000000,2308764640.000000,0.066158,27.892790,2000-12-31,2001-04-17,232.631137,35.173910,92.943909,8.529781,5.204101
sz000019,2001-04-18,13.990000,14.370000,13.930000,14.290000,0.030281,892986.000000,12666761.800000,570863740.000000,2226197490.000000,0.022353,26.895272,2000-12-31,2001-04-17,224.311642,33.915999,89.619993,8.224734,5.017989
sz000019,2001-04-17,14.080000,14.080000,13.760000,13.870000,-0.021862,574580.000000,7969674.300000,554085380.000000,2160766910.000000,0.014383,26.104792,2000-12-31,2001-04-17,217.718896,32.919174,86.985971,7.983000,4.870505
sz000019,2001-04-16,14.050000,14.350000,13.920000,14.180000,0.009253,528257.000000,7431896.620000,566469400.000000,2209060910.000000,0.013223,26.688251,2000-06-30,2000-08-11,83.622806,45.046236,158.096966,9.553519,4.979364
sz000019,2001-04-13,14.180000,14.180000,13.950000,14.050000,-0.005662,330119.000000,4625422.100000,561276100.000000,2188808590.000000,0.008264,26.443569,2000-06-30,2000-08-11,82.856138,44.633245,156.647507,9.465930,4.933712
sz000019,2001-04-12,14.160000,14.270000,13.950000,14.130000,0.001417,277831.000000,3928884.460000,564471980.000000,2201271550.000000,0.006955,26.594145,2000-06-30,2000-08-11,83.327940,44.887397,157.539495,9.519832,4.961806
sz000019,2001-04-11,14.400000,14.420000,14.100000,14.110000,-0.019458,358970.000000,5105491.330000,563673010.000000,2198155810.000000,0.008986,26.556514,2000-06-30,2000-08-11,83.210032,44.823882,157.316578,9.506361,4.954785
sz000019,2001-04-10,14.080000,14.420000,14.080000,14.390000,0.019122,403573.000000,5766443.320000,574858580.000000,2241776200.000000,0.010102,27.083505,2000-06-30,2000-08-11,84.861262,45.713373,160.438388,9.695007,5.053109
sz000019,2001-04-09,14.050000,14.300000,13.910000,14.120000,0.006415,273767.000000,3858860.800000,564072500.000000,2199713680.000000,0.006853,26.575331,2000-06-30,2000-08-11,83.268993,44.855643,157.428049,9.513097,4.958296
sz000019,2001-04-06,14.000000,14.150000,13.980000,14.030000,0.000713,247754.000000,3479168.080000,560477130.000000,2185692840.000000,0.006202,26.405937,2000-06-30,2000-08-11,82.738227,44.569728,156.424585,9.452460,4.926691
sz000019,2001-04-05,13.800000,14.050000,13.800000,14.020000,0.009359,293550.000000,4094119.700000,560077650.000000,2184134970.000000,0.007348,26.387123,2000-06-30,2000-08-11,82.679277,44.537973,156.313134,9.445725,4.923181
sz000019,2001-04-04,14.170000,14.250000,13.780000,13.890000,-0.024579,426143.000000,5983882.940000,554884350.000000,2163882650.000000,0.010667,26.142456,2000-06-30,2000-08-11,81.912656,44.125007,154.863764,9.358142,4.877532
sz000019,2001-04-03,14.370000,14.400000,14.050000,14.240000,-0.009047,192239.000000,2726449.490000,568866310.000000,2218408130.000000,0.004812,26.801203,2000-06-30,2000-08-11,83.976720,45.236884,158.766075,9.593952,5.000438
sz000019,2001-04-02,14.100000,14.490000,14.000000,14.370000,0.016985,372667.000000,5326055.510000,574059610.000000,2238660450.000000,0.009329,27.045887,2000-06-30,2000-08-11,84.743393,45.649879,160.215545,9.681541,5.046090
sz000019,2001-03-30,13.980000,14.200000,13.960000,14.130000,0.010730,519759.000000,7300045.860000,564471980.000000,2201271550.000000,0.013011,26.594185,2000-06-30,2000-08-11,83.328066,44.887465,157.539733,9.519846,4.961814
sz000019,2001-03-29,14.220000,14.250000,13.970000,13.980000,-0.020322,664550.000000,9338458.810000,558479710.000000,2177903490.000000,0.016635,26.311859,2000-06-30,2000-08-11,82.443448,44.410936,155.867277,9.418782,4.909138
sz000019,2001-03-28,14.450000,14.580000,14.150000,14.270000,-0.012457,633931.000000,9023719.030000,570064770.000000,2223081750.000000,0.015869,26.857660,2000-06-30,2000-08-11,84.153618,45.332176,159.100518,9.614161,5.010971
sz000019,2001-03-27,14.500000,14.600000,14.300000,14.450000,0.000693,460475.000000,6653379.260000,577255490.000000,2251123420.000000,0.011527,27.196446,2000-06-30,2000-08-11,85.215143,45.904002,161.107433,9.735436,5.074181
sz000019,2001-03-26,13.990000,14.450000,13.920000,14.440000,0.026297,740122.000000,10586999.910000,576856010.000000,2249565550.000000,0.018527,27.177612,2000-06-30,2000-08-11,85.156130,45.872213,160.995863,9.728694,5.070667
sz000019,2001-03-23,14.700000,14.980000,13.900000,14.070000,-0.039590,1685107.000000,24547547.580000,562075070.000000,2191924330.000000,0.042182,26.481235,2000-06-30,2000-08-11,82.974158,44.696821,156.870636,9.479414,4.940740
sz000019,2001-03-22,14.480000,14.680000,14.300000,14.650000,0.011740,837324.000000,12164560.430000,585245190.000000,2282280840.000000,0.020960,27.572844,2000-06-30,2000-08-11,86.394517,46.539312,163.337154,9.870174,5.144407
sz000019,2001-03-21,14.430000,14.550000,14.200000,14.480000,0.006254,670837.000000,9656745.010000,578453950.000000,2255797030.000000,0.016793,27.252895,2000-06-30,2000-08-11,85.392015,45.999281,161.441827,9.755643,5.084712
sz000019,2001-03-20,14.150000,14.460000,14.090000,14.390000,0.021292,1072220.000000,15304475.490000,574858580.000000,2241776200.000000,0.026840,27.083515,2000-06-30,2000-08-11,84.861292,45.713389,160.438445,9.695010,5.053110
sz000019,2001-03-19,13.790000,14.320000,13.540000,14.090000,0.031479,790111.000000,11002970.190000,562874040.000000,2195040070.000000,0.019778,26.518875,2000-06-30,2000-08-11,83.092095,44.760352,157.093607,9.492887,4.947763
sz000019,2001-03-16,13.850000,13.880000,13.500000,13.660000,-0.008708,393814.000000,5371283.010000,545696200.000000,2128051620.000000,0.009858,25.709563,2000-06-30,2000-08-11,80.556265,43.394341,152.299375,9.203181,4.796765
sz000019,2001-03-15,13.850000,13.990000,13.660000,13.780000,-0.004335,527673.000000,7303080.460000,550490010.000000,2146746070.000000,0.013209,25.935409,2000-06-30,2000-08-11,81.263911,43.775539,153.637249,9.284026,4.838902
sz000019,2001-03-14,13.500000,13.900000,13.400000,13.840000,0.019897,494737.000000,6815345.250000,552886920.000000,2156093300.000000,0.012384,26.048328,2000-06-30,2000-08-11,81.617724,43.966132,154.306166,9.324447,4.859970
sz000019,2001-03-13,13.940000,13.950000,13.500000,13.570000,-0.023038,468605.000000,6408056.690000,542100830.000000,2114030780.000000,0.011730,25.540156,2000-06-30,2000-08-11,80.025457,43.108404,151.295833,9.142538,4.765158
sz000019,2001-03-12,13.620000,13.940000,13.620000,13.890000,0.024336,608785.000000,8415990.510000,554884350.000000,2163882650.000000,0.015239,26.142425,2000-06-30,2000-08-11,81.912559,44.124954,154.863580,9.358131,4.877526
sz000019,2001-03-09,13.610000,13.760000,13.420000,13.560000,-0.002208,703205.000000,9602031.600000,541701350.000000,2112472910.000000,0.017603,25.521338,2000-06-30,2000-08-11,79.966494,43.076641,151.184357,9.135802,4.761647
sz000019,2001-03-08,13.010000,13.750000,12.920000,13.590000,0.045385,962259.000000,12950588.310000,542899800.000000,2117146530.000000,0.024088,25.577814,2000-06-30,2000-08-11,80.143451,43.171965,151.518911,9.156018,4.772184
sz000019,2001-03-07,13.100000,13.200000,12.910000,13.000000,-0.003831,330645.000000,4332564.500000,519330200.000000,2025232140.000000,0.008277,24.467362,2000-06-30,2000-08-11,76.664053,41.297670,144.940774,8.758513,4.565001
sz000019,2001-03-06,12.750000,13.100000,12.750000,13.050000,0.023529,226776.000000,2925579.850000,521327620.000000,2033021500.000000,0.005677,24.561457,2000-06-30,2000-08-11,76.958882,41.456490,145.498177,8.792196,4.582557
sz000019,2001-03-05,13.070000,13.110000,12.750000,12.750000,-0.022989,311917.000000,4034815.050000,509343080.000000,1986285370.000000,0.007808,23.996836,2000-06-30,2000-08-11,75.189743,40.503484,142.153449,8.590080,4.477213
sz000019,2001-03-02,13.000000,13.200000,13.000000,13.050000,0.003846,348083.000000,4560890.970000,521327620.000000,2033021500.000000,0.008713,24.561480,2000-06-30,2000-08-11,76.958952,41.456528,145.498310,8.792204,4.582561
sz000019,2001-03-01,12.960000,13.050000,12.910000,13.000000,0.006192,327030.000000,4249002.020000,519330200.000000,2025232140.000000,0.008186,24.467378,2000-06-30,2000-08-11,76.664102,41.297697,144.940867,8.758519,4.565004
sz000019,2001-02-28,13.000000,13.100000,12.550000,12.920000,0.001550,654695.000000,8476879.720000,516134320.000000,2012769180.000000,0.016388,24.316808,2000-06-30,2000-08-11,76.192319,41.043555,144.048916,8.704620,4.536912
sz000019,2001-02-27,12.450000,12.900000,12.350000,12.900000,0.042003,569052.000000,7246017.750000,515335350.000000,2009653440.000000,0.014245,24.279176,2000-06-30,2000-08-11,76.074404,40.980036,143.825986,8.691149,4.529890
sz000019,2001-02-26,12.400000,12.460000,12.260000,12.380000,0.000000,219515.000000,2709728.000000,494562150.000000,1928644150.000000,0.005495,23.300485,2000-06-30,2000-08-11,73.007855,39.328136,138.028380,8.340810,4.347291
sz000019,2001-02-23,12.100000,12.400000,12.000000,12.380000,0.023987,349194.000000,4286859.700000,494562150.000000,1928644150.000000,0.008741,23.300485,2000-06-30,2000-08-11,73.007855,39.328136,138.028380,8.340810,4.347291
sz000019,2001-02-22,11.880000,12.450000,11.710000,12.090000,0.010870,482810.000000,5845455.010000,482977090.000000,1883465890.000000,0.012086,22.754669,2000-06-30,2000-08-11,71.297638,38.406871,134.795051,8.145425,4.245455
sz000019,2001-02-21,12.910000,12.920000,11.650000,11.960000,-0.073586,1114738.000000,13553818.300000,477783780.000000,1863213570.000000,0.027904,22.509986,2000-06-30,2000-08-11,70.530967,37.993877,133.345584,8.057837,4.199804
sz000019,2001-02-20,13.300000,13.380000,12.850000,12.910000,-0.023449,581264.000000,7613939.450000,515734840.000000,2011211310.000000,0.014550,24.297976,2000-06-30,2000-08-11,76.133313,41.011769,143.937359,8.697879,4.533398
sz000019,2001-02-19,12.710000,13.470000,12.520000,13.220000,0.041765,441706.000000,5788151.620000,528118870.000000,2059505300.000000,0.011057,24.881421,2000-06-30,2000-08-11,77.961430,41.996546,147.393591,8.906733,4.642254
sz000019,2001-02-16,12.400000,12.760000,12.400000,12.690000,0.013578,189487.000000,2376888.870000,506946170.000000,1976938150.000000,0.004743,23.883909,2000-06-30,2000-08-11,74.835909,40.312879,141.484491,8.549656,4.456144
sz000019,2001-02-15,12.880000,12.920000,12.510000,12.520000,-0.027950,198311.000000,2512298.610000,500154930.000000,1950454340.000000,0.004964,23.563958,2000-06-30,2000-08-11,73.833399,39.772843,139.589150,8.435124,4.396449
sz000019,2001-02-14,12.750000,12.880000,12.750000,12.880000,0.010196,156407.000000,2003108.760000,514536380.000000,2006537690.000000,0.003915,24.241508,2000-06-30,2000-08-11,75.956380,40.916458,143.602850,8.677665,4.522863
sz000019,2001-02-13,12.510000,12.930000,12.500000,12.750000,0.013514,384089.000000,4859582.120000,509343080.000000,1986285370.000000,0.009615,23.996836,2000-06-30,2000-08-11,75.189745,40.503485,142.153453,8.590080,4.477213
sz000019,2001-02-12,12.800000,12.800000,12.380000,12.580000,-0.012559,286808.000000,3597669.640000,502551840.000000,1959801570.000000,0.007179,23.676867,2000-06-30,2000-08-11,74.187179,39.963419,140.258006,8.475542,4.417515
sz000019,2001-02-09,12.600000,12.940000,12.510000,12.740000,0.013524,448372.000000,5713891.320000,508943600.000000,1984727500.000000,0.011224,23.978007,2000-06-30,2000-08-11,75.130746,40.471703,142.041911,8.583340,4.473700
sz000019,2001-02-08,13.100000,13.210000,12.520000,12.570000,-0.061940,827878.000000,10716864.160000,502152360.000000,1958243700.000000,0.020724,23.658056,2000-06-30,2000-08-11,74.128236,39.931667,140.146569,8.468808,4.414005
sz000019,2001-02-07,13.650000,13.700000,13.400000,13.400000,-0.011070,114666.000000,1549603.400000,535309590.000000,2087546980.000000,0.002870,25.220194,2000-06-30,2000-08-11,79.022916,42.568351,149.400431,9.028002,4.705461
sz000019,2001-02-06,13.530000,13.740000,13.350000,13.550000,-0.015262,187419.000000,2528902.900000,541301860.000000,2110915040.000000,0.004692,25.502507,2000-06-30,2000-08-11,79.907492,43.044858,151.072807,9.129061,4.758134
sz000019,2001-02-05,14.270000,14.280000,13.000000,13.760000,-0.031668,171325.000000,2401523.500000,549691040.000000,2143630330.000000,0.004289,25.897759,2000-06-30,2000-08-11,81.145941,43.711990,153.414215,9.270548,4.831878
sz000019,2001-01-19,14.000000,14.250000,13.980000,14.210000,0.017180,183244.000000,2589430.370000,567667860.000000,2213734520.000000,0.004587,26.744710,2000-06-30,2000-08-11,83.799710,45.141532,158.431421,9.573729,4.989898
sz000019,2001-01-18,14.120000,14.120000,13.900000,13.970000,-0.009922,192642.000000,2695313.050000,558080220.000000,2176345620.000000,0.004822,26.292996,2000-06-30,2000-08-11,82.384347,44.379099,155.755541,9.412030,4.905619
sz000019,2001-01-17,14.200000,14.250000,14.090000,14.110000,-0.006338,170345.000000,2408466.860000,563673010.000000,2198155810.000000,0.004264,26.556490,2000-06-30,2000-08-11,83.209956,44.823841,157.316435,9.506353,4.954781
sz000019,2001-01-16,14.000000,14.390000,13.900000,14.200000,0.004954,369528.000000,5216044.930000,567268370.000000,2212176650.000000,0.009250,26.725879,2000-06-30,2000-08-11,83.740705,45.109747,158.319866,9.566988,4.986384
sz000019,2001-01-15,14.830000,14.850000,14.010000,14.130000,-0.054217,608700.000000,8795626.100000,564471980.000000,2201271550.000000,0.015237,26.594131,2000-06-30,2000-08-11,83.327898,44.887375,157.539416,9.519827,4.961804
sz000019,2001-01-12,15.050000,15.150000,14.810000,14.940000,-0.012558,502718.000000,7493807.960000,596830250.000000,2327459090.000000,0.012584,28.118640,2000-06-30,2000-08-11,88.104669,47.460543,166.570361,10.065551,5.246239
sz000019,2001-01-11,15.470000,15.470000,15.110000,15.130000,-0.020712,374994.000000,5725940.790000,604420460.000000,2357058640.000000,0.009387,28.476244,2000-06-30,2000-08-11,89.225159,48.064132,168.688754,10.193562,5.312959
sz000019,2001-01-10,15.180000,15.480000,15.180000,15.450000,0.019129,438100.000000,6741387.710000,617203970.000000,2406910510.000000,0.010967,29.078519,2000-06-30,2000-08-11,91.112276,49.080692,172.256532,10.409156,5.425328
sz000019,2001-01-09,15.210000,15.990000,14.910000,15.160000,-0.003287,489266.000000,7509902.850000,605618910.000000,2361732250.000000,0.012247,28.532716,2000-06-30,2000-08-11,89.402103,48.159450,169.023285,10.213777,5.323495
sz000019,2001-01-08,14.950000,15.260000,14.830000,15.210000,0.018754,600835.000000,9046409.890000,607616340.000000,2369521610.000000,0.015040,28.626813,2000-06-30,2000-08-11,89.696937,48.318272,169.580697,10.247460,5.341051
sz000019,2001-01-05,14.800000,15.050000,14.800000,14.930000,0.000000,437841.000000,6545836.830000,596430760.000000,2325901220.000000,0.010960,28.099828,2000-06-30,2000-08-11,88.045728,47.428792,166.458926,10.058817,5.242729
sz000019,2001-01-04,14.860000,15.000000,14.800000,14.930000,0.001341,367982.000000,5485538.730000,596430760.000000,2325901220.000000,0.009211,28.099828,2000-06-30,2000-08-11,88.045728,47.428792,166.458926,10.058817,5.242729
sz000019,2001-01-03,14.950000,15.000000,14.790000,14.910000,-0.002676,503919.000000,7508723.470000,595631790.000000,2322785480.000000,0.012614,28.062197,2000-06-30,2000-08-11,87.927816,47.365275,166.236004,10.045346,5.235708
sz000019,2001-01-02,14.920000,14.990000,14.720000,14.950000,0.000000,517530.000000,7680949.190000,597229730.000000,2329016970.000000,0.012955,28.137493,2000-06-30,2000-08-11,88.163743,47.492365,166.682045,10.072300,5.249756
sz000019,2000-12-29,15.100000,15.100000,14.900000,14.950000,0.002011,352896.000000,5292072.110000,597229730.000000,2329016970.000000,0.008834,28.137493,2000-06-30,2000-08-11,88.163743,47.492365,166.682045,10.072300,5.249756
sz000019,2000-12-28,14.500000,15.080000,14.500000,14.920000,0.019822,394255.000000,5851850.140000,596031280.000000,2324343350.000000,0.009869,28.081022,2000-06-30,2000-08-11,87.986801,47.397049,166.347520,10.052085,5.239220
sz000019,2000-12-27,14.950000,14.950000,14.600000,14.630000,-0.022712,786442.000000,11564042.170000,584446220.000000,2279165100.000000,0.019686,27.535219,2000-06-30,2000-08-11,86.276626,46.475806,163.114269,9.856705,5.137387
sz000019,2000-12-26,14.980000,15.240000,14.900000,14.970000,-0.002665,674131.000000,10144833.450000,598028700.000000,2332132710.000000,0.016875,28.175132,2000-06-30,2000-08-11,88.281679,47.555896,166.905016,10.085773,5.256779
sz000019,2000-12-25,15.400000,15.400000,14.820000,15.010000,-0.032237,1044589.000000,15764849.820000,599626640.000000,2338364190.000000,0.026148,28.250420,2000-06-30,2000-08-11,88.517579,47.682971,167.351006,10.112724,5.270826
sz000019,2000-12-22,15.500000,16.000000,15.500000,15.510000,0.018333,3222792.000000,50832717.570000,619600880.000000,2416257730.000000,0.080674,29.191465,2000-06-30,2000-08-11,91.466174,49.271331,172.925609,10.449587,5.446401
sz000019,2000-12-21,17.890000,18.380000,17.700000,18.300000,0.028668,3424922.000000,62019302.100000,562242500.000000,2572461820.000000,0.111475,28.665933,2000-06-30,2000-08-11,89.819513,48.384301,169.812438,10.261464,5.348350
sz000019,2000-12-20,17.980000,18.150000,17.620000,17.790000,-0.004477,2039226.000000,36408027.280000,546573450.000000,2500770260.000000,0.066373,27.867040,2000-06-30,2000-08-11,87.316328,47.035877,165.079926,9.975487,5.199297
sz000019,2000-12-19,17.580000,18.020000,17.510000,17.870000,0.024656,1994166.000000,35569661.080000,549031340.000000,2512015990.000000,0.064907,27.992362,2000-06-30,2000-08-11,87.709001,47.247403,165.822313,10.020348,5.222679
sz000019,2000-12-18,17.150000,17.450000,17.150000,17.440000,0.024075,1401129.000000,24279112.670000,535820180.000000,2451570170.000000,0.045604,27.318790,2000-06-30,2000-08-11,85.598485,46.110503,161.832179,9.779231,5.097007
sz000019,2000-12-15,16.600000,17.050000,16.600000,17.030000,0.025286,857309.000000,14512203.350000,523223490.000000,2393935780.000000,0.027904,26.676552,2000-06-30,2000-08-11,83.586149,45.026490,158.027663,9.549331,4.977181
sz000019,2000-12-14,16.700000,16.900000,16.610000,16.610000,-0.010131,612700.000000,10246980.340000,510319560.000000,2334895670.000000,0.019942,26.018644,2000-06-30,2000-08-11,81.524715,43.916029,154.130323,9.313821,4.854432
sz000019,2000-12-13,17.100000,17.100000,16.750000,16.780000,-0.016413,630508.000000,10656585.890000,515542580.000000,2358792860.000000,0.020522,26.284937,2000-06-30,2000-08-11,82.359095,44.365496,155.707799,9.409146,4.904116
sz000019,2000-12-12,17.100000,17.140000,16.800000,17.060000,0.000000,1065927.000000,18091242.540000,524145200.000000,2398152930.000000,0.034694,26.723551,2000-06-30,2000-08-11,83.733411,45.105818,158.306077,9.566155,4.985950
sz000019,2000-12-11,16.880000,17.300000,16.750000,17.060000,0.024010,1482642.000000,25300439.310000,524145200.000000,2398152930.000000,0.048257,26.723551,2000-06-30,2000-08-11,83.733411,45.105818,158.306077,9.566155,4.985950
sz000019,2000-12-08,16.940000,17.150000,16.600000,16.660000,-0.013618,1328519.000000,22473626.140000,511855740.000000,2341924260.000000,0.043241,26.096963,2000-06-30,2000-08-11,81.770111,44.048220,154.594268,9.341857,4.869044
sz000019,2000-12-07,16.180000,16.980000,16.150000,16.890000,0.061596,2855013.000000,47878765.510000,518922180.000000,2374255740.000000,0.092926,26.457258,2000-06-30,2000-08-11,82.899030,44.656350,156.728598,9.470831,4.936266
sz000019,2000-12-06,15.900000,16.200000,15.800000,15.910000,0.000629,756107.000000,12088609.300000,488813020.000000,2236495490.000000,0.024610,24.922153,2000-06-30,2000-08-11,78.089056,42.065296,147.634880,8.921313,4.649854
sz000019,2000-12-05,16.130000,16.150000,15.750000,15.900000,-0.014259,527131.000000,8386716.830000,488505780.000000,2235089780.000000,0.017157,24.906487,2000-06-30,2000-08-11,78.039969,42.038854,147.542076,8.915705,4.646931
sz000019,2000-12-04,16.100000,16.280000,16.000000,16.130000,0.004984,758464.000000,12257933.590000,495572220.000000,2267421260.000000,0.024687,25.266765,2000-06-30,2000-08-11,79.168838,42.646957,149.676311,9.044673,4.714150
sz000019,2000-12-01,15.800000,16.150000,15.710000,16.050000,0.015823,829094.000000,13232460.010000,493114330.000000,2256175530.000000,0.026986,25.141460,2000-06-30,2000-08-11,78.776217,42.435458,148.934024,8.999818,4.690771
sz000019,2000-11-30,15.600000,15.820000,15.500000,15.800000,0.012821,320467.000000,5028336.510000,485433420.000000,2221032610.000000,0.010431,24.749844,2000-06-30,2000-08-11,77.549157,41.774461,146.614148,8.859632,4.617705
sz000019,2000-11-29,15.800000,15.800000,15.510000,15.600000,-0.009524,235566.000000,3685640.340000,479288690.000000,2192918270.000000,0.007667,24.436543,2000-06-30,2000-08-11,76.567485,41.245651,144.758203,8.747481,4.559251
sz000019,2000-11-28,15.480000,15.770000,15.400000,15.750000,0.020078,297721.000000,4663786.410000,483897240.000000,2214004020.000000,0.009690,24.671514,2000-06-30,2000-08-11,77.303726,41.642252,146.150137,8.831593,4.603091
sz000019,2000-11-27,15.300000,15.550000,15.300000,15.440000,0.008491,314827.000000,4849781.210000,474372910.000000,2170426800.000000,0.010247,24.185909,2000-06-30,2000-08-11,75.782171,40.822615,143.273492,8.657762,4.512489
sz000019,2000-11-24,15.600000,15.850000,15.300000,15.310000,-0.015434,725498.000000,11372752.900000,470378840.000000,2152152480.000000,0.023614,23.982276,2000-06-30,2000-08-11,75.144122,40.478909,142.067199,8.584868,4.474496
sz000019,2000-11-23,15.780000,15.850000,15.500000,15.550000,-0.009554,489409.000000,7633348.340000,477752510.000000,2185889690.000000,0.015929,24.358221,2000-06-30,2000-08-11,76.322077,41.113454,144.294236,8.719444,4.544638
sz000019,2000-11-22,15.380000,15.800000,15.350000,15.700000,0.018819,464020.000000,7214359.800000,482361050.000000,2206975440.000000,0.015103,24.593184,2000-06-30,2000-08-11,77.058292,41.510041,145.686122,8.803553,4.588477
sz000019,2000-11-21,15.500000,15.690000,15.300000,15.410000,-0.010911,505290.000000,7804504.760000,473451200.000000,2166209650.000000,0.016446,24.138914,2000-06-30,2000-08-11,75.634919,40.743293,142.995097,8.640940,4.503721
sz000019,2000-11-20,15.590000,15.590000,15.270000,15.580000,-0.003836,621387.000000,9542491.460000,478674220.000000,2190106840.000000,0.020225,24.405199,2000-06-30,2000-08-11,76.469275,41.192747,144.572528,8.736261,4.553403
sz000019,2000-11-17,15.910000,16.080000,15.580000,15.640000,-0.015733,400746.000000,6285198.290000,480517640.000000,2198541140.000000,0.013044,24.499178,2000-06-30,2000-08-11,76.763741,41.351370,145.129243,8.769902,4.570937
sz000019,2000-11-16,15.670000,15.950000,15.570000,15.890000,0.014040,599892.000000,9428638.330000,488198540.000000,2233684060.000000,0.019525,24.890784,2000-06-30,2000-08-11,77.990769,42.012351,147.449060,8.910085,4.644001
sz000019,2000-11-15,15.960000,15.970000,15.650000,15.670000,-0.014465,446589.000000,7021472.760000,481439340.000000,2202758290.000000,0.014536,24.546156,2000-06-30,2000-08-11,76.910940,41.430664,145.407538,8.786719,4.579702
sz000019,2000-11-14,15.750000,15.900000,15.580000,15.900000,0.008883,470575.000000,7385602.950000,488505780.000000,2235089780.000000,0.015316,24.906428,2000-06-30,2000-08-11,78.039785,42.038755,147.541729,8.915684,4.646920
sz000019,2000-11-13,15.800000,15.830000,15.410000,15.760000,-0.004422,1090408.000000,16978614.800000,484204470.000000,2215409740.000000,0.035491,24.687132,2000-06-30,2000-08-11,77.352662,41.668613,146.242655,8.837184,4.606005
sz000019,2000-11-10,15.900000,15.970000,15.760000,15.830000,-0.004403,463649.000000,7340251.960000,486355130.000000,2225249760.000000,0.015091,24.796784,2000-06-30,2000-08-11,77.696234,41.853690,146.892213,8.876435,4.626463
sz000019,2000-11-09,15.950000,16.090000,15.780000,15.900000,-0.008110,540032.000000,8603629.560000,488505780.000000,2235089780.000000,0.017577,24.906447,2000-06-30,2000-08-11,78.039844,42.038786,147.541839,8.915691,4.646924
sz000019,2000-11-08,16.100000,16.150000,15.900000,16.030000,-0.004348,470328.000000,7524457.020000,492499850.000000,2253364090.000000,0.015308,25.110089,2000-06-30,2000-08-11,78.677922,42.382509,148.748187,8.988589,4.684918
sz000019,2000-11-07,16.150000,16.150000,15.910000,16.100000,-0.003713,475367.000000,7624744.720000,494650510.000000,2263204110.000000,0.015472,25.219745,2000-06-30,2000-08-11,79.021507,42.567592,149.397769,9.027842,4.705377
sz000019,2000-11-06,16.000000,16.250000,15.850000,16.160000,0.022785,1481330.000000,23869685.880000,496493930.000000,2271638410.000000,0.048215,25.313735,2000-06-30,2000-08-11,79.316008,42.726235,149.954550,9.061487,4.722913
sz000019,2000-11-03,15.500000,15.800000,15.380000,15.800000,0.023979,847335.000000,13294153.090000,485433420.000000,2221032610.000000,0.027579,24.749810,2000-06-30,2000-08-11,77.549052,41.774405,146.613951,8.859620,4.617699
sz000019,2000-11-02,15.400000,15.550000,15.300000,15.430000,-0.001940,398477.000000,6146037.160000,474065670.000000,2169021080.000000,0.012970,24.170232,2000-06-30,2000-08-11,75.733050,40.796154,143.180623,8.652151,4.509564
sz000019,2000-11-01,15.580000,15.670000,15.360000,15.460000,-0.007702,290100.000000,4494719.190000,474987380.000000,2173238230.000000,0.009442,24.217214,2000-06-30,2000-08-11,75.880257,40.875453,143.458933,8.668968,4.518330
sz000019,2000-10-31,15.400000,15.850000,15.400000,15.580000,0.014984,842394.000000,13167132.880000,478674220.000000,2190106840.000000,0.027418,24.405182,2000-06-30,2000-08-11,76.469223,41.192719,144.572430,8.736255,4.553400
sz000019,2000-10-30,15.150000,15.410000,15.150000,15.350000,0.006557,321349.000000,4932754.970000,471607780.000000,2157775350.000000,0.010459,24.044894,2000-06-30,2000-08-11,75.340324,40.584599,142.438137,8.607283,4.486179
sz000019,2000-10-27,15.380000,15.560000,14.810000,15.250000,-0.008453,284390.000000,4322011.450000,468535420.000000,2143718180.000000,0.009256,23.888258,2000-06-30,2000-08-11,74.849536,40.320220,141.510254,8.551213,4.456955
sz000019,2000-10-26,15.490000,15.630000,15.300000,15.380000,0.000000,571220.000000,8839324.240000,472529490.000000,2161992500.000000,0.018592,24.091907,2000-06-30,2000-08-11,75.487632,40.663952,142.716638,8.624113,4.494951
sz000019,2000-10-25,15.000000,15.550000,15.000000,15.380000,0.025333,918552.000000,14127356.690000,472529490.000000,2161992500.000000,0.029897,24.091907,2000-06-30,2000-08-11,75.487632,40.663952,142.716638,8.624113,4.494951
sz000019,2000-10-24,14.940000,15.050000,14.800000,15.000000,0.001335,227184.000000,3387923.200000,460854510.000000,2108575260.000000,0.007394,23.496666,2000-06-30,2000-08-11,73.622552,39.659264,139.190524,8.411036,4.383894
sz000019,2000-10-23,15.030000,15.100000,14.850000,14.980000,-0.003327,238181.000000,3564758.540000,460240040.000000,2105763830.000000,0.007752,23.465340,2000-06-30,2000-08-11,73.524397,39.606389,139.004953,8.399822,4.378049
sz000019,2000-10-20,14.800000,15.100000,14.800000,15.030000,0.008725,243273.000000,3634108.910000,461776220.000000,2112792410.000000,0.007918,23.543670,2000-06-30,2000-08-11,73.769830,39.738600,139.468966,8.427862,4.392663
sz000019,2000-10-19,15.300000,15.300000,14.900000,14.900000,-0.024869,277250.000000,4183024.890000,457782150.000000,2094518090.000000,0.009024,23.340028,2000-06-30,2000-08-11,73.131755,39.394879,138.262625,8.354965,4.354669
sz000019,2000-10-18,15.400000,15.400000,15.190000,15.280000,-0.007147,301086.000000,4595415.580000,469457130.000000,2147935330.000000,0.009800,23.935274,2000-06-30,2000-08-11,74.996852,40.399576,141.788770,8.568043,4.465727
sz000019,2000-10-17,15.440000,15.500000,15.180000,15.390000,-0.005171,406346.000000,6248871.680000,472836730.000000,2163398220.000000,0.013226,24.107571,2000-06-30,2000-08-11,75.536713,40.690391,142.809429,8.629720,4.497873
sz000019,2000-10-16,15.100000,15.490000,15.100000,15.470000,0.029960,702727.000000,10762199.180000,475294620.000000,2174643950.000000,0.022873,24.232879,2000-06-30,2000-08-11,75.929343,40.901894,143.551735,8.674576,4.521253
sz000019,2000-10-13,14.730000,15.100000,14.730000,15.020000,0.019688,458781.000000,6879948.910000,461468980.000000,2111386690.000000,0.014933,23.527981,2000-06-30,2000-08-11,73.720672,39.712119,139.376029,8.422246,4.389736
sz000019,2000-10-12,14.900000,14.980000,14.700000,14.730000,-0.010745,378415.000000,5601519.800000,452559130.000000,2070620910.000000,0.012317,23.073706,2000-06-30,2000-08-11,72.297283,38.945363,136.684975,8.259630,4.304980
sz000019,2000-10-11,15.100000,15.180000,14.850000,14.890000,-0.012599,616276.000000,9262491.410000,457474910.000000,2093112370.000000,0.020059,23.324326,2000-06-30,2000-08-11,73.082555,39.368376,138.169607,8.349344,4.351739
sz000019,2000-10-10,14.800000,15.300000,14.770000,15.080000,0.061224,586141.000000,8787346.000000,463312400.000000,2119820990.000000,0.019078,23.621939,2000-06-30,2000-08-11,74.015071,39.870707,139.932619,8.455879,4.407266
sz000019,2000-10-09,14.400000,14.450000,13.900000,14.210000,-0.013879,189874.000000,2693869.320000,436582840.000000,1997523630.000000,0.006180,22.259145,2000-06-30,2000-08-11,69.745003,37.570491,131.859644,7.968044,4.153003
sz000019,2000-09-29,14.210000,14.510000,14.210000,14.410000,0.008397,206442.000000,2975931.970000,442727570.000000,2025637970.000000,0.006719,22.572428,2000-06-30,2000-08-11,70.726618,38.099271,133.715481,8.080189,4.211454
sz000019,2000-09-28,14.450000,14.500000,14.250000,14.290000,-0.011757,197720.000000,2828363.800000,439040730.000000,2008769360.000000,0.006435,22.384465,2000-06-30,2000-08-11,70.137672,37.782016,132.602022,8.012904,4.176385
sz000019,2000-09-27,14.480000,14.500000,14.300000,14.460000,0.002774,262154.000000,3765293.380000,444263750.000000,2032666550.000000,0.008533,22.650770,2000-06-30,2000-08-11,70.972090,38.231503,134.179571,8.108233,4.226070
sz000019,2000-09-26,14.160000,14.480000,14.100000,14.420000,0.018362,411800.000000,5920572.320000,443034800.000000,2027043680.000000,0.013403,22.588111,2000-06-30,2000-08-11,70.775758,38.125742,133.808386,8.085803,4.214380
sz000019,2000-09-25,13.710000,14.180000,13.710000,14.160000,0.038123,294773.000000,4110999.330000,435046660.000000,1990495050.000000,0.009594,22.180827,2000-06-30,2000-08-11,69.499607,37.438300,131.395699,7.940009,4.138391
sz000019,2000-09-22,13.880000,13.980000,13.550000,13.640000,-0.020115,200600.000000,2751734.880000,419070370.000000,1917397770.000000,0.006529,21.366280,2000-06-30,2000-08-11,66.947372,36.063453,126.570453,7.648428,3.986416
sz000019,2000-09-21,14.200000,14.270000,13.850000,13.920000,-0.002865,144554.000000,2035888.180000,427672990.000000,1956757840.000000,0.004705,21.804885,2000-06-30,2000-08-11,68.321662,36.803761,129.168681,7.805434,4.068249
sz000019,2000-09-20,13.640000,13.990000,13.640000,13.960000,0.018978,177568.000000,2446689.500000,428901930.000000,1962380710.000000,0.005780,21.867536,2000-06-30,2000-08-11,68.517966,36.909507,129.539813,7.827861,4.079938
sz000019,2000-09-19,13.950000,13.950000,13.650000,13.700000,-0.028369,194147.000000,2674586.150000,420913790.000000,1925832070.000000,0.006319,21.460263,2000-06-30,2000-08-11,67.241850,36.222084,127.127193,7.682070,4.003951
sz000019,2000-09-18,13.970000,14.300000,13.900000,14.100000,0.007143,288430.000000,4071574.540000,433203240.000000,1982060740.000000,0.009388,22.086844,2000-06-30,2000-08-11,69.205131,37.279671,130.838964,7.906366,4.120856
sz000019,2000-09-15,14.250000,14.310000,13.900000,14.000000,-0.020979,420695.000000,5901631.100000,430130880.000000,1968003580.000000,0.013693,21.930197,2000-06-30,2000-08-11,68.714304,37.015271,129.911009,7.850291,4.091629
sz000019,2000-09-14,14.360000,14.500000,14.290000,14.300000,-0.003484,280691.000000,4037441.070000,439347970.000000,2010175080.000000,0.009136,22.400129,2000-06-30,2000-08-11,70.186752,37.808455,132.694814,8.018512,4.179307
sz000019,2000-09-13,14.400000,14.570000,14.200000,14.350000,-0.004164,275852.000000,3970291.240000,440884150.000000,2017203670.000000,0.008978,22.478444,2000-06-30,2000-08-11,70.432138,37.940640,133.158739,8.046546,4.193919
sz000019,2000-09-12,14.300000,14.480000,14.130000,14.410000,0.004181,267723.000000,3853576.440000,442727570.000000,2025637970.000000,0.008714,22.572436,2000-06-30,2000-08-11,70.726644,38.099285,133.715530,8.080192,4.211455
sz000019,2000-09-11,13.900000,14.390000,13.550000,14.350000,0.033862,427379.000000,5969125.350000,440884150.000000,2017203670.000000,0.013910,22.478453,2000-06-30,2000-08-11,70.432167,37.940655,133.158793,8.046549,4.193920
sz000019,2000-09-08,13.750000,13.960000,13.570000,13.880000,0.013139,251867.000000,3482810.410000,426444040.000000,1951134970.000000,0.008198,21.742218,2000-06-30,2000-08-11,68.125308,36.697988,128.797454,7.783001,4.056557
sz000019,2000-09-07,13.780000,14.100000,13.650000,13.700000,0.000730,403293.000000,5553635.030000,420913790.000000,1925832070.000000,0.013126,21.460252,2000-06-30,2000-08-11,67.241817,36.222066,127.127131,7.682067,4.003949
sz000019,2000-09-06,14.100000,14.380000,13.520000,13.690000,-0.035915,463710.000000,6463093.160000,420606550.000000,1924426350.000000,0.015093,21.444598,2000-06-30,2000-08-11,67.192767,36.195643,127.034395,7.676463,4.001029
sz000019,2000-09-05,14.600000,14.700000,14.200000,14.200000,-0.027397,295300.000000,4257875.400000,436275600.000000,1996117910.000000,0.009611,22.243472,2000-06-30,2000-08-11,69.695895,37.544038,131.766800,7.962434,4.150079
sz000019,2000-09-04,14.330000,14.600000,14.310000,14.600000,0.019553,228264.000000,3288865.360000,448565060.000000,2052346590.000000,0.007430,22.870043,2000-06-30,2000-08-11,71.659140,38.601606,135.478505,8.186725,4.266981
sz000019,2000-09-01,14.380000,14.500000,14.310000,14.320000,-0.008997,397900.000000,5728949.240000,439962440.000000,2012986510.000000,0.012951,22.431441,2000-06-30,2000-08-11,70.284860,37.861304,132.880296,8.029720,4.185149
sz000019,2000-08-31,15.000000,15.000000,14.310000,14.450000,-0.037949,738600.000000,10733667.500000,443956510.000000,2031260830.000000,0.024040,22.635088,2000-06-30,2000-08-11,70.922954,38.205034,134.086674,8.102619,4.223145
sz000019,2000-08-30,15.210000,15.210000,14.950000,15.020000,-0.011192,248016.000000,3724264.390000,461468980.000000,2111386690.000000,0.008072,23.527951,2000-06-30,2000-08-11,73.720576,39.712068,139.375848,8.422235,4.389731
sz000019,2000-08-29,15.200000,15.340000,15.100000,15.190000,-0.000658,333382.000000,5069635.340000,466692000.000000,2135283880.000000,0.010851,23.794256,2000-06-30,2000-08-11,74.554996,40.161556,140.953398,8.517563,4.439416
sz000019,2000-08-28,15.300000,15.450000,15.080000,15.200000,0.000658,277304.000000,4215595.580000,466999240.000000,2136689600.000000,0.009026,23.809923,2000-06-30,2000-08-11,74.604085,40.187999,141.046207,8.523172,4.442340
sz000019,2000-08-25,14.750000,15.600000,14.700000,15.190000,0.034037,485534.000000,7333361.100000,466692000.000000,2135283880.000000,0.015803,23.794266,2000-06-30,2000-08-11,74.555028,40.161573,140.953460,8.517567,4.439418
sz000019,2000-08-24,14.880000,14.990000,14.500000,14.690000,-0.012105,561600.000000,8263012.850000,451330180.000000,2064998040.000000,0.018279,23.011040,2000-06-30,2000-08-11,72.100929,38.839590,136.313748,8.237198,4.293288
sz000019,2000-08-23,15.150000,15.290000,14.300000,14.870000,-0.021711,473797.000000,7004465.860000,456860440.000000,2090300940.000000,0.015421,23.293001,2000-06-30,2000-08-11,72.984405,39.315504,137.984045,8.338131,4.345895
sz000019,2000-08-22,15.480000,15.600000,15.190000,15.200000,0.002639,247150.000000,3793623.090000,466999240.000000,2136689600.000000,0.008044,23.809939,2000-06-30,2000-08-11,74.604135,40.188026,141.046302,8.523177,4.442342
sz000019,2000-08-21,15.130000,15.200000,15.020000,15.160000,0.003974,434249.000000,6557854.300000,465770290.000000,2131066730.000000,0.014134,23.747270,2000-06-30,2000-08-11,74.407773,40.082249,140.675060,8.500744,4.430650
sz000019,2000-08-18,15.400000,15.450000,15.050000,15.100000,-0.017567,373120.000000,5649352.700000,463926870.000000,2122632430.000000,0.012144,23.653272,2000-06-30,2000-08-11,74.113247,39.923593,140.118230,8.467096,4.413112
sz000019,2000-08-17,15.600000,15.600000,15.000000,15.370000,-0.008387,280992.000000,4339356.260000,472222250.000000,2160586780.000000,0.009146,24.076219,2000-06-30,2000-08-11,75.438475,40.637471,142.623701,8.618497,4.492024
sz000019,2000-08-16,15.400000,15.700000,15.400000,15.500000,0.003236,346206.000000,5362010.290000,476216330.000000,2178861100.000000,0.011268,24.279854,2000-06-30,2000-08-11,76.076529,40.981181,143.830003,8.691391,4.530017
sz000019,2000-08-15,15.760000,15.760000,15.360000,15.450000,-0.012780,233510.000000,3617066.500000,474680150.000000,2171832520.000000,0.007600,24.201538,2000-06-30,2000-08-11,75.831139,40.848993,143.366070,8.663357,4.515405
sz000019,2000-08-14,15.300000,15.790000,15.300000,15.650000,0.028928,511839.000000,7982481.590000,480824870.000000,2199946850.000000,0.016659,24.514837,2000-06-30,2000-08-11,76.812807,41.377802,145.222008,8.775508,4.573859
sz000019,2000-08-11,15.480000,15.540000,15.200000,15.210000,-0.001969,206100.000000,3156470.000000,467306470.000000,2138095310.000000,0.006708,23.825610,2000-06-30,2000-08-11,74.653238,40.214477,141.139135,8.528787,4.445266
sz000019,2000-08-10,15.600000,15.620000,15.200000,15.240000,-0.016774,347300.000000,5327241.660000,468228180.000000,2142312460.000000,0.011304,23.872615,1999-12-31,2000-04-15,84.285570,38.675635,141.418400,8.795587,4.454036
sz000019,2000-08-09,15.050000,15.590000,15.050000,15.500000,0.023102,551911.000000,8496407.650000,476216330.000000,2178861100.000000,0.017964,24.279886,1999-12-31,2000-04-15,85.723496,39.335448,143.831022,8.945641,4.530023
sz000019,2000-08-08,15.280000,15.400000,15.050000,15.150000,-0.007208,393010.000000,5950180.600000,465463060.000000,2129661010.000000,0.012792,23.731638,1999-12-31,2000-04-15,83.787829,38.447240,140.583267,8.743645,4.427733
sz000019,2000-08-07,15.400000,15.400000,15.100000,15.260000,-0.007802,373167.000000,5661571.900000,468842650.000000,2145123900.000000,0.012146,23.903937,1999-12-31,2000-04-15,84.396157,38.726380,141.603949,8.807127,4.459880
sz000019,2000-08-04,15.350000,15.700000,15.230000,15.380000,-0.001299,312104.000000,4812160.380000,472529490.000000,2161992500.000000,0.010158,24.091902,1999-12-31,2000-04-15,85.059794,39.030899,142.717430,8.876380,4.494950
sz000019,2000-08-03,15.780000,15.780000,15.300000,15.400000,-0.014715,503343.000000,7763159.970000,473143960.000000,2164803930.000000,0.016383,24.123238,1999-12-31,2000-04-15,85.170430,39.081666,142.903061,8.887926,4.500796
sz000019,2000-08-02,15.720000,15.800000,15.520000,15.630000,0.000640,329336.000000,5159789.970000,480210400.000000,2197135420.000000,0.010719,24.483513,1999-12-31,2000-04-15,86.442430,39.665341,145.037285,9.020665,4.568015
sz000019,2000-08-01,16.100000,16.320000,15.600000,15.620000,-0.026791,828354.000000,13218969.580000,479903160.000000,2195729700.000000,0.026961,24.467854,1999-12-31,2000-04-15,86.387142,39.639972,144.944520,9.014895,4.565093
sz000019,2000-07-31,15.570000,16.190000,15.400000,16.050000,0.032154,1152455.000000,18294663.140000,493114330.000000,2256175530.000000,0.037510,25.141418,1999-12-31,2000-04-15,88.765252,40.731201,148.934628,9.263062,4.690763
sz000019,2000-07-28,15.510000,15.700000,15.230000,15.550000,0.007124,808283.000000,12525486.600000,477752510.000000,2185889690.000000,0.026308,24.358204,1999-12-31,2000-04-15,86.000008,39.462329,144.294967,8.974496,4.544635
sz000019,2000-07-27,15.220000,15.550000,15.220000,15.440000,0.033467,574426.000000,8840995.270000,474372910.000000,2170426800.000000,0.018697,24.185904,1999-12-31,2000-04-15,85.391678,39.183188,143.274281,8.911014,4.512488
sz000019,2000-07-26,14.900000,15.000000,14.800000,14.940000,0.002685,283288.000000,4203561.940000,459011090.000000,2100140960.000000,0.009221,23.402686,1999-12-31,2000-04-15,82.626419,37.914310,138.634597,8.622447,4.366359
sz000019,2000-07-25,14.500000,15.000000,14.500000,14.900000,0.029717,297470.000000,4414824.060000,457782150.000000,2094518090.000000,0.009682,23.340018,1999-12-31,2000-04-15,82.405162,37.812783,138.263360,8.599357,4.354667
sz000019,2000-07-24,14.450000,14.750000,14.300000,14.470000,-0.022297,768807.000000,11088515.310000,444570980.000000,2034072270.000000,0.025023,22.666439,1999-12-31,2000-04-15,80.026999,36.721529,134.273165,8.351185,4.228994
sz000019,2000-07-21,15.200000,15.220000,14.720000,14.800000,-0.026316,438720.000000,6533447.700000,454709780.000000,2080460920.000000,0.014280,23.183359,1999-12-31,2000-04-15,81.852054,37.558982,137.335331,8.541638,4.325438
sz000019,2000-07-20,15.580000,15.580000,15.120000,15.200000,-0.024390,403282.000000,6149434.740000,466999240.000000,2136689600.000000,0.013126,23.809941,1999-12-31,2000-04-15,84.064290,38.574098,141.047127,8.772495,4.442343
sz000019,2000-07-19,15.600000,15.600000,15.320000,15.580000,0.005810,400124.000000,6187787.300000,478674220.000000,2190106840.000000,0.013023,24.405183,1999-12-31,2000-04-15,86.165876,39.538440,144.573269,8.991805,4.553400
sz000019,2000-07-18,15.580000,15.580000,15.100000,15.490000,0.006498,459058.000000,7050550.930000,475909090.000000,2177455390.000000,0.014942,24.264208,1999-12-31,2000-04-15,85.668144,39.310049,143.738150,8.939865,4.527098
sz000019,2000-07-17,15.320000,15.780000,15.300000,15.390000,0.011170,1458532.000000,22648075.380000,472836730.000000,2163398220.000000,0.047473,24.107558,1999-12-31,2000-04-15,85.115066,39.056261,142.810170,8.882148,4.497871
sz000019,2000-07-14,14.710000,15.300000,14.000000,15.220000,0.036079,2014281.000000,29973604.470000,467613710.000000,2139501030.000000,0.065561,23.841251,1999-12-31,2000-04-15,84.174834,38.624822,141.232601,8.784031,4.448185
sz000019,2000-07-13,14.530000,14.870000,14.410000,14.690000,0.011012,1064946.000000,15562912.180000,451330180.000000,2064998040.000000,0.034662,23.011036,1999-12-31,2000-04-15,81.243644,37.279804,136.314510,8.478148,4.293287
sz000019,2000-07-12,14.200000,14.780000,14.200000,14.530000,0.029037,908186.000000,13146967.410000,446414400.000000,2042506570.000000,0.029560,22.760398,1999-12-31,2000-04-15,80.358734,36.873750,134.829765,8.385803,4.246524
sz000019,2000-07-11,14.500000,14.500000,14.050000,14.120000,-0.032214,1113787.000000,15788613.510000,433817710.000000,1984872180.000000,0.036252,22.118153,1999-12-31,2000-04-15,78.091200,35.833260,131.025187,8.149176,4.126697
sz000019,2000-07-10,15.100000,15.200000,14.550000,14.590000,-0.032493,691210.000000,10206000.180000,448257820.000000,2050940870.000000,0.022498,22.854384,1999-12-31,2000-04-15,80.690565,37.026016,135.386528,8.420431,4.264060
sz000019,2000-07-07,14.950000,15.180000,14.730000,15.080000,0.024457,507837.000000,7591184.060000,463312400.000000,2119820990.000000,0.016529,23.621932,1999-12-31,2000-04-15,83.400498,38.269507,139.933384,8.703225,4.407265
sz000019,2000-07-06,15.200000,15.200000,14.660000,14.720000,-0.029024,477079.000000,7044957.420000,452251890.000000,2069215190.000000,0.015528,23.058002,1999-12-31,2000-04-15,81.409467,37.355894,136.592735,8.495452,4.302050
sz000019,2000-07-05,15.700000,15.730000,15.090000,15.160000,-0.033779,503100.000000,7685586.400000,465770290.000000,2131066730.000000,0.016375,23.747242,1999-12-31,2000-04-15,83.842924,38.472520,140.675707,8.749394,4.430645
sz000019,2000-07-04,15.300000,15.790000,15.300000,15.690000,0.010954,349338.000000,5412103.940000,482053820.000000,2205569720.000000,0.011370,24.577444,1999-12-31,2000-04-15,86.774065,39.817516,145.593717,9.055272,4.585540
sz000019,2000-07-03,15.690000,15.830000,14.800000,15.520000,-0.023285,873605.000000,13416294.500000,476830800.000000,2181672540.000000,0.028434,24.311139,1999-12-31,2000-04-15,85.833841,39.386081,144.016164,8.957156,4.535854
sz000019,2000-06-30,16.700000,16.800000,15.870000,15.890000,-0.051909,970101.000000,15617729.040000,488198540.000000,2233684060.000000,0.031575,24.890720,1999-12-31,2000-04-15,87.880130,40.325050,147.449526,9.170695,4.643989
sz000019,2000-06-29,16.800000,17.000000,16.600000,16.760000,-0.000596,766740.000000,12870597.120000,514928110.000000,2355981420.000000,0.024956,26.253514,1999-12-31,2000-04-15,92.691661,42.532890,155.522546,9.672801,4.898253
sz000019,2000-06-28,16.500000,17.000000,16.500000,16.770000,0.016364,646865.000000,10866411.160000,515235340.000000,2357387140.000000,0.021054,26.269170,1999-12-31,2000-04-15,92.746938,42.558254,155.615293,9.678569,4.901174
sz000019,2000-06-27,16.950000,17.050000,16.480000,16.500000,-0.028840,1072809.000000,17801034.090000,506939960.000000,2319432790.000000,0.034918,25.846222,1999-12-31,2000-04-15,91.253663,41.873044,153.109804,9.522739,4.822262
sz000019,2000-06-26,17.100000,17.200000,16.950000,16.990000,-0.007013,719154.000000,12249003.780000,521994540.000000,2388312910.000000,0.023407,26.613763,1999-12-31,2000-04-15,93.963573,43.116525,157.656621,9.805531,4.965466
sz000019,2000-06-23,17.140000,17.300000,16.990000,17.110000,-0.001750,827955.000000,14146446.570000,525681380.000000,2405181510.000000,0.026948,26.801724,1999-12-31,2000-04-15,94.627193,43.421036,158.770075,9.874783,5.000535
sz000019,2000-06-22,17.600000,17.600000,17.080000,17.140000,-0.023362,669378.000000,11527286.640000,526603090.000000,2409398660.000000,0.021787,26.848709,1999-12-31,2000-04-15,94.793081,43.497156,159.048410,9.892094,5.009301
sz000019,2000-06-21,17.500000,18.000000,17.250000,17.550000,-0.011268,710398.000000,12497956.030000,539199780.000000,2467033050.000000,0.023122,27.490953,1999-12-31,2000-04-15,97.060611,44.537645,162.852981,10.128721,5.129128
sz000019,2000-06-20,17.800000,18.300000,17.400000,17.750000,-0.008380,574979.000000,10243410.080000,545344500.000000,2495147390.000000,0.018715,27.804251,1999-12-31,2000-04-15,98.166754,45.045214,164.708921,10.244152,5.187582
sz000019,2000-06-19,18.000000,18.150000,17.000000,17.900000,-0.015943,1041602.000000,18274397.060000,549953050.000000,2516233140.000000,0.033902,28.039220,1999-12-31,2000-04-15,98.996343,45.425883,166.100847,10.330723,5.231421
sz000019,2000-06-16,18.350000,18.800000,18.000000,18.190000,-0.008719,879994.000000,16041645.690000,558862900.000000,2556998930.000000,0.028642,28.493491,1999-12-31,2000-04-15,100.600213,46.161841,168.791896,10.498095,5.316177
sz000019,2000-06-15,18.770000,18.770000,18.180000,18.350000,-0.010782,760958.000000,14000919.220000,563778680.000000,2579490400.000000,0.024768,28.744111,1999-12-31,2000-04-15,101.485061,46.567867,170.276537,10.590433,5.362936
sz000019,2000-06-14,18.410000,18.680000,18.120000,18.550000,0.002161,954311.000000,17558059.310000,569923410.000000,2607604740.000000,0.031061,29.057408,1999-12-31,2000-04-15,102.591199,47.075434,172.132469,10.705863,5.421390
sz000019,2000-06-13,18.850000,18.860000,18.100000,18.510000,-0.022187,999385.000000,18397805.930000,568694470.000000,2601981870.000000,0.032528,28.994751,1999-12-31,2000-04-15,102.369978,46.973923,171.761293,10.682778,5.409699
sz000019,2000-06-12,19.480000,19.480000,18.700000,18.930000,-0.015088,638190.000000,12117947.630000,581598390.000000,2661021980.000000,0.020772,29.652654,1999-12-31,2000-04-15,104.692797,48.039782,175.658631,10.925175,5.532448
sz000019,2000-06-09,19.200000,19.300000,18.600000,19.220000,-0.003629,1697747.000000,32295440.080000,590508250.000000,2701787770.000000,0.055259,30.106907,1999-12-31,2000-04-15,106.296600,48.775710,178.349569,11.092539,5.617200
sz000019,2000-06-08,18.200000,19.580000,17.800000,19.290000,0.061640,3500369.000000,65746916.010000,592658900.000000,2711627780.000000,0.113931,30.216563,1999-12-31,2000-04-15,106.683755,48.953362,178.999157,11.132940,5.637659
sz000019,2000-06-07,19.000000,19.150000,18.000000,18.170000,-0.046194,2057520.000000,38100840.490000,558248430.000000,2554187500.000000,0.066969,28.462156,1999-12-31,2000-04-15,100.489578,46.111075,168.606267,10.486549,5.310330
sz000019,2000-06-06,19.500000,19.900000,18.960000,19.050000,-0.033976,1680700.000000,32323241.990000,585285230.000000,2677890580.000000,0.054704,29.840613,1999-12-31,2000-04-15,105.356412,48.344291,176.772076,10.994426,5.567516
sz000019,2000-06-05,19.980000,20.200000,18.850000,19.720000,-0.008547,2426429.000000,47250155.900000,605870060.000000,2772073610.000000,0.078976,30.890136,1999-12-31,2000-04-15,109.061899,50.044607,182.989321,11.381110,5.763331
sz000019,2000-06-02,19.780000,20.050000,19.300000,19.890000,0.005561,2355775.000000,46631053.810000,611093080.000000,2795970790.000000,0.076676,31.156430,1999-12-31,2000-04-15,110.002087,50.476025,184.566814,11.479223,5.813015
sz000019,2000-06-01,19.730000,19.940000,19.510000,19.780000,0.004571,1677276.000000,33109770.930000,607713480.000000,2780507910.000000,0.054592,30.984127,1999-12-31,2000-04-15,109.393748,50.196880,183.546114,11.415740,5.780868
sz000019,2000-05-31,19.200000,19.730000,19.150000,19.690000,0.029812,1319692.000000,25615146.450000,604948350.000000,2767856460.000000,0.042954,30.843143,1999-12-31,2000-04-15,108.895984,49.968475,182.710942,11.363796,5.754564
sz000019,2000-05-30,18.890000,19.300000,18.800000,19.120000,0.009504,1642869.000000,31295366.020000,587435880.000000,2687730600.000000,0.053472,29.950266,1999-12-31,2000-04-15,105.743557,48.521938,177.421648,11.034826,5.587975
sz000019,2000-05-29,18.900000,19.280000,18.350000,18.940000,-0.007858,1605819.000000,30218641.720000,581905630.000000,2662427690.000000,0.052267,29.668299,1999-12-31,2000-04-15,104.748032,48.065128,175.751308,10.930939,5.535367
sz000019,2000-05-26,19.950000,20.050000,18.700000,19.090000,-0.036345,2279413.000000,43895027.400000,586514170.000000,2683513450.000000,0.074191,29.903279,1999-12-31,2000-04-15,105.577661,48.445815,177.143300,11.017514,5.579208
sz000019,2000-05-25,20.020000,20.190000,19.000000,19.810000,-0.005522,2954008.000000,57449511.180000,608635190.000000,2784725060.000000,0.096148,31.031104,1999-12-31,2000-04-15,109.559605,50.272986,183.824398,11.433048,5.789632
sz000019,2000-05-24,19.350000,20.250000,19.350000,19.920000,0.038582,2944827.000000,58455406.110000,612014790.000000,2800187950.000000,0.095849,31.203409,1999-12-31,2000-04-15,110.167953,50.552135,184.845112,11.496532,5.821780
sz000019,2000-05-23,19.500000,19.730000,18.900000,19.180000,-0.016410,1637360.000000,31551035.840000,589279300.000000,2696164900.000000,0.053293,30.044242,1999-12-31,2000-04-15,106.075353,48.674188,177.978352,11.069451,5.605508
sz000019,2000-05-22,19.380000,19.600000,18.600000,19.500000,0.010363,2342397.000000,44859588.120000,599110860.000000,2741147840.000000,0.076241,30.545494,1999-12-31,2000-04-15,107.845091,49.486257,180.947703,11.254131,5.699030
sz000019,2000-05-19,18.920000,19.800000,18.900000,19.300000,0.029883,3908859.000000,75483169.710000,592966140.000000,2713033500.000000,0.127226,30.232198,1999-12-31,2000-04-15,106.738956,48.978691,179.091775,11.138701,5.640576
sz000019,2000-05-18,18.720000,19.140000,18.410000,18.740000,-0.001598,2147685.000000,40465904.640000,575760900.000000,2634313360.000000,0.069903,29.354983,1999-12-31,2000-04-15,103.641827,47.557529,173.895263,10.815501,5.476910
sz000019,2000-05-17,19.050000,19.250000,18.400000,18.770000,-0.007928,1609743.000000,30216909.090000,576682610.000000,2638530510.000000,0.052394,29.401967,1999-12-31,2000-04-15,103.807712,47.633648,174.173593,10.832812,5.485676
sz000019,2000-05-16,17.900000,19.000000,17.900000,18.920000,0.057574,2882377.000000,53560137.350000,581291160.000000,2659616260.000000,0.093816,29.636929,1999-12-31,2000-04-15,104.637276,48.014305,175.565476,10.919381,5.529514
sz000019,2000-05-15,17.600000,17.980000,17.350000,17.890000,0.016477,977990.000000,17353527.270000,549645810.000000,2514827430.000000,0.031832,28.023503,1999-12-31,2000-04-15,98.940855,45.400422,166.007746,10.324933,5.228489
sz000019,2000-05-12,17.250000,17.930000,17.010000,17.600000,0.020290,904914.000000,15971812.510000,540735960.000000,2474061640.000000,0.029453,27.569245,1999-12-31,2000-04-15,97.337033,44.664485,163.316775,10.157567,5.143736
sz000019,2000-05-11,17.250000,17.530000,16.850000,17.250000,0.001161,681940.000000,11732295.600000,529982690.000000,2424861550.000000,0.022196,27.020989,1999-12-31,2000-04-15,95.401340,43.776264,160.068976,9.955568,5.041445
sz000019,2000-05-10,17.750000,18.050000,16.800000,17.230000,-0.036892,947380.000000,16591468.320000,529368210.000000,2422050120.000000,0.030836,26.989654,1999-12-31,2000-04-15,95.290707,43.725499,159.883351,9.944023,5.035598
sz000019,2000-05-09,17.600000,18.200000,17.200000,17.890000,0.007887,1196947.000000,21401053.730000,549645810.000000,2514827430.000000,0.038959,28.023497,1999-12-31,2000-04-15,98.940832,45.400411,166.007707,10.324931,5.228488
sz000019,2000-05-08,17.000000,18.610000,17.000000,17.750000,0.049054,1624443.000000,29221451.110000,545344500.000000,2495147390.000000,0.052873,27.804205,1999-12-31,2000-04-15,98.166592,45.045140,164.708650,10.244135,5.187573
sz000019,2000-04-28,17.070000,17.200000,16.800000,16.920000,-0.008787,358304.000000,6071241.840000,519843890.000000,2378472890.000000,0.011662,26.504074,1999-12-31,2000-04-15,93.576301,42.938819,157.006837,9.765117,4.945001
sz000019,2000-04-27,16.880000,17.270000,16.800000,17.070000,0.013658,415745.000000,7068098.600000,524452430.000000,2399558650.000000,0.013532,26.739030,1999-12-31,2000-04-15,94.405845,43.319467,158.398686,9.851684,4.988838
sz000019,2000-04-26,17.300000,17.300000,16.730000,16.840000,-0.023202,406813.000000,6886367.460000,517386000.000000,2367227160.000000,0.013241,26.378749,1999-12-31,2000-04-15,93.133823,42.735782,156.264427,9.718942,4.921619
sz000019,2000-04-25,17.920000,18.030000,17.090000,17.240000,-0.039019,521331.000000,9172986.550000,529675450.000000,2423455830.000000,0.016968,27.005327,1999-12-31,2000-04-15,95.346042,43.750890,159.976194,9.949798,5.038522
sz000019,2000-04-24,18.250000,18.390000,17.400000,17.940000,-0.018062,877931.000000,15686735.720000,551181990.000000,2521856010.000000,0.028575,28.101832,1999-12-31,2000-04-15,99.217406,45.527321,166.471756,10.353792,5.243103
sz000019,2000-04-21,18.250000,18.700000,18.000000,18.270000,-0.015625,1369764.000000,24962770.600000,561320790.000000,2568244670.000000,0.044583,28.618744,1999-12-31,2000-04-15,101.042434,46.364761,169.533877,10.544242,5.339546
sz000019,2000-04-20,17.980000,18.750000,17.980000,18.560000,0.033983,2244400.000000,41288413.900000,570230650.000000,2609010460.000000,0.073051,29.073010,1999-12-31,2000-04-15,102.646282,47.100710,172.224891,10.711611,5.424301
sz000019,2000-04-19,17.400000,18.000000,17.400000,17.950000,0.031609,1746462.000000,30975970.580000,551489230.000000,2523261730.000000,0.056844,28.117493,1999-12-31,2000-04-15,99.272698,45.552693,166.564528,10.359562,5.246025
sz000019,2000-04-18,16.700000,17.700000,16.610000,17.400000,0.036331,1047161.000000,18084409.350000,534591230.000000,2445947300.000000,0.034083,27.255959,1999-12-31,2000-04-15,96.230935,44.156936,161.460910,10.042140,5.085284
sz000019,2000-04-17,17.000000,17.000000,16.510000,16.790000,-0.012353,620268.000000,10378976.630000,515849810.000000,2360198570.000000,0.020189,26.300438,1999-12-31,2000-04-15,92.857335,42.608912,155.800522,9.690090,4.907008
sz000019,2000-04-14,17.200000,17.200000,16.800000,17.000000,-0.022989,236026.000000,4010122.340000,522301780.000000,2389718630.000000,0.007682,26.629391,1999-06-30,1999-08-14,85.052970,31.608589,,9.445142,4.968382
sz000019,2000-04-13,17.200000,17.520000,16.850000,17.400000,0.012806,332964.000000,5706112.560000,534591230.000000,2445947300.000000,0.010837,27.255979,1999-06-30,1999-08-14,87.054260,32.352337,,9.667386,5.085288
sz000019,2000-04-12,17.450000,17.560000,16.800000,17.180000,-0.017162,309219.000000,5273269.690000,527832030.000000,2415021530.000000,0.010065,26.911352,1999-06-30,1999-08-14,85.953539,31.943271,,9.545151,5.020989
sz000019,2000-04-11,17.250000,17.550000,17.000000,17.480000,0.013333,444654.000000,7685173.660000,537049120.000000,2457193040.000000,0.014473,27.381269,1999-06-30,1999-08-14,87.454432,32.501054,,9.711825,5.108664
sz000019,2000-04-10,17.700000,17.780000,17.200000,17.250000,-0.025974,441360.000000,7668747.800000,529982690.000000,2424861550.000000,0.014365,27.020998,1999-06-30,1999-08-14,86.303744,32.073419,,9.584041,5.041446
sz000019,2000-04-07,17.650000,17.780000,16.950000,17.710000,0.002264,1157488.000000,20021327.540000,544115560.000000,2489524520.000000,0.037674,27.741558,1999-06-30,1999-08-14,88.605175,32.928710,,9.839615,5.175885
sz000019,2000-04-06,17.150000,17.730000,16.680000,17.670000,0.020797,1112695.000000,19050895.110000,542886610.000000,2483901660.000000,0.036216,27.678893,1999-06-30,1999-08-14,88.405026,32.854328,,9.817389,5.164193
sz000019,2000-04-05,17.090000,17.430000,16.500000,17.310000,0.012873,1073980.000000,18285022.070000,531826100.000000,2433295850.000000,0.034956,27.114982,1999-06-30,1999-08-14,86.603924,32.184977,,9.617376,5.058981
sz000019,2000-04-04,17.950000,18.300000,16.980000,17.090000,-0.042577,713800.000000,12584037.480000,525066910.000000,2402370080.000000,0.023233,26.770367,1999-06-30,1999-08-14,85.503241,31.775925,,9.495145,4.994685
sz000019,2000-04-03,17.800000,18.490000,17.680000,17.850000,0.007336,1170358.000000,21121928.440000,548416870.000000,2509204560.000000,0.038093,27.960857,1999-06-30,1999-08-14,89.305606,33.189014,,9.917398,5.216801
sz000019,2000-03-31,18.650000,18.650000,17.500000,17.720000,-0.051392,1069956.000000,19331078.820000,544422790.000000,2490930240.000000,0.034825,27.757230,1999-06-30,1999-08-14,88.655231,32.947312,,9.845174,5.178809
sz000019,2000-03-30,18.150000,18.800000,18.000000,18.680000,0.028068,1868262.000000,34698061.880000,573917480.000000,2625879060.000000,0.060809,29.261012,1999-06-30,1999-08-14,93.458237,34.732273,,10.378548,5.459377
sz000019,2000-03-29,17.220000,18.270000,16.800000,18.170000,0.055168,1821962.000000,32008223.280000,558248430.000000,2554187500.000000,0.059302,28.462136,1999-06-30,1999-08-14,90.906668,33.784023,,10.095196,5.310327
sz000019,2000-03-28,17.230000,17.300000,16.500000,17.220000,-0.000580,769695.000000,13076481.570000,529060980.000000,2420644400.000000,0.025052,26.974033,1999-06-30,1999-08-14,86.153739,32.017672,,9.567383,5.032684
sz000019,2000-03-27,16.720000,17.350000,16.500000,17.230000,0.031119,975353.000000,16589775.120000,529368210.000000,2422050120.000000,0.031746,26.989687,1999-06-30,1999-08-14,86.203737,32.036253,,9.572935,5.035604
sz000019,2000-03-24,16.620000,17.000000,16.200000,16.710000,0.018282,1228552.000000,20456352.490000,513391920.000000,2348952840.000000,0.039987,26.175143,1999-06-30,1999-08-14,83.602123,31.069405,,9.284026,4.883631
sz000019,2000-03-23,16.400000,16.680000,16.000000,16.410000,0.000000,345730.000000,5675108.250000,504174830.000000,2306781330.000000,0.011253,25.705200,1999-06-30,1999-08-14,82.101149,30.511592,,9.117342,4.795951
sz000019,2000-03-22,16.620000,16.780000,16.210000,16.410000,-0.012635,442340.000000,7325646.800000,504174830.000000,2306781330.000000,0.014397,25.705200,1999-06-30,1999-08-14,82.101149,30.511592,,9.117342,4.795951
sz000019,2000-03-21,16.200000,16.700000,16.010000,16.620000,0.022140,860419.000000,14108086.260000,510626800.000000,2336301390.000000,0.028005,26.034142,1999-06-30,1999-08-14,83.151772,30.902039,,9.234014,4.857323
sz000019,2000-03-20,16.550000,16.600000,15.500000,16.260000,-0.025764,428993.000000,6917820.400000,499566290.000000,2285695580.000000,0.013963,25.470231,1999-06-30,1999-08-14,81.350668,30.232687,,9.034001,4.752112
sz000019,2000-03-17,14.700000,16.800000,14.700000,16.690000,0.037290,1013211.000000,16645291.270000,512777450.000000,2346141410.000000,0.032978,26.143799,1999-06-30,1999-08-14,83.502014,31.032201,,9.272909,4.877783
sz000019,2000-03-16,17.880000,17.880000,16.070000,16.090000,-0.098599,1166161.000000,19159559.390000,494343270.000000,2261798400.000000,0.037956,25.203944,1999-06-30,1999-08-14,80.500163,29.916610,,8.939553,4.702429
sz000019,2000-03-15,18.000000,18.980000,17.700000,17.850000,-0.017070,228422.000000,4161359.780000,548416870.000000,2509204560.000000,0.007435,27.960857,1999-06-30,1999-08-14,89.305607,33.189014,,9.917398,5.216801
sz000019,2000-03-14,18.480000,19.050000,17.340000,18.160000,-0.057602,755351.000000,13478025.950000,557941190.000000,2552781780.000000,0.024585,28.446438,1999-06-30,1999-08-14,90.856527,33.765389,,10.089628,5.307398
sz000019,2000-03-13,18.350000,19.330000,18.000000,19.270000,0.023367,1060166.000000,19771395.650000,592044430.000000,2708816350.000000,0.034507,30.185163,1999-06-30,1999-08-14,96.409932,35.829224,,10.706334,5.631801
sz000019,2000-03-10,18.880000,19.000000,17.900000,18.830000,0.002662,1123165.000000,20910359.030000,578526030.000000,2646964810.000000,0.036557,29.495932,1999-06-30,1999-08-14,94.208561,35.011119,,10.461872,5.503207
sz000019,2000-03-09,18.380000,18.950000,17.900000,18.780000,0.022319,1025433.000000,19164792.110000,576989850.000000,2639936230.000000,0.033376,29.417622,1999-06-30,1999-08-14,93.958444,34.918167,,10.434096,5.488597
sz000019,2000-03-08,18.260000,19.000000,17.820000,18.370000,0.018857,790765.000000,14473925.010000,564393160.000000,2582301840.000000,0.025738,28.775384,1999-06-30,1999-08-14,91.907167,34.155843,,10.206302,5.368771
sz000019,2000-03-07,17.390000,18.150000,16.850000,18.030000,0.019796,776355.000000,13655880.420000,553947120.000000,2534507460.000000,0.025269,28.242810,1999-06-30,1999-08-14,90.206150,33.523687,,10.017404,5.269406
sz000019,2000-03-06,18.610000,18.900000,17.620000,17.680000,-0.049973,544920.000000,9885931.240000,543193850.000000,2485307370.000000,0.017736,27.694568,1999-06-30,1999-08-14,88.455093,32.872934,,9.822949,5.167118
sz000019,2000-03-03,19.700000,19.790000,18.010000,18.610000,-0.029212,815481.000000,15250654.270000,571766830.000000,2616039040.000000,0.026542,29.151348,1999-06-30,1999-08-14,93.107978,34.602105,,10.339652,5.438917
sz000019,2000-03-02,20.690000,20.690000,19.000000,19.170000,-0.060294,921500.000000,17922625.300000,588972060.000000,2694759180.000000,0.029993,30.028542,1999-06-30,1999-08-14,95.909692,35.643318,,10.650783,5.602579
sz000019,2000-03-01,20.400000,21.850000,19.850000,20.400000,-0.033633,1709199.000000,35296944.720000,626762130.000000,2867662350.000000,0.055631,31.955252,1999-06-30,1999-08-14,102.063509,37.930286,,11.334165,5.962055
sz000019,2000-02-29,21.190000,21.600000,19.810000,21.110000,-0.013551,1794569.000000,37286329.500000,648575910.000000,2967468250.000000,0.058410,33.067408,1999-06-30,1999-08-14,105.615681,39.250395,,11.728634,6.169556
sz000019,2000-02-28,20.100000,21.870000,19.110000,21.400000,0.041363,1802162.000000,37227780.260000,657485770.000000,3008234040.000000,0.058657,33.521660,1999-06-30,1999-08-14,107.066540,39.789584,,11.889752,6.254308
sz000019,2000-02-25,19.180000,21.140000,19.100000,20.550000,0.069199,3126868.000000,64175066.140000,631370680.000000,2888748110.000000,0.101774,32.190178,1999-06-30,1999-08-14,102.813851,38.209139,,11.417490,6.005887
sz000019,2000-02-24,17.080000,19.220000,17.000000,19.220000,0.100172,2979218.000000,56339222.010000,590508250.000000,2701787770.000000,0.096968,30.106816,1999-06-30,1999-08-14,96.159696,35.736228,,10.678546,5.617183
sz000019,2000-02-23,17.010000,17.680000,15.980000,17.470000,-0.011319,2208251.000000,36821322.870000,536741890.000000,2455787320.000000,0.071875,27.365554,1999-06-30,1999-08-14,87.404239,32.482401,,9.706251,5.105732
sz000019,2000-02-22,18.290000,18.500000,17.000000,17.670000,-0.033898,1361917.000000,24255469.560000,542886610.000000,2483901660.000000,0.044328,27.678851,1999-06-30,1999-08-14,88.404894,32.854278,,9.817374,5.164185
sz000019,2000-02-21,17.390000,18.740000,16.800000,18.290000,0.073357,3043679.000000,55612113.330000,561935270.000000,2571056100.000000,0.099066,28.650030,1999-06-30,1999-08-14,91.506791,34.007049,,10.161840,5.345383
sz000019,2000-02-18,14.300000,17.040000,14.300000,17.040000,0.100065,1969814.000000,30945434.530000,523530720.000000,2395341500.000000,0.064114,26.691986,1999-06-30,1999-08-14,85.252894,31.682888,,9.467344,4.980061
sz000019,2000-02-17,17.300000,17.500000,15.490000,15.490000,-0.099942,2366774.000000,38890449.860000,475909090.000000,2177455390.000000,0.077034,24.264008,1999-06-30,1999-08-14,77.498052,28.800923,,8.606168,4.527060
sz000019,2000-02-16,16.600000,17.500000,16.050000,17.210000,0.032394,1562725.000000,26598256.010000,528753740.000000,2419238680.000000,0.050864,26.958271,1999-06-30,1999-08-14,86.103397,31.998964,,9.561793,5.029743
sz000019,2000-02-15,16.040000,17.600000,15.320000,16.670000,0.041224,1876697.000000,30911909.850000,512162980.000000,2343329970.000000,0.061083,26.112387,1999-06-30,1999-08-14,83.401683,30.994914,,9.261767,4.871922
sz000019,2000-02-14,14.850000,16.080000,14.850000,16.010000,0.095075,2942284.000000,46871332.780000,491885380.000000,2250552660.000000,0.095766,25.078549,1999-06-30,1999-08-14,80.099655,29.767768,,8.895076,4.679034
sz000019,2000-01-28,13.840000,14.650000,13.520000,14.620000,0.071062,2057790.000000,28693872.110000,449179530.000000,2055158020.000000,0.066977,22.901216,1999-06-30,1999-08-14,73.145360,27.183314,,8.122801,4.272797
sz000019,2000-01-27,13.510000,13.800000,13.060000,13.650000,0.010363,2023252.000000,27371990.200000,419377600.000000,1918803490.000000,0.065853,21.381783,1999-06-30,1999-08-14,68.292368,25.379777,,7.583876,3.989309
sz000019,2000-01-26,12.510000,13.510000,12.010000,13.510000,0.100163,2406841.000000,31779878.160000,415076300.000000,1899123450.000000,0.078338,21.162477,1999-06-30,1999-08-14,67.591913,25.119464,,7.506090,3.948392
sz000019,2000-01-25,12.560000,12.670000,12.110000,12.280000,-0.018385,502402.000000,6233628.400000,377286230.000000,1726220280.000000,0.016352,19.235765,1999-06-30,1999-08-14,61.438089,22.832493,,6.822707,3.588915
sz000019,2000-01-24,12.490000,12.520000,11.800000,12.510000,0.000800,775469.000000,9516093.080000,384352660.000000,1758551770.000000,0.025240,19.596038,1999-06-30,1999-08-14,62.588784,23.260130,,6.950492,3.656133
sz000019,2000-01-21,12.600000,12.830000,12.000000,12.500000,-0.011858,920180.000000,11511658.380000,384045430.000000,1757146050.000000,0.029950,19.580374,1999-06-30,1999-08-14,62.538753,23.241537,,6.944936,3.653211
sz000019,2000-01-20,12.280000,12.700000,12.280000,12.650000,0.017699,458501.000000,5753144.100000,388653970.000000,1778231800.000000,0.014923,19.815344,1999-06-30,1999-08-14,63.289237,23.520442,,7.028277,3.697050
sz000019,2000-01-19,12.300000,12.650000,12.110000,12.430000,0.008110,329944.000000,4121984.650000,381894770.000000,1747306030.000000,0.010739,19.470731,1999-06-30,1999-08-14,62.188562,23.111394,,6.906047,3.632754
sz000019,2000-01-18,12.690000,12.740000,12.100000,12.330000,-0.021429,285097.000000,3543364.650000,378822410.000000,1733248860.000000,0.009279,19.314094,1999-06-30,1999-08-14,61.688270,22.925468,,6.850490,3.603530
sz000019,2000-01-17,12.000000,12.700000,11.900000,12.600000,0.048253,356104.000000,4422331.920000,387117790.000000,1771203220.000000,0.011591,19.737039,1999-06-30,1999-08-14,63.039135,23.427496,,7.000503,3.682441
sz000019,2000-01-14,12.220000,12.220000,11.830000,12.020000,-0.010700,345328.000000,4144729.390000,369298080.000000,1689671640.000000,0.011240,18.828507,1999-06-30,1999-08-14,60.137329,22.349086,,6.678258,3.512931
sz000019,2000-01-13,12.000000,12.400000,11.810000,12.150000,-0.004914,453692.000000,5526586.220000,373292150.000000,1707945960.000000,0.014767,19.032151,1999-06-30,1999-08-14,60.787758,22.590807,,6.750488,3.550926
sz000019,2000-01-12,12.580000,13.000000,11.800000,12.210000,-0.034019,1026549.000000,12564954.750000,375135570.000000,1716380260.000000,0.033412,19.126137,1999-06-30,1999-08-14,61.087944,22.702367,,6.783823,3.568462
sz000019,2000-01-11,13.200000,13.440000,12.510000,12.640000,-0.030675,2441091.000000,31937173.630000,388346730.000000,1776826090.000000,0.079453,19.799703,1999-06-30,1999-08-14,63.239281,23.501877,,7.022730,3.694132
sz000019,2000-01-10,11.910000,13.100000,11.620000,13.040000,0.092127,1823370.000000,23081413.320000,400636190.000000,1833054760.000000,0.059347,20.426279,1999-06-30,1999-08-14,65.240535,24.245611,,7.244969,3.811036
sz000019,2000-01-07,11.700000,11.980000,11.480000,11.940000,0.022260,915657.000000,10765595.750000,366840190.000000,1678425910.000000,0.029803,18.703209,1999-06-30,1999-08-14,59.737132,22.200359,,6.633816,3.489554
sz000019,2000-01-06,10.880000,11.980000,10.880000,11.680000,0.065693,466375.000000,5352929.790000,358852050.000000,1641877270.000000,0.015180,18.295941,1999-06-30,1999-08-14,58.436339,21.716940,,6.489362,3.413568
sz000019,2000-01-05,10.750000,11.100000,10.570000,10.960000,0.015755,382784.000000,4183922.200000,336731030.000000,1540665660.000000,0.012459,17.168116,1999-06-30,1999-08-14,54.834121,20.378232,,6.089336,3.203144
sz000019,2000-01-04,10.300000,10.850000,10.020000,10.790000,0.047573,208546.000000,2179871.200000,331508010.000000,1516768470.000000,0.006788,16.901828,1999-06-30,1999-08-14,53.983609,20.062153,,5.994886,3.153461
sz000019,1999-12-30,10.200000,10.370000,10.080000,10.300000,0.019802,25229.000000,256956.670000,316453430.000000,1447888350.000000,0.000821,16.134272,1999-06-30,1999-08-14,51.532074,19.151079,,5.722643,3.010254
sz000019,1999-12-29,10.090000,10.280000,10.080000,10.100000,-0.012708,52750.000000,535201.800000,310308700.000000,1419774010.000000,0.001717,15.820985,1999-06-30,1999-08-14,50.531450,18.779213,,5.611524,2.951802
sz000019,1999-12-28,10.180000,10.500000,10.160000,10.230000,0.015889,86947.000000,897778.540000,314302780.000000,1438048330.000000,0.002830,16.024626,1999-06-30,1999-08-14,51.181869,19.020931,,5.683753,2.989797
sz000019,1999-12-27,10.000000,10.100000,9.920000,10.070000,-0.009833,95920.000000,959274.000000,309386990.000000,1415556860.000000,0.003122,15.773993,1999-06-30,1999-08-14,50.381360,18.723434,,5.594856,2.943035
sz000019,1999-12-24,10.200000,10.420000,10.050000,10.170000,-0.002941,128100.000000,1297650.610000,312459360.000000,1429614030.000000,0.004169,15.930639,1999-06-30,1999-08-14,50.881679,18.909370,,5.650417,2.972261
sz000019,1999-12-23,10.200000,10.480000,10.010000,10.200000,0.002950,166044.000000,1697431.920000,313381070.000000,1433831180.000000,0.005404,15.977629,1999-06-30,1999-08-14,51.031764,18.965147,,5.667083,2.981028
sz000019,1999-12-22,10.200000,10.300000,10.100000,10.170000,-0.013579,74200.000000,757506.000000,312459360.000000,1429614030.000000,0.002415,15.930634,1999-06-30,1999-08-14,50.881663,18.909364,,5.650415,2.972260
sz000019,1999-12-21,10.400000,10.400000,10.090000,10.310000,-0.008654,103450.000000,1052559.500000,316760670.000000,1449294060.000000,0.003367,16.149934,1999-06-30,1999-08-14,51.582096,19.169669,,5.728198,3.013176
sz000019,1999-12-17,10.430000,10.450000,10.210000,10.400000,-0.002876,125368.000000,1289931.920000,319525790.000000,1461945510.000000,0.004081,16.290915,1999-06-30,1999-08-14,52.032384,19.337011,,5.778202,3.039480
sz000019,1999-12-16,10.650000,10.650000,10.380000,10.430000,-0.029767,167098.000000,1748432.000000,320447500.000000,1466162660.000000,0.005439,16.337903,1999-06-30,1999-08-14,52.182461,19.392785,,5.794869,3.048246
sz000019,1999-12-15,10.550000,10.900000,10.550000,10.750000,0.018957,288058.000000,3105105.700000,330279070.000000,1511145600.000000,0.009376,16.839154,1999-06-30,1999-08-14,53.783433,19.987761,,5.972657,3.141767
sz000019,1999-12-14,10.300000,10.650000,10.200000,10.550000,0.017358,229176.000000,2371257.920000,324134340.000000,1483031270.000000,0.007459,16.525873,1999-06-30,1999-08-14,52.782829,19.615902,,5.861539,3.083317
sz000019,1999-12-13,10.690000,10.800000,10.370000,10.370000,-0.036245,419286.000000,4389983.400000,318604080.000000,1457728360.000000,0.013647,16.243911,1999-06-30,1999-08-14,51.882256,19.281219,,5.761531,3.030710
sz000019,1999-12-10,11.300000,11.300000,10.690000,10.760000,-0.027125,307520.000000,3337484.000000,330586300.000000,1512551320.000000,0.010009,16.854814,1999-06-30,1999-08-14,53.833450,20.006349,,5.978211,3.144689
sz000019,1999-12-09,11.150000,11.250000,11.020000,11.060000,-0.014260,53450.000000,594514.000000,339803390.000000,1554722830.000000,0.001740,17.324748,1999-06-30,1999-08-14,55.334395,20.564151,,6.144891,3.232367
sz000019,1999-12-08,11.150000,11.350000,11.150000,11.220000,-0.002667,64466.000000,722886.540000,344719170.000000,1577214290.000000,0.002098,17.575373,1999-06-30,1999-08-14,56.134879,20.861638,,6.233785,3.279127
sz000019,1999-12-07,11.110000,11.360000,11.100000,11.250000,0.000000,43200.000000,484819.000000,345640880.000000,1581431450.000000,0.001406,17.622371,1999-06-30,1999-08-14,56.284991,20.917425,,6.250455,3.287896
sz000019,1999-12-06,11.000000,11.500000,11.000000,11.250000,-0.011424,87066.000000,977861.020000,345640880.000000,1581431450.000000,0.002834,17.622371,1999-06-30,1999-08-14,56.284991,20.917425,,6.250455,3.287896
sz000019,1999-12-03,11.700000,11.700000,11.330000,11.380000,0.006189,62900.000000,717540.000000,349634950.000000,1599705760.000000,0.002047,17.826016,1999-06-30,1999-08-14,56.935421,21.159147,,6.322685,3.325891
sz000019,1999-12-02,11.550000,11.700000,11.200000,11.310000,-0.018229,102262.000000,1167220.110000,347484300.000000,1589865750.000000,0.003328,17.716369,1999-06-30,1999-08-14,56.585215,21.028999,,6.283795,3.305434
sz000019,1999-12-01,11.420000,11.570000,11.310000,11.520000,0.009641,60650.000000,695289.300000,353936260.000000,1619385800.000000,0.001974,18.045317,1999-06-30,1999-08-14,57.635859,21.419454,,6.400469,3.366807
sz000019,1999-11-30,11.500000,11.600000,11.400000,11.410000,-0.006098,57154.000000,653736.300000,350556660.000000,1603922910.000000,0.001860,17.873004,1999-06-30,1999-08-14,57.085498,21.214921,,6.339351,3.334658
sz000019,1999-11-29,11.760000,11.760000,11.470000,11.480000,-0.006920,79500.000000,915352.760000,352707320.000000,1613762930.000000,0.002588,17.982662,1999-06-30,1999-08-14,57.435741,21.345083,,6.378246,3.355118
sz000019,1999-11-26,11.800000,11.800000,11.500000,11.560000,0.002602,117891.000000,1366990.770000,355165210.000000,1625008670.000000,0.003837,18.107969,1999-06-30,1999-08-14,57.835966,21.493821,,6.422691,3.378497
sz000019,1999-11-25,11.600000,11.980000,11.510000,11.530000,-0.031092,115010.000000,1336573.820000,354243500.000000,1620791520.000000,0.003743,18.060974,1999-06-30,1999-08-14,57.685867,21.438039,,6.406022,3.369729
sz000019,1999-11-24,11.920000,12.200000,11.890000,11.900000,-0.008333,110700.000000,1334228.480000,365611240.000000,1672803040.000000,0.003603,18.640546,1999-06-30,1999-08-14,59.536991,22.125980,,6.611590,3.477862
sz000019,1999-11-23,12.200000,12.240000,11.990000,12.000000,-0.016393,167300.000000,2021070.440000,368683610.000000,1686860210.000000,0.005445,18.797183,1999-06-30,1999-08-14,60.037282,22.311905,,6.667147,3.507087
sz000019,1999-11-22,12.340000,12.340000,12.000000,12.200000,0.015820,246631.000000,3002830.030000,374828330.000000,1714974540.000000,0.008027,19.110461,1999-06-30,1999-08-14,61.037876,22.683760,,6.778263,3.565537
sz000019,1999-11-19,11.900000,12.280000,11.610000,12.010000,0.012648,390769.000000,4718610.670000,368990840.000000,1688265920.000000,0.012719,18.812842,1999-06-30,1999-08-14,60.087295,22.330491,,6.672701,3.510008
sz000019,1999-11-18,11.700000,12.250000,11.700000,11.860000,-0.004198,401342.000000,4853323.100000,364382300.000000,1667180170.000000,0.013063,18.577869,1999-06-30,1999-08-14,59.336803,22.051583,,6.589359,3.466168
sz000019,1999-11-17,11.500000,12.080000,11.150000,11.910000,0.029386,268276.000000,3135715.390000,365918480.000000,1674208760.000000,0.008732,18.656188,1999-06-30,1999-08-14,59.586949,22.144546,,6.617138,3.480781
sz000019,1999-11-16,11.800000,12.090000,11.550000,11.570000,-0.031799,109321.000000,1279669.780000,355472450.000000,1626414380.000000,0.003558,18.123607,1999-06-30,1999-08-14,57.885914,21.512383,,6.428238,3.381414
sz000019,1999-11-15,11.900000,11.970000,11.580000,11.950000,-0.001671,146092.000000,1710479.530000,367147430.000000,1679831620.000000,0.004755,18.718848,1999-06-30,1999-08-14,59.787083,22.218922,,6.639363,3.492472
sz000019,1999-11-12,11.850000,12.100000,11.600000,11.970000,0.019591,756109.000000,9045464.270000,367761900.000000,1682643060.000000,0.024610,18.750180,1999-06-30,1999-08-14,59.887154,22.256112,,6.650476,3.498317
sz000019,1999-11-11,11.100000,11.900000,11.100000,11.740000,0.047279,991812.000000,11599201.560000,360695460.000000,1650311570.000000,0.032282,18.389903,1999-06-30,1999-08-14,58.736449,21.828471,,6.522690,3.431099
sz000019,1999-11-10,11.080000,11.400000,11.000000,11.210000,-0.006206,145497.000000,1625249.150000,344411940.000000,1575808580.000000,0.004736,17.559698,1999-06-30,1999-08-14,56.084815,20.843033,,6.228225,3.276203
sz000019,1999-11-09,11.380000,11.520000,11.070000,11.280000,-0.008787,88049.000000,986248.130000,346562590.000000,1585648600.000000,0.002866,17.669354,1999-06-30,1999-08-14,56.435051,20.973193,,6.267119,3.296662
sz000019,1999-11-08,10.900000,11.380000,10.900000,11.380000,0.022462,128281.000000,1434868.930000,349634950.000000,1599705760.000000,0.004175,17.825991,1999-06-30,1999-08-14,56.935342,21.159118,,6.322676,3.325887
sz000019,1999-11-05,11.150000,11.400000,11.050000,11.130000,0.006329,136798.000000,1527627.170000,341954050.000000,1564562840.000000,0.004453,17.434380,1999-06-30,1999-08-14,55.684555,20.694283,,6.183776,3.252822
sz000019,1999-11-04,11.240000,11.290000,11.000000,11.060000,-0.016014,104017.000000,1154986.300000,339803390.000000,1554722830.000000,0.003386,17.324732,1999-06-30,1999-08-14,55.334344,20.564132,,6.144885,3.232364
sz000019,1999-11-03,11.410000,11.410000,11.230000,11.240000,-0.014035,107266.000000,1213608.150000,345333650.000000,1580025730.000000,0.003491,17.606685,1999-06-30,1999-08-14,56.234890,20.898806,,6.244891,3.284970
sz000019,1999-11-02,11.410000,11.630000,11.400000,11.400000,-0.007833,100480.000000,1155096.530000,350249430.000000,1602517200.000000,0.003270,17.857313,1999-06-30,1999-08-14,57.035381,21.196296,,6.333786,3.331730
sz000019,1999-11-01,10.960000,11.960000,10.900000,11.490000,-0.036074,229141.000000,2637882.740000,353014550.000000,1615168650.000000,0.007458,17.998293,1999-06-30,1999-08-14,57.485666,21.363637,,6.383790,3.358034
sz000019,1999-10-29,11.980000,12.000000,11.710000,11.920000,-0.006667,109800.000000,1300252.000000,366225720.000000,1675614470.000000,0.003574,18.671862,1999-06-30,1999-08-14,59.637012,22.163151,,6.622697,3.483705
sz000019,1999-10-28,12.300000,12.350000,11.900000,12.000000,-0.023596,213580.000000,2583144.680000,368683610.000000,1686860210.000000,0.006952,18.797183,1999-06-30,1999-08-14,60.037280,22.311904,,6.667147,3.507087
sz000019,1999-10-27,12.060000,12.370000,11.940000,12.290000,0.032773,207501.000000,2524745.170000,377593460.000000,1727626000.000000,0.006754,19.251440,1999-06-30,1999-08-14,61.488155,22.851099,,6.828267,3.591840
sz000019,1999-10-26,11.970000,11.970000,11.600000,11.900000,0.017094,147645.000000,1735256.220000,365611240.000000,1672803040.000000,0.004806,18.640534,1999-06-30,1999-08-14,59.536950,22.125965,,6.611585,3.477860
sz000019,1999-10-25,12.100000,12.150000,11.620000,11.700000,-0.031457,72700.000000,859775.900000,359466520.000000,1644688700.000000,0.002366,18.327248,1999-06-30,1999-08-14,58.536330,21.754100,,6.500466,3.419409
sz000019,1999-10-22,11.570000,12.200000,11.570000,12.080000,0.041379,245676.000000,2932689.480000,371141500.000000,1698105940.000000,0.007996,18.922492,1999-06-30,1999-08-14,60.437513,22.460644,,6.711593,3.530467
sz000019,1999-10-21,12.000000,12.000000,11.500000,11.600000,-0.030100,69140.000000,806076.200000,356394150.000000,1630631530.000000,0.002250,18.170611,1999-06-30,1999-08-14,58.036040,21.568175,,6.444909,3.390184
sz000019,1999-10-20,11.240000,12.000000,11.240000,11.960000,0.046369,174513.000000,2030489.280000,367454660.000000,1681237340.000000,0.005680,18.734520,1999-06-30,1999-08-14,59.837138,22.237524,,6.644921,3.495395
sz000019,1999-10-19,11.720000,11.720000,11.360000,11.430000,-0.031356,129284.000000,1493464.240000,351171140.000000,1606734350.000000,0.004208,17.904315,1999-06-30,1999-08-14,57.185503,21.252086,,6.350457,3.340500
sz000019,1999-10-18,12.300000,12.680000,11.800000,11.800000,-0.022370,458400.000000,5622078.090000,362538880.000000,1658745870.000000,0.014920,18.483896,1999-06-30,1999-08-14,59.036657,21.940038,,6.556028,3.448635
sz000019,1999-10-15,11.360000,12.470000,11.360000,12.070000,0.064374,850691.000000,10332187.960000,370834260.000000,1696700230.000000,0.027688,18.906842,1999-06-30,1999-08-14,60.387526,22.442067,,6.706042,3.527546
sz000019,1999-10-14,11.650000,11.650000,11.110000,11.340000,-0.013913,296730.000000,3369227.900000,348406010.000000,1594082900.000000,0.009658,17.763344,1999-06-30,1999-08-14,56.735251,21.084757,,6.300456,3.314198
sz000019,1999-10-13,11.920000,12.010000,11.480000,11.500000,-0.034425,444500.000000,5198104.510000,353321790.000000,1616574370.000000,0.014468,18.013973,1999-06-30,1999-08-14,57.535745,21.382248,,6.389351,3.360959
sz000019,1999-10-12,12.200000,12.390000,11.850000,11.910000,-0.001676,142220.000000,1705099.600000,365918480.000000,1674208760.000000,0.004629,18.656213,1999-06-30,1999-08-14,59.587029,22.144575,,6.617147,3.480785
sz000019,1999-10-11,12.210000,12.360000,11.810000,11.930000,-0.022932,200650.000000,2413701.320000,366532950.000000,1677020190.000000,0.006531,18.687533,1999-06-30,1999-08-14,59.687064,22.181752,,6.628256,3.486629
sz000019,1999-10-08,12.980000,12.980000,12.200000,12.210000,-0.048324,90910.000000,1131163.600000,375135570.000000,1716380260.000000,0.002959,19.126133,1999-06-30,1999-08-14,61.087933,22.702363,,6.783822,3.568461
sz000019,1999-09-30,12.900000,12.990000,12.700000,12.830000,-0.013836,111063.000000,1426942.790000,394184220.000000,1803534710.000000,0.003615,20.097316,1999-06-30,1999-08-14,64.189843,23.855138,,7.128290,3.749659
sz000019,1999-09-29,12.690000,13.080000,12.560000,13.010000,0.017201,218011.000000,2782135.650000,399714480.000000,1828837610.000000,0.007096,20.379284,1999-06-30,1999-08-14,65.090434,24.189829,,7.228300,3.802268
sz000019,1999-09-28,13.150000,13.150000,12.600000,12.790000,-0.024409,285600.000000,3650391.780000,392955280.000000,1797911840.000000,0.009296,20.034668,1999-06-30,1999-08-14,63.989746,23.780776,,7.106069,3.737971
sz000019,1999-09-27,13.500000,13.500000,13.060000,13.110000,-0.024554,100345.000000,1318258.000000,402786840.000000,1842894780.000000,0.003266,20.535929,1999-06-30,1999-08-14,65.590751,24.375764,,7.283861,3.831494
sz000019,1999-09-24,13.180000,13.700000,13.050000,13.440000,0.020501,138340.000000,1837902.250000,412925640.000000,1889283430.000000,0.004503,21.052861,1999-06-30,1999-08-14,67.241806,24.989352,,7.467211,3.927940
sz000019,1999-09-23,13.500000,13.500000,13.010000,13.170000,-0.020089,171120.000000,2267122.250000,404630260.000000,1851329080.000000,0.005570,20.629927,1999-06-30,1999-08-14,65.890976,24.487337,,7.317201,3.849031
sz000019,1999-09-22,13.300000,13.500000,13.240000,13.440000,0.014340,191005.000000,2544925.410000,412925640.000000,1889283430.000000,0.006217,21.052858,1999-06-30,1999-08-14,67.241796,24.989348,,7.467209,3.927940
sz000019,1999-09-21,13.300000,13.600000,13.050000,13.250000,-0.019245,332720.000000,4430209.820000,407088150.000000,1862574810.000000,0.010829,20.755228,1999-06-30,1999-08-14,66.291180,24.636067,,7.361643,3.872409
sz000019,1999-09-20,13.960000,13.960000,13.500000,13.510000,-0.033619,291193.000000,3953715.770000,415076300.000000,1899123450.000000,0.009478,21.162500,1999-06-30,1999-08-14,67.591988,25.119492,,7.506098,3.948396
sz000019,1999-09-17,14.000000,14.020000,13.800000,13.980000,-0.003564,215362.000000,3000462.060000,429516400.000000,1965192140.000000,0.007010,21.898713,1999-06-30,1999-08-14,69.943416,25.993363,,7.767225,4.085755
sz000019,1999-09-16,13.750000,14.550000,13.600000,14.030000,0.020364,720848.000000,10196769.810000,431052590.000000,1972220730.000000,0.023462,21.977039,1999-06-30,1999-08-14,70.193586,26.086334,,7.795006,4.100369
sz000019,1999-09-15,13.750000,13.950000,13.650000,13.750000,-0.007220,443913.000000,6099788.360000,422449970.000000,1932860660.000000,0.014449,21.538431,1999-06-30,1999-08-14,68.792692,25.565714,,7.639437,4.018536
sz000019,1999-09-14,14.100000,14.100000,13.800000,13.850000,-0.019816,575637.000000,7989908.050000,425522330.000000,1946917820.000000,0.018736,21.695069,1999-06-30,1999-08-14,69.292987,25.751641,,7.694994,4.047760
sz000019,1999-09-13,14.260000,14.300000,13.750000,14.130000,-0.009811,1435398.000000,20080710.420000,434124950.000000,1986277890.000000,0.046720,22.133670,1999-06-30,1999-08-14,70.693856,26.272252,,7.850561,4.129592
sz000019,1999-09-10,13.300000,14.270000,13.000000,14.270000,0.100231,3856997.000000,54066080.970000,438426260.000000,2005957930.000000,0.125538,22.352975,1999-06-30,1999-08-14,71.394306,26.532563,,7.928346,4.170509
sz000019,1999-09-09,12.580000,12.990000,12.410000,12.970000,0.046812,1217010.000000,15584536.440000,398485530.000000,1823214740.000000,0.039612,20.316620,1999-06-30,1999-08-14,64.890287,24.115447,,7.206074,3.790576
sz000019,1999-09-08,12.180000,12.490000,12.010000,12.390000,0.016407,585661.000000,7158013.450000,380665830.000000,1741683160.000000,0.019062,19.408088,1999-06-30,1999-08-14,61.988483,23.037038,,6.883828,3.621067
sz000019,1999-09-07,12.150000,12.320000,12.010000,12.190000,0.006606,423929.000000,5164537.000000,374521100.000000,1713568830.000000,0.013798,19.094800,1999-06-30,1999-08-14,60.987855,22.665170,,6.772709,3.562615
sz000019,1999-09-06,11.800000,12.250000,11.700000,12.110000,0.021941,602350.000000,7268916.000000,372063210.000000,1702323090.000000,0.019605,18.969487,1999-06-30,1999-08-14,60.587613,22.516427,,6.728262,3.539235
sz000019,1999-09-03,11.820000,12.280000,11.800000,11.850000,-0.015781,546465.000000,6614565.550000,364075060.000000,1665774460.000000,0.017786,18.562214,1999-06-30,1999-08-14,59.286801,22.033001,,6.583806,3.463248
sz000019,1999-09-02,11.500000,12.080000,11.500000,12.040000,0.038827,956252.000000,11397197.000000,369912550.000000,1692483080.000000,0.031124,18.859841,1999-06-30,1999-08-14,60.237408,22.386278,,6.689371,3.518777
sz000019,1999-09-01,12.000000,12.000000,11.500000,11.590000,-0.030936,799228.000000,9317956.000000,356086920.000000,1629225820.000000,0.026013,18.154939,1999-06-30,1999-08-14,57.985986,21.549573,,6.439351,3.387260
sz000019,1999-08-31,12.130000,12.230000,11.610000,11.960000,-0.009934,830099.000000,9880884.000000,367454660.000000,1681237340.000000,0.027018,18.734510,1999-06-30,1999-08-14,59.837107,22.237513,,6.644918,3.495394
sz000019,1999-08-30,12.690000,12.770000,12.080000,12.080000,-0.048819,772715.000000,9523750.000000,371141500.000000,1698105940.000000,0.025151,18.922486,1999-06-30,1999-08-14,60.437493,22.460637,,6.711591,3.530465
sz000019,1999-08-27,12.750000,12.900000,12.630000,12.700000,-0.013975,452020.000000,5780776.000000,390190150.000000,1785260390.000000,0.014712,19.893675,1999-06-30,1999-08-14,63.539424,23.613420,,7.056061,3.711665
sz000019,1999-08-26,12.400000,12.900000,12.400000,12.880000,0.021412,596762.000000,7528785.000000,395720410.000000,1810563290.000000,0.019424,20.175630,1999-06-30,1999-08-14,64.439973,23.948095,,7.156067,3.764271
sz000019,1999-08-25,12.700000,13.000000,12.400000,12.610000,-0.011755,1266278.000000,16097432.000000,387425020.000000,1772608940.000000,0.041215,19.752685,1999-06-30,1999-08-14,63.089109,23.446068,,7.006053,3.685360
sz000019,1999-08-24,12.580000,12.980000,12.400000,12.760000,0.014308,1659431.000000,21051274.350000,392033570.000000,1793694690.000000,0.054012,19.987640,1999-06-30,1999-08-14,63.839542,23.724955,,7.089389,3.729197
sz000019,1999-08-23,11.420000,12.580000,11.420000,12.580000,0.099650,2096084.000000,25348229.000000,386503320.000000,1768391780.000000,0.068224,19.705691,1999-06-30,1999-08-14,62.939011,23.390286,,6.989385,3.676592
sz000019,1999-08-20,11.750000,11.750000,11.400000,11.440000,-0.012942,993744.000000,11466931.000000,351478370.000000,1608140060.000000,0.032345,17.919966,1999-06-30,1999-08-14,57.235494,21.270665,,6.356008,3.343420
sz000019,1999-08-19,11.500000,11.840000,11.200000,11.590000,0.028394,2088197.000000,24321628.000000,356086920.000000,1629225820.000000,0.067967,18.154927,1999-06-30,1999-08-14,57.985948,21.549559,,6.439346,3.387258
sz000019,1999-08-18,10.700000,11.300000,10.500000,11.270000,0.053271,2067916.000000,22886312.000000,346255360.000000,1584242880.000000,0.067307,17.653669,1999-06-30,1999-08-14,56.384954,20.954575,,6.261556,3.293736
sz000019,1999-08-17,10.390000,10.750000,10.350000,10.700000,0.020992,416379.000000,4427153.000000,328742880.000000,1504117020.000000,0.013552,16.760804,1999-06-30,1999-08-14,53.533187,19.894761,,5.944867,3.127149
sz000019,1999-08-16,10.880000,10.900000,10.280000,10.480000,-0.031423,575615.000000,6019990.000000,321983680.000000,1473191250.000000,0.018735,16.416196,1999-06-30,1999-08-14,52.432524,19.485717,,5.822638,3.062854
sz000019,1999-08-13,10.300000,11.060000,10.300000,10.820000,0.050485,1385775.000000,14906402.550000,332429720.000000,1520985620.000000,0.045105,16.948777,1998-12-31,1999-03-25,55.426839,20.114532,,6.155651,3.162220
sz000019,1999-08-12,10.200000,10.450000,10.190000,10.300000,0.010795,587985.000000,6049053.000000,316453430.000000,1447888350.000000,0.019138,16.134240,1998-12-31,1999-03-25,52.763094,19.147853,,5.859818,3.010248
sz000019,1999-08-11,11.060000,11.060000,10.150000,10.190000,-0.067704,535000.000000,5599208.000000,313073830.000000,1432425460.000000,0.017413,15.961931,1998-12-31,1999-03-25,52.199599,18.943360,,5.797237,2.978099
sz000019,1999-08-10,11.050000,11.080000,10.670000,10.930000,-0.009066,1135710.000000,12355140.000000,335809320.000000,1536448510.000000,0.036965,17.121098,1998-12-31,1999-03-25,55.990371,20.319040,,6.218236,3.194371
sz000019,1999-08-09,10.800000,11.200000,10.700000,11.030000,0.016590,1329607.000000,14686978.000000,338881680.000000,1550505670.000000,0.043276,17.277738,1998-12-31,1999-03-25,56.502624,20.504938,,6.275127,3.223596
sz000019,1999-08-06,10.990000,11.080000,10.400000,10.850000,-0.012739,1684271.000000,18010037.000000,333351430.000000,1525202770.000000,0.054820,16.995778,1998-12-31,1999-03-25,55.580543,20.170312,,6.172721,3.170989
sz000019,1999-08-05,11.160000,11.300000,10.900000,10.990000,-0.005430,1949319.000000,21630412.000000,337652740.000000,1544882810.000000,0.063447,17.215081,1998-12-31,1999-03-25,56.297719,20.430577,,6.252370,3.211906
sz000019,1999-08-04,10.500000,11.420000,10.300000,11.050000,0.054389,3910764.000000,42714265.000000,339496160.000000,1553317110.000000,0.127288,17.309069,1998-12-31,1999-03-25,56.605085,20.542121,,6.286506,3.229442
sz000019,1999-08-03,10.200000,10.640000,10.000000,10.480000,0.082645,2177160.000000,22615213.000000,321983680.000000,1473191250.000000,0.070863,16.416208,1998-12-31,1999-03-25,53.685201,19.482488,,5.962226,3.062856
sz000019,1999-08-02,9.680000,9.720000,9.500000,9.680000,0.013613,574259.000000,5530448.000000,297404780.000000,1360733900.000000,0.018691,15.163057,1998-12-31,1999-03-25,49.587077,17.995269,,5.507093,2.829049
sz000019,1999-07-30,9.410000,9.640000,9.300000,9.550000,0.015957,521448.000000,4956694.000000,293410700.000000,1342459580.000000,0.016972,14.959414,1998-12-31,1999-03-25,48.921114,17.753589,,5.433131,2.791055
sz000019,1999-07-29,9.350000,9.650000,9.190000,9.400000,0.019523,713577.000000,6726875.000000,288802160.000000,1321373830.000000,0.023226,14.724456,1998-12-31,1999-03-25,48.152740,17.474745,,5.347797,2.747217
sz000019,1999-07-28,9.210000,9.530000,9.020000,9.220000,0.022173,750732.000000,6999033.000000,283271910.000000,1296070930.000000,0.024435,14.442495,1998-12-31,1999-03-25,47.230656,17.140118,,5.245391,2.694610
sz000019,1999-07-27,9.050000,9.340000,8.810000,9.020000,-0.002212,880881.000000,8079773.000000,277127180.000000,1267956590.000000,0.028671,14.129208,1998-12-31,1999-03-25,46.206128,16.768314,,5.131608,2.636159
sz000019,1999-07-26,8.710000,9.130000,8.700000,9.040000,0.049942,781623.000000,7021342.000000,277741650.000000,1270768020.000000,0.025440,14.160531,1998-12-31,1999-03-25,46.308562,16.805488,,5.142984,2.642003
sz000019,1999-07-23,8.400000,8.730000,8.400000,8.610000,0.015330,338466.000000,2902650.000000,264530490.000000,1210322200.000000,0.011016,13.486965,1998-12-31,1999-03-25,44.105829,16.006111,,4.898351,2.516332
sz000019,1999-07-22,8.730000,8.810000,8.460000,8.480000,-0.041808,437495.000000,3770970.000000,260536420.000000,1192047880.000000,0.014240,13.283332,1998-12-31,1999-03-25,43.439895,15.764442,,4.824393,2.478339
sz000019,1999-07-21,8.900000,9.040000,8.600000,8.850000,0.000000,626196.000000,5527710.000000,271904160.000000,1244059400.000000,0.020382,13.862913,1998-12-31,1999-03-25,45.335272,16.452279,,5.034891,2.586475
sz000019,1999-07-20,8.300000,8.850000,8.200000,8.850000,0.066265,364352.000000,3114573.000000,271904160.000000,1244059400.000000,0.011859,13.862913,1998-12-31,1999-03-25,45.335272,16.452279,,5.034891,2.586475
sz000019,1999-07-19,8.700000,8.700000,8.200000,8.300000,-0.048165,487210.000000,4073822.000000,255006160.000000,1166744980.000000,0.015858,13.001376,1998-12-31,1999-03-25,42.517829,15.429822,,4.721989,2.425734
sz000019,1999-07-16,8.900000,9.020000,8.700000,8.720000,-0.020225,283380.000000,2505628.000000,267910090.000000,1225785080.000000,0.009224,13.659275,1998-12-31,1999-03-25,44.669327,16.210606,,4.960932,2.548481
sz000019,1999-07-15,9.160000,9.200000,8.890000,8.900000,-0.023052,316737.000000,2842974.000000,273440340.000000,1251087990.000000,0.010309,13.941237,1998-12-31,1999-03-25,45.591413,16.545233,,5.063338,2.601088
sz000019,1999-07-14,8.930000,9.150000,8.880000,9.110000,0.025901,296704.000000,2674729.000000,279892310.000000,1280608040.000000,0.009657,14.270193,1998-12-31,1999-03-25,46.667185,16.935633,,5.182812,2.662463
sz000019,1999-07-13,9.300000,9.320000,8.820000,8.880000,-0.055319,331152.000000,2999155.000000,272825870.000000,1248276550.000000,0.010778,13.909913,1998-12-31,1999-03-25,45.488975,16.508058,,5.051961,2.595244
sz000019,1999-07-12,9.220000,9.500000,9.050000,9.400000,0.039823,645041.000000,6003147.000000,288802160.000000,1321373830.000000,0.020995,14.724455,1998-12-31,1999-03-25,48.152736,17.474743,,5.347796,2.747217
sz000019,1999-07-09,9.000000,9.200000,8.900000,9.040000,0.011061,494446.000000,4500004.000000,277741650.000000,1270768020.000000,0.016093,14.160540,1998-12-31,1999-03-25,46.308589,16.805498,,5.142987,2.642005
sz000019,1999-07-08,9.150000,9.200000,9.040000,9.040000,-0.003308,609276.000000,5558087.000000,277741650.000000,1270768020.000000,0.019831,14.005624,1998-12-31,1999-03-25,45.801974,16.621646,,5.086723,2.613101
sz000019,1999-07-07,9.000000,9.090000,8.780000,9.070000,0.028345,411924.000000,3684077.000000,278663360.000000,1274985170.000000,0.013407,14.052108,1998-12-31,1999-03-25,45.953989,16.676813,,5.103606,2.621774
sz000019,1999-07-06,8.930000,9.300000,8.780000,8.820000,-0.030769,511726.000000,4593062.000000,270982450.000000,1239842250.000000,0.016656,13.664780,1998-12-31,1999-03-25,44.687327,16.217138,,4.962931,2.549508
sz000019,1999-07-05,9.470000,9.470000,9.050000,9.100000,-0.024652,735900.000000,6759865.000000,279585070.000000,1279202320.000000,0.023952,14.098579,1998-12-31,1999-03-25,46.105961,16.731964,,5.120483,2.630444
sz000019,1999-07-02,8.920000,9.350000,8.730000,9.330000,0.068729,778585.000000,7062900.000000,286651510.000000,1311533810.000000,0.025342,14.454922,1998-12-31,1999-03-25,47.271293,17.154866,,5.249904,2.696929
sz000019,1999-07-01,9.300000,9.300000,8.730000,8.730000,-0.100000,431600.000000,3844359.000000,268217320.000000,1227190800.000000,0.014048,13.525339,1998-12-31,1999-03-25,44.231319,16.051652,,4.912287,2.523492
sz000019,1999-06-30,10.210000,10.300000,9.600000,9.700000,-0.049951,1661340.000000,16448987.000000,298019250.000000,1363545330.000000,0.054074,15.028154,1998-12-31,1999-03-25,49.145910,17.835168,,5.458097,2.803880
sz000019,1999-06-29,10.510000,10.650000,10.020000,10.210000,-0.024833,1783201.000000,18186207.000000,313688300.000000,1435236890.000000,0.058040,15.818294,1998-12-31,1999-03-25,51.729869,18.772893,,5.745069,2.951300
sz000019,1999-06-28,9.900000,10.500000,9.800000,10.470000,0.048048,1920085.000000,19556597.000000,321676450.000000,1471785530.000000,0.062495,16.221112,1998-12-31,1999-03-25,53.047190,19.250952,,5.891369,3.026456
sz000019,1999-06-25,10.900000,10.950000,9.920000,9.990000,-0.082645,2314722.000000,24448297.000000,306929100.000000,1404311120.000000,0.075340,15.477452,1998-12-31,1999-03-25,50.615229,18.368388,,5.621278,2.887708
sz000019,1999-06-24,10.800000,10.980000,10.530000,10.890000,0.009268,2079018.000000,22298969.000000,334580370.000000,1530825640.000000,0.067668,16.871824,1998-12-31,1999-03-25,55.175182,20.023206,,6.127702,3.147863
sz000019,1999-06-23,11.010000,11.010000,10.600000,10.790000,-0.019982,1628223.000000,17578857.000000,331508010.000000,1516768470.000000,0.052996,16.716892,1998-12-31,1999-03-25,54.668514,19.839335,,6.071432,3.118956
sz000019,1999-06-22,10.300000,11.150000,9.950000,11.010000,0.071012,2124199.000000,22035173.000000,338267210.000000,1547694240.000000,0.069139,17.057739,1998-12-31,1999-03-25,55.783174,20.243847,,6.195225,3.182550
sz000019,1999-06-21,10.000000,10.400000,9.900000,10.280000,0.023904,1379880.000000,14098552.000000,315838960.000000,1445076910.000000,0.044913,15.926749,1998-12-31,1999-03-25,52.084546,18.901606,,5.784459,2.971535
sz000019,1999-06-18,9.960000,10.160000,9.700000,10.040000,0.008032,1386279.000000,13792296.000000,308465290.000000,1411339710.000000,0.045121,15.554924,1998-12-31,1999-03-25,50.868583,18.460331,,5.649416,2.902162
sz000019,1999-06-17,10.300000,10.370000,9.680000,9.960000,-0.020649,1444339.000000,14301494.000000,306007390.000000,1400093970.000000,0.047011,15.430983,1998-12-31,1999-03-25,50.463262,18.313239,,5.604401,2.879038
sz000019,1999-06-16,9.700000,10.200000,9.600000,10.170000,0.044148,1503126.000000,14879926.000000,312459360.000000,1429614030.000000,0.048924,15.756335,1998-12-31,1999-03-25,51.527248,18.699362,,5.722566,2.939740
sz000019,1999-06-15,10.800000,10.980000,9.660000,9.740000,-0.091418,2319395.000000,23758563.000000,299248200.000000,1369168200.000000,0.075492,15.090136,1998-12-31,1999-03-25,49.348606,17.908727,,5.480608,2.815444
sz000019,1999-06-14,10.290000,10.800000,10.100000,10.720000,0.054081,2034028.000000,21125910.000000,329357360.000000,1506928450.000000,0.066204,16.608447,1998-12-31,1999-03-25,54.313872,19.710634,,6.032046,3.098723
sz000019,1999-06-11,9.780000,10.500000,9.650000,10.170000,0.036697,2282459.000000,23140083.000000,312459360.000000,1429614030.000000,0.074290,15.756329,1998-12-31,1999-03-25,51.527228,18.699354,,5.722564,2.939739
sz000019,1999-06-10,9.600000,10.100000,9.280000,9.810000,0.045842,2279394.000000,22077114.000000,301398850.000000,1379008220.000000,0.074190,15.198586,1998-12-31,1999-03-25,49.703267,18.037435,,5.519997,2.835678
sz000019,1999-06-09,9.260000,9.500000,8.960000,9.380000,0.012959,1251011.000000,11611125.000000,288187690.000000,1318562400.000000,0.040718,14.532392,1998-12-31,1999-03-25,47.524642,17.246807,,5.278041,2.711383
sz000019,1999-06-08,9.550000,9.640000,9.100000,9.260000,-0.024236,1181901.000000,11002914.000000,284500850.000000,1301693790.000000,0.038469,14.346476,1998-12-31,1999-03-25,46.916649,17.026164,,5.210518,2.676696
sz000019,1999-06-07,9.300000,9.750000,9.200000,9.490000,0.018240,2213905.000000,20912627.000000,291567290.000000,1334025280.000000,0.072059,14.702814,1998-12-31,1999-03-25,48.081964,17.449060,,5.339936,2.743179
sz000019,1999-06-04,9.030000,9.820000,8.700000,9.320000,0.032115,3919527.000000,36155582.000000,286344270.000000,1310128090.000000,0.127574,14.439438,1998-12-31,1999-03-25,47.220659,17.136490,,5.244281,2.694040
sz000019,1999-06-03,8.250000,9.100000,8.190000,9.030000,0.087952,1418826.000000,12218145.000000,277434420.000000,1269362310.000000,0.046180,13.990145,1998-12-31,1999-03-25,45.751354,16.603276,,5.081101,2.610213
sz000019,1999-06-02,8.690000,8.800000,8.250000,8.300000,-0.033760,884337.000000,7485986.000000,255006160.000000,1166744980.000000,0.028784,12.859156,1998-12-31,1999-03-25,42.052732,15.261037,,4.670336,2.399199
sz000019,1999-06-01,8.350000,8.750000,8.350000,8.590000,0.029976,1044490.000000,8935122.000000,263916020.000000,1207510770.000000,0.033996,13.308450,1998-12-31,1999-03-25,43.522036,15.794251,,4.833515,2.483026
sz000019,1999-05-31,8.320000,8.750000,8.010000,8.340000,0.009685,872922.000000,7377657.000000,256235110.000000,1172367840.000000,0.028412,12.921126,1998-12-31,1999-03-25,42.255389,15.334582,,4.692843,2.410761
sz000019,1999-05-28,8.650000,8.650000,8.150000,8.260000,-0.033918,694898.000000,5751392.000000,253777220.000000,1161122110.000000,0.022618,12.797185,1998-12-31,1999-03-25,41.850071,15.187491,,4.647828,2.387637
sz000019,1999-05-27,8.480000,8.700000,8.300000,8.550000,0.023952,998411.000000,8491268.000000,262687070.000000,1201887900.000000,0.032497,13.246479,1998-12-31,1999-03-25,43.319378,15.720706,,4.811008,2.471464
sz000019,1999-05-26,7.900000,8.350000,7.900000,8.350000,0.047679,921733.000000,7569869.000000,256542340.000000,1173773560.000000,0.030001,12.936621,1998-12-31,1999-03-25,42.306063,15.352971,,4.698470,2.413652
sz000019,1999-05-25,8.300000,8.320000,7.880000,7.970000,-0.033939,549578.000000,4481765.000000,244867360.000000,1120356320.000000,0.017888,12.347886,1998-12-31,1999-03-25,40.380749,14.654271,,4.484647,2.303809
sz000019,1999-05-24,8.050000,8.310000,7.850000,8.250000,0.031250,614499.000000,4923944.000000,253469980.000000,1159716390.000000,0.020001,12.781684,1998-12-31,1999-03-25,41.799378,15.169094,,4.642198,2.384744
sz000019,1999-05-21,7.940000,8.200000,7.890000,8.000000,0.012658,537597.000000,4323159.000000,245789070.000000,1124573470.000000,0.017498,12.394360,1998-12-31,1999-03-25,40.532730,14.709425,,4.501526,2.312479
sz000019,1999-05-20,7.600000,7.980000,7.520000,7.900000,0.047745,365681.000000,2837679.000000,242716710.000000,1110516300.000000,0.011902,12.239433,1998-12-31,1999-03-25,40.026080,14.525560,,4.445258,2.283574
sz000019,1999-05-19,7.290000,7.590000,7.250000,7.540000,0.045770,172695.000000,1280480.000000,231656200.000000,1059910500.000000,0.005621,11.681691,1998-12-31,1999-03-25,38.202120,13.863641,,4.242690,2.179513
sz000019,1999-05-18,7.210000,7.330000,7.210000,7.210000,-0.005517,94835.000000,689101.000000,221517400.000000,1013521840.000000,0.003087,11.170421,1998-12-31,1999-03-25,36.530136,13.256874,,4.057001,2.084123
sz000019,1999-05-17,7.400000,7.450000,7.120000,7.250000,0.001381,76653.000000,556951.000000,222746350.000000,1019144710.000000,0.002495,11.232390,1998-12-31,1999-03-25,36.732790,13.330418,,4.079508,2.095685
sz000019,1999-05-14,7.410000,7.500000,7.200000,7.240000,-0.030790,179400.000000,1314091.000000,222439110.000000,1017738990.000000,0.005839,11.216900,1998-12-31,1999-03-25,36.682132,13.312034,,4.073882,2.092795
sz000019,1999-05-13,7.520000,7.690000,7.430000,7.470000,-0.014512,113903.000000,858850.000000,229505550.000000,1050070480.000000,0.003707,11.573240,1998-12-31,1999-03-25,37.847456,13.734932,,4.203302,2.159279
sz000019,1999-05-12,7.500000,7.640000,7.500000,7.580000,-0.001318,139629.000000,1055656.000000,232885150.000000,1065533360.000000,0.004545,11.743664,1998-12-31,1999-03-25,38.404786,13.937189,,4.265198,2.191076
sz000019,1999-05-11,7.250000,7.590000,7.250000,7.590000,0.041152,226732.000000,1689151.000000,233192380.000000,1066939080.000000,0.007380,11.759162,1998-12-31,1999-03-25,38.455470,13.955582,,4.270827,2.193967
sz000019,1999-05-10,7.500000,7.700000,7.230000,7.290000,-0.067775,275800.000000,2048999.000000,223975290.000000,1024767580.000000,0.008977,11.294376,1998-12-31,1999-03-25,36.935500,13.403982,,4.102021,2.107250
sz000019,1999-05-07,8.050000,8.050000,7.800000,7.820000,-0.013871,129899.000000,1023875.000000,240258820.000000,1099270570.000000,0.004228,12.115504,1998-12-31,1999-03-25,39.620800,14.378483,,4.400248,2.260452
sz000019,1999-05-06,7.860000,8.000000,7.780000,7.930000,0.019280,116370.000000,915575.000000,243638420.000000,1114733450.000000,0.003788,12.285922,1998-12-31,1999-03-25,40.178111,14.580733,,4.462142,2.292248
sz000019,1999-05-04,7.900000,7.900000,7.710000,7.780000,-0.011436,92972.000000,725039.000000,239029870.000000,1093647700.000000,0.003026,12.053530,1998-12-31,1999-03-25,39.418129,14.304933,,4.377739,2.248889
sz000019,1999-04-30,7.900000,7.930000,7.770000,7.870000,-0.002535,103060.000000,806813.000000,241795000.000000,1106299150.000000,0.003354,12.192969,1998-12-31,1999-03-25,39.874130,14.470417,,4.428382,2.274905
sz000019,1999-04-29,7.620000,7.900000,7.620000,7.890000,0.032723,159669.000000,1246783.000000,242409470.000000,1109110590.000000,0.005197,12.223957,1998-12-31,1999-03-25,39.975468,14.507193,,4.439637,2.280686
sz000019,1999-04-28,7.650000,7.870000,7.630000,7.640000,-0.003911,95900.000000,742389.460000,234728560.000000,1073967670.000000,0.003121,11.836627,1998-12-31,1999-03-25,38.708799,14.047516,,4.298962,2.208420
sz000019,1999-04-27,7.870000,8.000000,7.660000,7.670000,-0.034005,256390.000000,1989421.000000,235650270.000000,1078184820.000000,0.008345,11.883102,1998-12-31,1999-03-25,38.860784,14.102672,,4.315841,2.217091
sz000019,1999-04-26,8.200000,8.230000,7.880000,7.940000,-0.026961,218600.000000,1755858.000000,243945650.000000,1116139170.000000,0.007115,12.301411,1998-12-31,1999-03-25,40.228763,14.599114,,4.467767,2.295137
sz000019,1999-04-23,8.000000,8.250000,8.000000,8.160000,0.013665,198888.000000,1618448.000000,250704850.000000,1147064940.000000,0.006473,12.642259,1998-12-31,1999-03-25,41.343423,15.003627,,4.591561,2.358731
sz000019,1999-04-22,8.180000,8.210000,7.810000,8.050000,-0.019488,274169.000000,2194463.000000,247325250.000000,1131602060.000000,0.008924,12.471832,1998-12-31,1999-03-25,40.786081,14.801367,,4.529663,2.326934
sz000019,1999-04-21,8.180000,8.380000,8.090000,8.210000,0.003667,299424.000000,2467934.000000,252241040.000000,1154093530.000000,0.009746,12.719713,1998-12-31,1999-03-25,41.596718,15.095549,,4.619691,2.373182
sz000019,1999-04-20,8.050000,8.200000,8.040000,8.180000,0.019950,203292.000000,1652270.760000,251319330.000000,1149876380.000000,0.006617,12.673241,1998-12-31,1999-03-25,41.444740,15.040396,,4.602813,2.364512
sz000019,1999-04-19,8.200000,8.230000,7.860000,8.020000,-0.023143,401038.000000,3200596.000000,246403540.000000,1127384910.000000,0.013053,12.425355,1998-12-31,1999-03-25,40.634090,14.746209,,4.512783,2.318262
sz000019,1999-04-16,8.250000,8.400000,8.180000,8.210000,-0.017943,356830.000000,2948837.000000,252241040.000000,1154093530.000000,0.011614,12.719727,1998-12-31,1999-03-25,41.596764,15.095565,,4.619696,2.373185
sz000019,1999-04-15,8.670000,8.700000,8.250000,8.360000,-0.030162,184800.000000,1571763.000000,256849580.000000,1175179280.000000,0.006015,12.952127,1998-12-31,1999-03-25,42.356772,15.371374,,4.704102,2.416545
sz000019,1999-04-14,8.500000,8.700000,8.480000,8.620000,0.010551,160300.000000,1377149.000000,264837730.000000,1211727920.000000,0.005217,13.354939,1998-12-31,1999-03-25,43.674069,15.849424,,4.850400,2.491700
sz000019,1999-04-13,8.530000,8.780000,8.520000,8.530000,-0.005828,222778.000000,1913201.000000,262072600.000000,1199076460.000000,0.007251,13.215502,1998-12-31,1999-03-25,43.218075,15.683943,,4.799758,2.465684
sz000019,1999-04-12,8.650000,8.790000,8.560000,8.580000,-0.025000,281210.000000,2433092.300000,263608780.000000,1206105050.000000,0.009153,13.292974,1998-12-31,1999-03-25,43.471426,15.775885,,4.827894,2.480138
sz000019,1999-04-09,8.800000,8.910000,8.660000,8.800000,-0.005650,348349.000000,3042576.010000,270367980.000000,1237030820.000000,0.011338,13.633819,1998-12-31,1999-03-25,44.586078,16.180395,,4.951687,2.543732
sz000019,1999-04-08,9.030000,9.090000,8.760000,8.850000,-0.017758,444226.000000,3936215.000000,271904160.000000,1244059400.000000,0.014459,13.711288,1998-12-31,1999-03-25,44.839421,16.272333,,4.979823,2.558185
sz000019,1999-04-07,9.000000,9.250000,8.850000,9.010000,0.003341,367595.000000,3331533.760000,276819940.000000,1266550870.000000,0.011965,13.959175,1998-12-31,1999-03-25,45.650075,16.566522,,5.069853,2.604435
sz000019,1999-04-06,9.160000,9.190000,8.920000,8.980000,-0.024973,428623.000000,3872225.000000,275898230.000000,1262333720.000000,0.013951,13.912693,1998-12-31,1999-03-25,45.498066,16.511357,,5.052971,2.595762
sz000019,1999-04-05,9.100000,9.400000,9.100000,9.210000,0.017680,660009.000000,6101071.000000,282964670.000000,1294665210.000000,0.021482,14.269033,1998-12-31,1999-03-25,46.663391,16.934256,,5.182391,2.662247
sz000019,1999-04-02,9.150000,9.200000,8.910000,9.050000,-0.010929,589776.000000,5339277.000000,278048890.000000,1272173740.000000,0.019196,14.021140,1998-12-31,1999-03-25,45.852715,16.640060,,5.092358,2.615996
sz000019,1999-04-01,8.880000,9.170000,8.710000,9.150000,0.039773,952081.000000,8583108.000000,281121250.000000,1286230910.000000,0.030989,14.176070,1998-12-31,1999-03-25,46.359377,16.823929,,5.148627,2.644902
sz000019,1999-03-31,8.750000,8.950000,8.650000,8.800000,0.013825,451232.000000,3980854.000000,270367980.000000,1237030820.000000,0.014687,13.633812,1998-12-31,1999-03-25,44.586055,16.180386,,4.951684,2.543730
sz000019,1999-03-30,9.050000,9.080000,8.680000,8.680000,-0.035556,426000.000000,3764516.000000,266681140.000000,1220162220.000000,0.013866,13.447895,1998-12-31,1999-03-25,43.978059,15.959743,,4.884161,2.509043
sz000019,1999-03-29,8.910000,9.000000,8.700000,9.000000,0.022727,740387.000000,6575839.000000,276512710.000000,1265145160.000000,0.024098,13.943676,1998-12-31,1999-03-25,45.599391,16.548128,,5.064224,2.601543
sz000019,1999-03-26,8.450000,8.940000,8.450000,8.800000,0.042654,846550.000000,7410860.000000,270367980.000000,1237030820.000000,0.027554,13.633821,1998-12-31,1999-03-25,44.586083,16.180396,,4.951687,2.543732
sz000019,1999-03-25,8.350000,8.690000,8.210000,8.440000,0.019324,404660.000000,3443949.000000,259307470.000000,1186425010.000000,0.013171,13.076074,1998-12-31,1999-03-25,42.762108,15.518471,,4.749118,2.439670
sz000019,1999-03-24,8.410000,8.530000,8.200000,8.280000,-0.013111,263292.000000,2190242.000000,254391690.000000,1163933540.000000,0.008570,12.828182,1998-06-30,1998-08-11,44.567425,18.615886,,4.856214,2.393420
sz000019,1999-03-23,8.390000,8.550000,8.270000,8.390000,0.003589,264290.000000,2214561.000000,257771290.000000,1179396430.000000,0.008602,12.998607,1998-06-30,1998-08-11,45.159511,18.863201,,4.920729,2.425217
sz000019,1999-03-22,8.400000,8.560000,8.330000,8.360000,-0.025641,240870.000000,2022851.000000,256849580.000000,1175179280.000000,0.007840,12.952122,1998-06-30,1998-08-11,44.998013,18.795743,,4.903132,2.416544
sz000019,1999-03-19,8.200000,8.580000,8.200000,8.580000,0.036232,226406.000000,1902825.000000,263608780.000000,1206105050.000000,0.007369,13.292966,1998-06-30,1998-08-11,46.182170,19.290368,,5.032162,2.480137
sz000019,1999-03-18,8.410000,8.580000,8.260000,8.280000,-0.031579,484257.000000,4062427.000000,254391690.000000,1163933540.000000,0.015762,12.828176,1998-06-30,1998-08-11,44.567404,18.615877,,4.856211,2.393419
sz000019,1999-03-17,9.080000,9.100000,8.530000,8.550000,-0.050000,499300.000000,4365361.000000,262687070.000000,1201887900.000000,0.016251,13.246487,1998-06-30,1998-08-11,46.020692,19.222918,,5.014566,2.471465
sz000019,1999-03-16,8.780000,9.070000,8.750000,9.000000,0.020408,476282.000000,4243886.000000,276512710.000000,1265145160.000000,0.015502,13.943670,1998-06-30,1998-08-11,48.442833,20.234650,,5.278491,2.601542
sz000019,1999-03-15,8.750000,8.950000,8.680000,8.820000,0.008000,434343.000000,3819613.000000,270982450.000000,1239842250.000000,0.014137,13.664799,1998-06-30,1998-08-11,47.473984,19.829960,,5.172922,2.549512
sz000019,1999-03-12,8.760000,8.980000,8.600000,8.750000,-0.011299,550139.000000,4832786.000000,268831800.000000,1230002240.000000,0.017906,13.556348,1998-06-30,1998-08-11,47.097207,19.672580,,5.131867,2.529277
sz000019,1999-03-11,8.470000,9.150000,8.450000,8.850000,0.057348,1509832.000000,13447484.000000,271904160.000000,1244059400.000000,0.049142,13.711272,1998-06-30,1998-08-11,47.635439,19.897400,,5.190515,2.558182
sz000019,1999-03-10,7.900000,8.400000,7.900000,8.370000,0.039752,519458.000000,4298023.000000,257156820.000000,1176585000.000000,0.016907,12.967606,1998-06-30,1998-08-11,45.051808,18.818214,,4.908994,2.419433
sz000019,1999-03-09,8.110000,8.280000,8.000000,8.050000,-0.018293,360880.000000,2925928.000000,247325250.000000,1131602060.000000,0.011746,12.471826,1998-06-30,1998-08-11,43.329379,18.098752,,4.721312,2.326933
sz000019,1999-03-08,8.250000,8.300000,8.000000,8.200000,-0.003645,297892.000000,2413285.000000,251933800.000000,1152687810.000000,0.009696,12.704224,1998-06-30,1998-08-11,44.136773,18.436002,,4.809288,2.370292
sz000019,1999-03-05,8.000000,8.490000,8.000000,8.230000,0.022360,753109.000000,6226813.000000,252855510.000000,1156904960.000000,0.024512,12.750700,1998-06-30,1998-08-11,44.298240,18.503447,,4.826882,2.378964
sz000019,1999-03-04,7.880000,8.180000,7.690000,8.050000,0.012579,417756.000000,3326009.000000,247325250.000000,1131602060.000000,0.013597,12.471830,1998-06-30,1998-08-11,43.329395,18.098759,,4.721314,2.326933
sz000019,1999-03-03,7.830000,7.970000,7.700000,7.950000,0.017926,352610.000000,2780270.000000,244252890.000000,1117544890.000000,0.011477,12.316896,1998-06-30,1998-08-11,42.791125,17.873923,,4.662662,2.298027
sz000019,1999-03-02,7.360000,7.850000,7.350000,7.810000,0.056834,221758.000000,1691219.000000,239951580.000000,1097864850.000000,0.007218,12.099992,1998-06-30,1998-08-11,42.037560,17.559157,,4.580551,2.257558
sz000019,1999-03-01,7.410000,7.450000,7.230000,7.390000,0.009563,141300.000000,1039076.600000,227047660.000000,1038824740.000000,0.004599,11.449283,1998-06-30,1998-08-11,39.776881,16.614868,,4.334220,2.136151
sz000019,1999-02-09,7.470000,7.470000,7.000000,7.320000,0.016667,167600.000000,1219174.000000,224897000.000000,1028984730.000000,0.005455,11.340831,1998-06-30,1998-08-11,39.400097,16.457485,,4.293165,2.115917
sz000019,1999-02-08,7.390000,7.400000,7.180000,7.200000,-0.024390,135042.000000,978768.000000,221210160.000000,1012116120.000000,0.004395,11.154912,1998-06-30,1998-08-11,38.754181,16.187685,,4.222783,2.081229
sz000019,1999-02-05,7.400000,7.500000,7.380000,7.380000,-0.012048,119015.000000,884068.000000,226740420.000000,1037419030.000000,0.003874,11.433782,1998-06-30,1998-08-11,39.723026,16.592373,,4.328352,2.133259
sz000019,1999-02-04,7.520000,7.600000,7.400000,7.470000,-0.007968,143473.000000,1075476.000000,229505550.000000,1050070480.000000,0.004670,11.573216,1998-06-30,1998-08-11,40.207445,16.794715,,4.381136,2.159274
sz000019,1999-02-03,7.790000,7.790000,7.500000,7.530000,-0.027132,98400.000000,747688.000000,231348960.000000,1058504780.000000,0.003203,11.666172,1998-06-30,1998-08-11,40.530392,16.929610,,4.416325,2.176618
sz000019,1999-02-02,7.500000,7.750000,7.400000,7.740000,0.030626,199834.000000,1517095.000000,237800930.000000,1088024830.000000,0.006504,11.991526,1998-06-30,1998-08-11,41.660730,17.401755,,4.539491,2.237321
sz000019,1999-02-01,7.670000,7.760000,7.500000,7.510000,-0.023407,239800.000000,1815651.000000,230734490.000000,1055693350.000000,0.007805,11.635187,1998-06-30,1998-08-11,40.422744,16.884646,,4.404595,2.170836
sz000019,1999-01-29,7.730000,7.850000,7.600000,7.690000,-0.017880,201740.000000,1557488.000000,236264750.000000,1080996250.000000,0.006566,11.914059,1998-06-30,1998-08-11,41.391597,17.289337,,4.510165,2.222867
sz000019,1999-01-28,8.170000,8.250000,7.780000,7.830000,-0.020025,507952.000000,4070784.000000,240566050.000000,1100676290.000000,0.016533,12.130961,1998-06-30,1998-08-11,42.145152,17.604098,,4.592275,2.263336
sz000019,1999-01-27,7.580000,8.080000,7.540000,7.990000,0.051316,699300.000000,5565400.000000,245481840.000000,1123167760.000000,0.022761,12.378847,1998-06-30,1998-08-11,43.006354,17.963824,,4.686114,2.309585
sz000019,1999-01-26,7.380000,7.640000,7.380000,7.600000,0.014686,132113.000000,992403.000000,233499620.000000,1068344800.000000,0.004300,11.774621,1998-06-30,1998-08-11,40.907162,17.086988,,4.457379,2.196851
sz000019,1999-01-25,7.650000,7.670000,7.480000,7.490000,-0.013175,177600.000000,1348154.000000,230120020.000000,1052881910.000000,0.005781,11.604201,1998-06-30,1998-08-11,40.315095,16.839681,,4.392866,2.165055
sz000019,1999-01-22,7.660000,7.660000,7.520000,7.590000,0.003968,173720.000000,1315179.000000,233192380.000000,1066939080.000000,0.005654,11.759128,1998-06-30,1998-08-11,40.853337,17.064505,,4.451514,2.193961
sz000019,1999-01-21,7.380000,7.560000,7.360000,7.560000,0.014765,124254.000000,924094.000000,232270670.000000,1062721930.000000,0.004044,11.712652,1998-06-30,1998-08-11,40.691872,16.997061,,4.433921,2.185290
sz000019,1999-01-20,7.560000,7.700000,7.370000,7.450000,-0.011936,123210.000000,919617.200000,228891070.000000,1047259050.000000,0.004010,11.542231,1998-06-30,1998-08-11,40.099799,16.749751,,4.369406,2.153493
sz000019,1999-01-19,7.400000,7.550000,7.370000,7.540000,0.020298,101754.000000,760374.940000,231656200.000000,1059910500.000000,0.003312,11.681663,1998-06-30,1998-08-11,40.584212,16.952091,,4.422190,2.179508
sz000019,1999-01-18,7.280000,7.410000,7.130000,7.390000,0.015110,273667.000000,1990252.690000,227047660.000000,1038824740.000000,0.008907,11.449266,1998-06-30,1998-08-11,39.776822,16.614843,,4.334214,2.136148
sz000019,1999-01-15,7.510000,7.580000,7.280000,7.280000,-0.044619,206800.000000,1531716.670000,223668060.000000,1023361860.000000,0.006731,11.278843,1998-06-30,1998-08-11,39.184740,16.367530,,4.269699,2.104352
sz000019,1999-01-14,7.700000,7.700000,7.490000,7.620000,0.000000,129208.000000,978416.330000,234114090.000000,1071156230.000000,0.004205,11.805597,1998-06-30,1998-08-11,41.014779,17.131940,,4.469106,2.202631
sz000019,1999-01-13,7.900000,7.900000,7.600000,7.620000,-0.023077,148028.000000,1144408.230000,234114090.000000,1071156230.000000,0.004818,11.805597,1998-06-30,1998-08-11,41.014779,17.131940,,4.469106,2.202631
sz000019,1999-01-12,8.050000,8.050000,7.770000,7.800000,-0.045288,156800.000000,1242144.000000,239644350.000000,1096459140.000000,0.005104,12.084470,1998-06-30,1998-08-11,41.983635,17.536633,,4.574675,2.254662
sz000019,1999-01-11,8.000000,8.180000,7.900000,8.170000,0.018703,247834.000000,1985407.640000,251012090.000000,1148470660.000000,0.008067,12.657713,1998-06-30,1998-08-11,43.975183,18.368506,,4.791681,2.361614
sz000019,1999-01-08,7.680000,8.100000,7.680000,8.020000,0.040208,493939.000000,3960034.930000,246403540.000000,1127384910.000000,0.016077,12.425322,1998-06-30,1998-08-11,43.167816,18.031267,,4.703708,2.318256
sz000019,1999-01-07,7.550000,7.720000,7.500000,7.710000,0.014474,92840.000000,705588.360000,236879220.000000,1083807680.000000,0.003022,11.945036,1998-06-30,1998-08-11,41.499215,17.334290,,4.521891,2.228647
sz000019,1999-01-06,7.230000,7.650000,7.230000,7.600000,0.027027,160768.000000,1214074.720000,233499620.000000,1068344800.000000,0.005233,11.774610,1998-06-30,1998-08-11,40.907125,17.086973,,4.457375,2.196849
sz000019,1999-01-05,7.450000,7.600000,7.200000,7.400000,-0.006711,135167.000000,997379.000000,227354890.000000,1040230460.000000,0.004399,11.464752,1998-06-30,1998-08-11,39.830623,16.637316,,4.340076,2.139038
sz000019,1999-01-04,7.670000,7.680000,7.400000,7.450000,-0.029948,135234.000000,1020274.680000,228891070.000000,1047259050.000000,0.004402,11.542212,1998-06-30,1998-08-11,40.099732,16.749723,,4.369399,2.153490
sz000019,1998-12-31,7.750000,7.750000,7.600000,7.680000,-0.011583,28300.000000,217116.000000,235957510.000000,1079590530.000000,0.000921,11.898550,1998-06-30,1998-08-11,41.337714,17.266830,,4.504294,2.219973
sz000019,1998-12-30,7.690000,7.890000,7.560000,7.770000,0.005175,261632.000000,2007501.320000,238600800.000000,1092241980.000000,0.008520,12.037986,1998-06-30,1998-08-11,41.822140,17.469176,,4.557078,2.245989
sz000019,1998-12-29,7.960000,8.070000,7.530000,7.730000,-0.040943,237305.000000,1845472.900000,237372480.000000,1086619120.000000,0.007728,11.976010,1998-06-30,1998-08-11,41.606825,17.379238,,4.533617,2.234426
sz000019,1998-12-28,8.300000,8.320000,7.950000,8.060000,-0.017073,192640.000000,1559844.120000,247506110.000000,1133007770.000000,0.006273,12.487276,1998-06-30,1998-08-11,43.383057,18.121174,,4.727161,2.329815
sz000019,1998-12-25,8.400000,8.400000,8.180000,8.200000,-0.015606,172514.000000,1423166.380000,251805220.000000,1152687810.000000,0.005618,12.704175,1998-06-30,1998-08-11,44.136602,18.435930,,4.809270,2.370283
sz000019,1998-12-24,8.500000,8.500000,8.180000,8.330000,-0.017689,164195.000000,1361481.050000,255797260.000000,1170962130.000000,0.005347,12.905579,1998-06-30,1998-08-11,44.836317,18.728203,,4.885513,2.407860
sz000019,1998-12-23,8.580000,8.600000,8.310000,8.480000,-0.015099,183440.000000,1548699.200000,260403450.000000,1192047880.000000,0.005974,13.137977,1998-06-30,1998-08-11,45.643709,19.065451,,4.973489,2.451220
sz000019,1998-12-22,8.470000,8.680000,8.240000,8.610000,0.015330,507905.000000,4315692.100000,264395480.000000,1210322200.000000,0.016540,13.339388,1998-06-30,1998-08-11,46.343448,19.357734,,5.049735,2.488798
sz000019,1998-12-21,8.350000,8.490000,8.080000,8.480000,0.020457,258970.000000,2163002.800000,260403450.000000,1192047880.000000,0.008433,13.137983,1998-06-30,1998-08-11,45.643730,19.065460,,4.973491,2.451221
sz000019,1998-12-18,8.300000,8.540000,8.110000,8.310000,-0.004790,181332.000000,1509310.280000,255183100.000000,1168150690.000000,0.005905,12.874607,1998-06-30,1998-08-11,44.728715,18.683257,,4.873788,2.402082
sz000019,1998-12-17,8.500000,8.800000,8.350000,8.350000,-0.051136,162908.000000,1378435.560000,256411420.000000,1173773560.000000,0.005305,12.936573,1998-06-30,1998-08-11,44.943996,18.773180,,4.897246,2.413643
sz000019,1998-12-16,8.900000,8.900000,8.600000,8.800000,-0.016760,218340.000000,1918295.000000,270230000.000000,1237030820.000000,0.007110,13.633749,1998-06-30,1998-08-11,47.366110,19.784901,,5.161168,2.543718
sz000019,1998-12-15,8.800000,8.950000,8.580000,8.950000,0.000000,227126.000000,1997307.100000,274836190.000000,1258116570.000000,0.007396,13.866145,1998-06-30,1998-08-11,48.173498,20.122148,,5.249143,2.587078
sz000019,1998-12-14,8.810000,9.100000,8.800000,8.950000,-0.002230,293900.000000,2622620.700000,274836190.000000,1258116570.000000,0.009571,13.866145,1998-06-30,1998-08-11,48.173498,20.122148,,5.249143,2.587078
sz000019,1998-12-11,8.900000,9.000000,8.800000,8.970000,0.003356,112502.000000,996396.950000,275450350.000000,1260928010.000000,0.003664,13.897136,1998-06-30,1998-08-11,48.281165,20.167121,,5.260875,2.592860
sz000019,1998-12-10,9.000000,9.200000,8.900000,8.940000,-0.017582,108300.000000,973652.060000,274529110.000000,1256710850.000000,0.003527,13.850653,1998-06-30,1998-08-11,48.119675,20.099667,,5.243279,2.584187
sz000019,1998-12-09,9.000000,9.150000,8.950000,9.100000,0.007752,195500.000000,1771556.630000,279442380.000000,1279202320.000000,0.006366,14.098534,1998-06-30,1998-08-11,48.980856,20.459383,,5.337116,2.630436
sz000019,1998-12-08,8.960000,9.200000,8.900000,9.030000,0.007813,324800.000000,2936553.000000,277292820.000000,1269362310.000000,0.010577,13.990083,1998-06-30,1998-08-11,48.604078,20.302002,,5.296061,2.610201
sz000019,1998-12-07,9.250000,9.500000,8.950000,8.960000,-0.016465,178400.000000,1622763.160000,275143270.000000,1259522290.000000,0.005810,13.881625,1998-06-30,1998-08-11,48.227278,20.144612,,5.255003,2.589966
sz000019,1998-12-04,9.100000,9.280000,8.900000,9.110000,0.001099,308092.000000,2813855.690000,279749460.000000,1280608040.000000,0.010033,14.114013,1998-06-30,1998-08-11,49.034633,20.481846,,5.342975,2.633324
sz000019,1998-12-03,9.280000,9.280000,8.960000,9.100000,-0.018339,242616.000000,2193311.380000,279442380.000000,1279202320.000000,0.007901,14.098518,1998-06-30,1998-08-11,48.980803,20.459361,,5.337110,2.630433
sz000019,1998-12-02,9.110000,9.280000,8.920000,9.270000,0.012009,361466.000000,3274935.020000,284662730.000000,1303099510.000000,0.011771,14.361901,1998-06-30,1998-08-11,49.895843,20.841575,,5.436816,2.679574
sz000019,1998-12-01,9.440000,9.500000,9.100000,9.160000,-0.020321,118510.000000,1087331.740000,281284860.000000,1287636630.000000,0.003859,14.191476,1998-06-30,1998-08-11,49.303754,20.594258,,5.372300,2.647776
sz000019,1998-11-30,9.440000,9.450000,9.050000,9.350000,0.006459,324137.000000,2995491.740000,287119370.000000,1314345250.000000,0.010555,14.485843,1998-06-30,1998-08-11,50.326438,21.021435,,5.483735,2.702698
sz000019,1998-11-27,9.160000,9.440000,9.050000,9.290000,-0.007479,328002.000000,3014949.800000,285276890.000000,1305910940.000000,0.010681,14.392879,1998-06-30,1998-08-11,50.003466,20.886529,,5.448543,2.685353
sz000019,1998-11-26,9.460000,9.560000,9.170000,9.360000,-0.013699,313018.000000,2940932.220000,287426450.000000,1315750960.000000,0.010193,14.501334,1998-06-30,1998-08-11,50.380259,21.043916,,5.489599,2.705588
sz000019,1998-11-25,9.600000,9.660000,9.450000,9.490000,-0.001053,300612.000000,2860402.930000,291418480.000000,1334025280.000000,0.009789,14.702747,1998-06-30,1998-08-11,51.080004,21.336201,,5.565846,2.743167
sz000019,1998-11-24,9.450000,9.570000,9.400000,9.500000,0.002110,133550.000000,1265443.500000,291725560.000000,1335431000.000000,0.004349,14.718246,1998-06-30,1998-08-11,51.133848,21.358692,,5.571713,2.746059
sz000019,1998-11-23,9.000000,9.740000,9.000000,9.480000,0.002114,132060.000000,1248289.260000,291111400.000000,1332619560.000000,0.004301,14.687256,1998-06-30,1998-08-11,51.026183,21.313720,,5.559981,2.740277
sz000019,1998-11-20,9.400000,9.500000,9.350000,9.460000,0.001058,277356.000000,2614188.140000,290497240.000000,1329808130.000000,0.009032,14.656272,1998-06-30,1998-08-11,50.918541,21.268758,,5.548252,2.734496
sz000019,1998-11-19,9.500000,9.700000,9.400000,9.450000,-0.011506,347900.000000,3320968.040000,290190170.000000,1328402410.000000,0.011329,14.640782,1998-06-30,1998-08-11,50.864726,21.246279,,5.542388,2.731606
sz000019,1998-11-18,9.700000,9.700000,9.550000,9.560000,-0.019487,325101.000000,3131110.500000,293568040.000000,1343865300.000000,0.010587,14.811200,1998-06-30,1998-08-11,51.456788,21.493584,,5.606901,2.763402
sz000019,1998-11-17,10.080000,10.140000,9.700000,9.750000,-0.023046,485118.000000,4791383.300000,299402550.000000,1370573920.000000,0.015798,15.105562,1998-06-30,1998-08-11,52.479455,21.920754,,5.718335,2.818322
sz000019,1998-11-16,9.650000,10.200000,9.650000,9.980000,0.036345,913966.000000,9114408.940000,306465380.000000,1402905410.000000,0.029763,15.461897,1998-06-30,1998-08-11,53.717427,22.437857,,5.853228,2.884805
sz000019,1998-11-13,9.620000,9.700000,9.450000,9.630000,0.004171,313504.000000,2986773.200000,295717600.000000,1353705320.000000,0.010209,14.919643,1998-06-30,1998-08-11,51.833537,21.650953,,5.647953,2.783634
sz000019,1998-11-12,9.650000,9.830000,9.510000,9.590000,-0.013374,416200.000000,4007443.740000,294489280.000000,1348082450.000000,0.013553,14.857671,1998-06-30,1998-08-11,51.618238,21.561022,,5.624493,2.772072
sz000019,1998-11-11,9.560000,9.880000,9.560000,9.720000,0.011446,315386.000000,3066007.650000,298481310.000000,1366356770.000000,0.010270,15.059071,1998-06-30,1998-08-11,52.317938,21.853288,,5.700735,2.809648
sz000019,1998-11-10,9.740000,9.800000,9.560000,9.610000,-0.017382,522543.000000,5033337.160000,295103440.000000,1350893880.000000,0.017017,14.888656,1998-06-30,1998-08-11,51.725883,21.605986,,5.636223,2.777853
sz000019,1998-11-09,9.620000,9.800000,9.480000,9.780000,0.013472,695554.000000,6715958.590000,300323790.000000,1374791070.000000,0.022651,15.152028,1998-06-30,1998-08-11,52.640887,21.988184,,5.735925,2.826992
sz000019,1998-11-06,9.920000,9.920000,9.600000,9.650000,-0.027218,910303.000000,8876027.740000,296331760.000000,1356516750.000000,0.029644,14.950614,1998-06-30,1998-08-11,51.941136,21.695897,,5.659678,2.789413
sz000019,1998-11-05,9.950000,9.980000,9.780000,9.920000,0.000000,392296.000000,3880102.840000,304622900.000000,1394471110.000000,0.012775,15.368925,1998-06-30,1998-08-11,53.394426,22.302938,,5.818033,2.867459
sz000019,1998-11-04,10.000000,10.100000,9.800000,9.920000,-0.010967,497921.000000,4939299.140000,304622900.000000,1394471110.000000,0.016215,15.368925,1998-06-30,1998-08-11,53.394426,22.302938,,5.818033,2.867459
sz000019,1998-11-03,10.300000,10.300000,9.980000,10.030000,-0.017630,660643.000000,6648005.540000,308000780.000000,1409933990.000000,0.021514,15.539345,1998-06-30,1998-08-11,53.986496,22.550247,,5.882547,2.899255
sz000019,1998-11-02,9.850000,10.290000,9.850000,10.210000,0.041837,1212736.000000,12238110.620000,313528210.000000,1435236890.000000,0.039493,15.818220,1998-06-30,1998-08-11,54.955359,22.954943,,5.988117,2.951287
sz000019,1998-10-30,9.650000,10.200000,9.650000,9.800000,-0.009100,1278097.000000,12749718.600000,300937950.000000,1377602500.000000,0.041621,15.183009,1998-06-30,1998-08-11,52.748519,22.033142,,5.747653,2.832772
sz000019,1998-10-29,9.650000,9.950000,9.350000,9.890000,0.030208,1597550.000000,15513450.770000,303701670.000000,1390253950.000000,0.052024,15.322443,1998-06-30,1998-08-11,53.232939,22.235485,,5.800437,2.858787
sz000019,1998-10-28,9.250000,9.620000,9.110000,9.600000,0.044614,830268.000000,7840878.660000,294796360.000000,1349488170.000000,0.027038,14.873155,1998-06-30,1998-08-11,51.672030,21.583491,,5.630355,2.774961
sz000019,1998-10-27,9.200000,9.200000,8.980000,9.190000,0.008782,190703.000000,1727698.960000,282206100.000000,1291853780.000000,0.006210,14.237943,1998-06-30,1998-08-11,49.465190,20.661690,,5.389890,2.656446
sz000019,1998-10-26,8.930000,9.150000,8.580000,9.110000,0.009978,431685.000000,3824367.540000,279749460.000000,1280608040.000000,0.014058,14.113994,1998-06-30,1998-08-11,49.034568,20.481819,,5.342968,2.633320
sz000019,1998-10-23,9.000000,9.130000,8.950000,9.020000,0.002222,223435.000000,2019630.100000,276985750.000000,1267956590.000000,0.007276,13.974556,1998-06-30,1998-08-11,48.550135,20.279470,,5.290183,2.607305
sz000019,1998-10-22,8.800000,9.090000,8.780000,9.000000,0.008969,369277.000000,3292479.980000,276371590.000000,1265145160.000000,0.012025,13.943573,1998-06-30,1998-08-11,48.442496,20.234509,,5.278454,2.601524
sz000019,1998-10-21,9.380000,9.380000,8.880000,8.920000,-0.051064,397145.000000,3623758.900000,273914950.000000,1253899420.000000,0.012933,13.819625,1998-06-30,1998-08-11,48.011877,20.054639,,5.231533,2.578398
sz000019,1998-10-20,9.580000,9.580000,9.350000,9.400000,-0.018789,329667.000000,3102184.000000,288654770.000000,1321373830.000000,0.010736,14.563285,1998-06-30,1998-08-11,50.595485,21.133816,,5.513051,2.717147
sz000019,1998-10-19,9.380000,9.750000,9.380000,9.580000,0.024599,846802.000000,8130702.640000,294182200.000000,1346676730.000000,0.027576,14.842154,1998-06-30,1998-08-11,51.564327,21.538503,,5.618619,2.769177
sz000019,1998-10-16,9.210000,9.450000,9.120000,9.350000,0.027473,557848.000000,5207049.810000,287119370.000000,1314345250.000000,0.018166,14.485817,1998-06-30,1998-08-11,50.326349,21.021398,,5.483725,2.702693
sz000019,1998-10-15,9.030000,9.150000,8.930000,9.100000,0.007752,214682.000000,1940379.840000,279442380.000000,1279202320.000000,0.006991,14.098489,1998-06-30,1998-08-11,48.980703,20.459319,,5.337099,2.630428
sz000019,1998-10-14,9.200000,9.250000,9.020000,9.030000,-0.018478,219726.000000,1997056.420000,277292820.000000,1269362310.000000,0.007155,13.990039,1998-06-30,1998-08-11,48.603925,20.301938,,5.296044,2.610193
sz000019,1998-10-13,9.290000,9.450000,9.100000,9.200000,-0.002169,305820.000000,2838832.420000,282513180.000000,1293259490.000000,0.009959,14.253413,1998-06-30,1998-08-11,49.518936,20.684140,,5.395747,2.659332
sz000019,1998-10-12,8.980000,9.300000,8.910000,9.220000,0.024444,302319.000000,2762222.350000,283127340.000000,1296070930.000000,0.009845,14.284396,1998-06-30,1998-08-11,49.626576,20.729101,,5.407475,2.665113
sz000019,1998-10-09,9.070000,9.110000,8.880000,9.000000,-0.007718,169680.000000,1520558.000000,276371590.000000,1265145160.000000,0.005526,13.943560,1998-06-30,1998-08-11,48.442449,20.234490,,5.278449,2.601521
sz000019,1998-10-08,9.000000,9.080000,8.800000,9.070000,0.014541,141385.000000,1264631.800000,278521140.000000,1274985170.000000,0.004604,14.052013,1998-06-30,1998-08-11,48.819236,20.391874,,5.319505,2.621756
sz000019,1998-10-07,8.290000,9.360000,8.290000,8.940000,0.009029,130100.000000,1161000.000000,274529110.000000,1256710850.000000,0.004237,13.850611,1998-06-30,1998-08-11,48.119529,20.099606,,5.243263,2.584180
sz000019,1998-10-06,9.080000,9.140000,8.860000,8.860000,-0.025303,201000.000000,1802300.000000,272072470.000000,1245465120.000000,0.006546,13.726673,1998-06-30,1998-08-11,47.688946,19.919750,,5.196345,2.561056
sz000019,1998-10-05,9.300000,9.310000,9.000000,9.090000,-0.013029,192340.000000,1750430.930000,279135300.000000,1277796610.000000,0.006264,14.083016,1998-06-30,1998-08-11,48.926944,20.436864,,5.331241,2.627541
sz000019,1998-09-30,9.180000,9.340000,9.160000,9.210000,0.012088,201710.000000,1862304.980000,282820260.000000,1294665210.000000,0.006569,14.268926,1998-06-30,1998-08-11,49.572829,20.706651,,5.401619,2.662227
sz000019,1998-09-29,9.300000,9.300000,9.050000,9.100000,-0.017279,218135.000000,1996564.960000,279442380.000000,1279202320.000000,0.007104,14.098503,1998-06-30,1998-08-11,48.980750,20.459339,,5.337104,2.630430
sz000019,1998-09-28,9.150000,9.480000,9.130000,9.260000,0.016465,381681.000000,3555265.430000,284355650.000000,1301693790.000000,0.012429,14.346394,1998-06-30,1998-08-11,49.841969,20.819071,,5.430945,2.676680
sz000019,1998-09-25,8.700000,9.120000,8.700000,9.110000,0.028217,287610.000000,2559186.680000,279749460.000000,1280608040.000000,0.009366,14.114007,1998-06-30,1998-08-11,49.034614,20.481838,,5.342973,2.633323
sz000019,1998-09-24,8.950000,9.200000,8.820000,8.860000,-0.015556,263800.000000,2375269.310000,272072470.000000,1245465120.000000,0.008591,13.726681,1998-06-30,1998-08-11,47.688974,19.919762,,5.196348,2.561057
sz000019,1998-09-23,9.100000,9.100000,8.910000,9.000000,-0.003322,232400.000000,2094446.200000,276371590.000000,1265145160.000000,0.007568,13.943588,1998-06-30,1998-08-11,48.442546,20.234530,,5.278460,2.601527
sz000019,1998-09-22,9.000000,9.230000,8.910000,9.030000,0.005568,281028.000000,2544205.100000,277292820.000000,1269362310.000000,0.009152,13.990063,1998-06-30,1998-08-11,48.604009,20.301974,,5.296053,2.610198
sz000019,1998-09-21,8.710000,8.990000,8.630000,8.980000,0.015837,343990.000000,3042981.600000,275757430.000000,1262333720.000000,0.011202,13.912597,1998-06-30,1998-08-11,48.334880,20.189558,,5.266728,2.595745
sz000019,1998-09-18,9.180000,9.180000,8.700000,8.840000,-0.030702,496089.000000,4445175.240000,271458310.000000,1242653690.000000,0.016155,13.695699,1998-06-30,1998-08-11,47.581335,19.874801,,5.184619,2.555277
sz000019,1998-09-17,9.390000,9.690000,9.000000,9.120000,-0.021459,582649.000000,5490950.980000,280056540.000000,1282013760.000000,0.018974,14.129503,1998-06-30,1998-08-11,49.088448,20.504325,,5.348839,2.636214
sz000019,1998-09-16,9.170000,9.430000,9.080000,9.320000,0.000000,486615.000000,4492710.350000,286198130.000000,1310128090.000000,0.015847,14.439357,1998-06-30,1998-08-11,50.164938,20.953976,,5.466137,2.694025
sz000019,1998-09-15,9.600000,9.700000,9.290000,9.320000,-0.031185,681866.000000,6430144.430000,286198130.000000,1310128090.000000,0.022205,14.439357,1998-06-30,1998-08-11,50.164938,20.953976,,5.466137,2.694025
sz000019,1998-09-14,9.220000,9.750000,9.200000,9.620000,0.060639,878816.000000,8338709.370000,295410520.000000,1352299600.000000,0.028619,14.904142,1998-06-30,1998-08-11,51.779687,21.628460,,5.642086,2.780742
sz000019,1998-09-11,8.850000,9.250000,8.680000,9.070000,0.024859,727699.000000,6597725.420000,278521140.000000,1274985170.000000,0.023697,14.052041,1998-06-30,1998-08-11,48.819332,20.391914,,5.319515,2.621761
sz000019,1998-09-10,8.650000,9.250000,8.550000,8.850000,0.043632,1340710.000000,12007799.010000,271765390.000000,1244059400.000000,0.043660,13.711194,1998-06-30,1998-08-11,47.635169,19.897288,,5.190485,2.558168
sz000019,1998-09-09,8.130000,8.490000,8.020000,8.480000,0.040491,502080.000000,4200641.420000,260403450.000000,1192047880.000000,0.016350,13.137959,1998-06-30,1998-08-11,45.643646,19.065425,,4.973482,2.451216
sz000019,1998-09-08,8.400000,8.450000,8.090000,8.150000,-0.029762,330683.000000,2727684.480000,250269830.000000,1145659220.000000,0.010769,12.626691,1998-06-30,1998-08-11,43.867410,18.323489,,4.779938,2.355827
sz000019,1998-09-07,8.120000,8.420000,8.120000,8.400000,0.037037,415771.000000,3455032.110000,257946810.000000,1180802150.000000,0.013540,13.014015,1998-06-30,1998-08-11,45.213041,18.885561,,4.926562,2.428091
sz000019,1998-09-04,7.900000,8.190000,7.900000,8.100000,0.018868,219100.000000,1774791.000000,248734430.000000,1138630640.000000,0.007135,12.549229,1998-06-30,1998-08-11,43.598291,18.211077,,4.750614,2.341374
sz000019,1998-09-03,7.950000,8.000000,7.800000,7.950000,0.008883,134811.000000,1066117.640000,244128230.000000,1117544890.000000,0.004390,12.316835,1998-06-30,1998-08-11,42.790912,17.873834,,4.662639,2.298015
sz000019,1998-09-02,7.910000,8.000000,7.750000,7.880000,0.000000,158400.000000,1247295.000000,241978680.000000,1107704870.000000,0.005158,12.208388,1998-06-30,1998-08-11,42.414147,17.716458,,4.621585,2.277782
sz000019,1998-09-01,7.910000,8.060000,7.780000,7.880000,-0.015000,216870.000000,1716012.670000,241978680.000000,1107704870.000000,0.007062,12.208388,1998-06-30,1998-08-11,42.414147,17.716458,,4.621585,2.277782
sz000019,1998-08-31,7.800000,8.100000,7.400000,8.000000,0.006289,242508.000000,1870090.700000,245663630.000000,1124573470.000000,0.007897,12.394302,1998-06-30,1998-08-11,43.060048,17.986252,,4.691965,2.312469
sz000019,1998-08-28,8.040000,8.160000,7.900000,7.950000,-0.012422,188564.000000,1504259.600000,244128230.000000,1117544890.000000,0.006141,12.316842,1998-06-30,1998-08-11,42.790936,17.873843,,4.662641,2.298016
sz000019,1998-08-27,8.300000,8.300000,8.010000,8.050000,-0.042806,318429.000000,2599689.810000,247199030.000000,1131602060.000000,0.010370,12.471766,1998-06-30,1998-08-11,43.329171,18.098665,,4.721289,2.326921
sz000019,1998-08-26,7.900000,8.580000,7.880000,8.410000,0.042131,901588.000000,7464266.400000,258253890.000000,1182207860.000000,0.029360,13.029507,1998-06-30,1998-08-11,45.266864,18.908043,,4.932427,2.430982
sz000019,1998-08-25,8.100000,8.290000,7.880000,8.070000,-0.014652,318609.000000,2549351.850000,247813190.000000,1134413490.000000,0.010375,12.502753,1998-06-30,1998-08-11,43.436827,18.143633,,4.733020,2.332703
sz000019,1998-08-24,8.000000,8.380000,7.900000,8.190000,0.017391,380189.000000,3104456.700000,251498140.000000,1151282090.000000,0.012381,12.688668,1998-06-30,1998-08-11,44.082727,18.413427,,4.803399,2.367390
sz000019,1998-08-21,8.100000,8.200000,7.860000,8.050000,-0.004944,295866.000000,2364658.940000,247199030.000000,1131602060.000000,0.009635,12.471771,1998-06-30,1998-08-11,43.329189,18.098673,,4.721291,2.326922
sz000019,1998-08-20,7.880000,8.100000,7.700000,8.090000,0.037179,297655.000000,2366825.000000,248427350.000000,1137224920.000000,0.009693,12.533738,1998-06-30,1998-08-11,43.544473,18.188597,,4.744749,2.338484
sz000019,1998-08-19,7.350000,7.850000,7.350000,7.800000,0.054054,241110.000000,1862079.850000,239522040.000000,1096459140.000000,0.007852,12.084450,1998-06-30,1998-08-11,41.983566,17.536604,,4.574668,2.254658
sz000019,1998-08-18,7.500000,7.980000,7.340000,7.400000,-0.026316,185400.000000,1412685.480000,227238860.000000,1040230460.000000,0.006038,11.464735,1998-06-30,1998-08-11,39.830565,16.637292,,4.340070,2.139035
sz000019,1998-08-17,7.910000,8.280000,7.590000,7.600000,-0.089820,317090.000000,2517682.600000,233380450.000000,1068344800.000000,0.010326,11.774596,1998-06-30,1998-08-11,40.907075,17.086952,,4.457370,2.196847
sz000019,1998-08-14,7.880000,8.800000,7.880000,8.350000,-0.039125,319800.000000,2637943.280000,256411420.000000,1173773560.000000,0.010414,12.936557,1998-06-30,1998-08-11,44.943940,18.773157,,4.897240,2.413640
sz000019,1998-08-13,8.450000,8.820000,8.310000,8.690000,0.004624,313641.000000,2680099.830000,266852120.000000,1221567930.000000,0.010214,13.463309,1998-06-30,1998-08-11,46.773972,19.537564,,5.096646,2.511919
sz000019,1998-08-12,8.600000,8.720000,8.090000,8.650000,-0.009164,433200.000000,3625155.360000,265623800.000000,1215945070.000000,0.014107,13.401341,1998-06-30,1998-08-11,46.558684,19.447638,,5.073188,2.500357
sz000019,1998-08-11,9.150000,9.490000,8.650000,8.730000,-0.083945,324100.000000,2910186.000000,268080440.000000,1227190800.000000,0.010554,13.525287,1998-06-30,1998-08-11,46.989294,19.627505,,5.120108,2.523482
sz000019,1998-08-10,9.900000,9.900000,9.510000,9.530000,-0.032487,237100.000000,2285373.000000,292646800.000000,1339648150.000000,0.007721,14.764711,1997-12-31,1998-04-10,53.158024,15.366317,,5.729690,2.754728
sz000019,1998-08-07,10.540000,10.540000,9.800000,9.850000,-0.029557,250200.000000,2518635.000000,302473350.000000,1384631090.000000,0.008148,15.260478,1997-12-31,1998-04-10,54.942956,15.882285,,5.922080,2.847226
sz000019,1998-08-06,11.040000,11.040000,10.140000,10.150000,-0.016473,500900.000000,5243978.210000,311685730.000000,1426802590.000000,0.016312,15.725270,1997-12-31,1998-04-10,56.616366,16.366015,,6.102451,2.933944
sz000019,1998-08-05,9.850000,10.350000,9.780000,10.320000,0.053061,535158.000000,5412505.520000,316906090.000000,1450699780.000000,0.017427,15.988651,1997-12-31,1998-04-10,57.564628,16.640128,,6.204660,2.983085
sz000019,1998-08-04,9.930000,9.960000,9.710000,9.800000,-0.013092,78811.000000,773103.450000,300937950.000000,1377602500.000000,0.002566,15.183024,1997-12-31,1998-04-10,54.664096,15.801675,,5.892023,2.832775
sz000019,1998-08-03,9.890000,9.980000,9.700000,9.930000,0.007099,160579.000000,1587004.850000,304929980.000000,1395876820.000000,0.005229,15.384437,1997-12-31,1998-04-10,55.389252,16.011295,,5.970185,2.870353
sz000019,1998-07-31,9.850000,9.880000,9.640000,9.860000,0.007150,206780.000000,2019520.600000,302780430.000000,1386036800.000000,0.006734,15.275993,1997-12-31,1998-04-10,54.998816,15.898432,,5.928101,2.850120
sz000019,1998-07-30,9.700000,9.800000,9.580000,9.790000,0.009278,243500.000000,2360727.220000,300630870.000000,1376196790.000000,0.007930,15.167545,1997-12-31,1998-04-10,54.608366,15.785565,,5.886016,2.829887
sz000019,1998-07-29,9.860000,9.970000,9.700000,9.700000,-0.025126,185432.000000,1812698.080000,297867150.000000,1363545330.000000,0.006039,15.028114,1997-12-31,1998-04-10,54.106367,15.640453,,5.831908,2.803872
sz000019,1998-07-28,9.820000,10.100000,9.800000,9.950000,-0.010934,242525.000000,2407925.400000,305544140.000000,1398688260.000000,0.007898,15.415443,1997-12-31,1998-04-10,55.500882,16.043564,,5.982217,2.876138
sz000019,1998-07-27,10.080000,10.100000,9.630000,10.060000,0.010945,293890.000000,2881161.200000,308922020.000000,1414151140.000000,0.009570,15.585858,1997-12-31,1998-04-10,56.114438,16.220923,,6.048350,2.907934
sz000019,1998-07-24,9.850000,10.100000,9.850000,10.050000,0.027607,211640.000000,2119210.400000,308614940.000000,1412745420.000000,0.006892,15.417118,1997-12-31,1998-04-10,55.506914,16.045307,,5.982867,2.876451
sz000019,1998-07-23,9.550000,9.880000,9.550000,9.780000,0.003077,104955.000000,1026466.200000,300323790.000000,1374791070.000000,0.003418,15.002932,1997-12-31,1998-04-10,54.015703,15.614245,,5.822136,2.799174
sz000019,1998-07-22,9.800000,9.890000,9.610000,9.750000,-0.010152,184790.000000,1798818.260000,299402550.000000,1370573920.000000,0.006018,14.956910,1997-12-31,1998-04-10,53.850006,15.566347,,5.804276,2.790587
sz000019,1998-07-21,9.550000,9.980000,9.550000,9.850000,0.011294,263420.000000,2561150.000000,302473350.000000,1384631090.000000,0.008578,15.110310,1997-12-31,1998-04-10,54.402299,15.725998,,5.863805,2.819208
sz000019,1998-07-20,10.180000,10.180000,9.600000,9.740000,-0.040394,353021.000000,3466250.340000,299095470.000000,1369168200.000000,0.011496,14.941560,1997-12-31,1998-04-10,53.794741,15.550372,,5.798319,2.787723
sz000019,1998-07-17,10.190000,10.210000,10.030000,10.150000,-0.003925,150109.000000,1515324.780000,311685730.000000,1426802590.000000,0.004888,15.570515,1997-12-31,1998-04-10,56.059196,16.204955,,6.042395,2.905071
sz000019,1998-07-16,10.380000,10.380000,10.020000,10.190000,-0.005854,126324.000000,1279216.380000,312914050.000000,1432425460.000000,0.004114,15.631870,1997-12-31,1998-04-10,56.280095,16.268810,,6.066205,2.916518
sz000019,1998-07-15,10.150000,10.320000,10.070000,10.250000,0.005888,167420.000000,1709092.600000,314756530.000000,1440859760.000000,0.005452,15.723918,1997-12-31,1998-04-10,56.611499,16.364608,,6.101926,2.933692
sz000019,1998-07-14,10.620000,10.620000,10.100000,10.190000,-0.023011,224330.000000,2292344.800000,312914050.000000,1432425460.000000,0.007305,15.631877,1997-12-31,1998-04-10,56.280122,16.268817,,6.066208,2.916520
sz000019,1998-07-13,10.610000,10.660000,10.400000,10.430000,-0.011374,229347.000000,2410937.840000,320283960.000000,1466162660.000000,0.007469,16.000055,1997-12-31,1998-04-10,57.605686,16.651996,,6.209085,2.985212
sz000019,1998-07-10,10.280000,10.700000,10.280000,10.550000,0.026265,271750.000000,2853845.880000,323968910.000000,1483031270.000000,0.008849,16.184133,1997-12-31,1998-04-10,58.268431,16.843575,,6.280520,3.019557
sz000019,1998-07-09,10.300000,10.500000,10.250000,10.280000,-0.011538,106134.000000,1095475.140000,315677770.000000,1445076910.000000,0.003456,15.769936,1997-12-31,1998-04-10,56.777179,16.412501,,6.119784,2.942278
sz000019,1998-07-08,10.300000,10.500000,10.250000,10.400000,0.014634,156470.000000,1623166.020000,319362720.000000,1461945510.000000,0.005095,15.954013,1997-12-31,1998-04-10,57.439920,16.604079,,6.191218,2.976622
sz000019,1998-07-07,10.100000,10.290000,10.020000,10.250000,0.016865,106850.000000,1084878.000000,314756530.000000,1440859760.000000,0.003480,15.723909,1997-12-31,1998-04-10,56.611468,16.364599,,6.101923,2.933690
sz000019,1998-07-06,10.300000,10.500000,10.020000,10.080000,-0.025145,167800.000000,1716091.400000,309536180.000000,1416962570.000000,0.005464,15.463124,1997-12-31,1998-04-10,55.672551,16.093188,,6.000721,2.885034
sz000019,1998-07-03,10.490000,10.750000,10.300000,10.340000,-0.024528,259309.000000,2725114.370000,317520240.000000,1453511210.000000,0.008444,15.861973,1997-12-31,1998-04-10,57.108545,16.508289,,6.155501,2.959450
sz000019,1998-07-02,9.990000,10.620000,9.970000,10.600000,0.058941,439099.000000,4441123.290000,325504310.000000,1490059850.000000,0.014299,16.260818,1997-12-31,1998-04-10,58.544525,16.923385,,6.310279,3.033864
sz000019,1998-07-01,10.450000,10.650000,10.000000,10.010000,-0.027211,434127.000000,4431824.670000,307386620.000000,1407122560.000000,0.014137,15.355736,1997-12-31,1998-04-10,55.285918,15.981424,,5.959047,2.864998
sz000019,1998-06-30,10.600000,10.680000,10.260000,10.290000,-0.031985,269419.000000,2798961.750000,315984850.000000,1446482630.000000,0.008774,15.785269,1997-12-31,1998-04-10,56.832384,16.428459,,6.125734,2.945139
sz000019,1998-06-29,11.100000,11.180000,10.500000,10.630000,-0.031876,583440.000000,6350551.200000,326425550.000000,1494277000.000000,0.019000,16.306843,1997-12-31,1998-04-10,58.710231,16.971286,,6.328140,3.042451
sz000019,1998-06-26,10.800000,11.180000,10.600000,10.980000,0.028090,760290.000000,8330931.700000,337173330.000000,1543477090.000000,0.024759,16.843755,1997-12-31,1998-04-10,60.643296,17.530074,,6.536497,3.142626
sz000019,1998-06-25,10.660000,11.000000,10.500000,10.680000,0.000937,665752.000000,7171272.460000,327960950.000000,1501305590.000000,0.021680,16.383541,1997-12-31,1998-04-10,58.986369,17.051109,,6.357904,3.056761
sz000019,1998-06-24,10.530000,10.670000,10.350000,10.670000,0.016190,508130.000000,5352366.720000,327653870.000000,1499899870.000000,0.016547,16.368204,1997-12-31,1998-04-10,58.931151,17.035147,,6.351952,3.053900
sz000019,1998-06-23,10.760000,10.760000,10.400000,10.500000,-0.023256,426415.000000,4480810.840000,322433520.000000,1476002680.000000,0.013886,16.107425,1997-12-31,1998-04-10,57.992256,16.763742,,6.250752,3.005245
sz000019,1998-06-22,10.610000,11.000000,10.610000,10.750000,0.002799,273408.000000,2950628.500000,330110510.000000,1511145600.000000,0.008903,16.490938,1997-12-31,1998-04-10,59.373035,17.162882,,6.399581,3.076799
sz000019,1998-06-19,10.520000,10.800000,10.500000,10.720000,0.024857,313141.000000,3334762.680000,329189270.000000,1506928450.000000,0.010197,16.444909,1997-12-31,1998-04-10,59.207314,17.114977,,6.381718,3.068211
sz000019,1998-06-18,10.420000,10.850000,10.400000,10.460000,0.003839,299170.000000,3146879.300000,321205200.000000,1470379810.000000,0.009742,16.046052,1997-12-31,1998-04-10,57.771293,16.699868,,6.226936,2.993794
sz000019,1998-06-17,10.700000,10.710000,10.300000,10.420000,-0.021596,247402.000000,2578268.120000,319976880.000000,1464756950.000000,0.008057,15.984687,1997-12-31,1998-04-10,57.550357,16.636003,,6.203122,2.982345
sz000019,1998-06-16,10.650000,10.730000,10.260000,10.650000,-0.005602,436933.000000,4542311.020000,327039710.000000,1497088430.000000,0.014229,16.337512,1997-12-31,1998-04-10,58.820648,17.003204,,6.340041,3.048173
sz000019,1998-06-15,11.100000,11.300000,10.650000,10.710000,-0.048845,570480.000000,6183646.480000,328882190.000000,1505522740.000000,0.018578,16.429550,1997-12-31,1998-04-10,59.152018,17.098992,,6.375758,3.065346
sz000019,1998-06-12,11.380000,11.510000,11.200000,11.260000,0.015329,498034.000000,5624044.150000,345771560.000000,1582837160.000000,0.016218,17.273263,1997-12-31,1998-04-10,62.189672,17.977083,,6.703175,3.222761
sz000019,1998-06-11,10.880000,11.950000,10.800000,11.090000,0.000903,572346.000000,6514806.430000,340551210.000000,1558939980.000000,0.018638,17.012478,1997-12-31,1998-04-10,61.250759,17.705673,,6.601973,3.174105
sz000019,1998-06-10,11.000000,11.400000,10.880000,11.080000,-0.015111,587607.000000,6491339.840000,340244130.000000,1557534260.000000,0.019135,16.997130,1997-12-31,1998-04-10,61.195500,17.689699,,6.596017,3.171242
sz000019,1998-06-09,12.000000,12.000000,11.000000,11.250000,-0.008811,606300.000000,6875693.180000,345464480.000000,1581431450.000000,0.019744,17.257914,1997-12-31,1998-04-10,62.134413,17.961109,,6.697219,3.219898
sz000019,1998-06-08,11.660000,11.720000,11.300000,11.350000,-0.026587,529493.000000,6102318.660000,348535280.000000,1595488610.000000,0.017243,17.411326,1997-12-31,1998-04-10,62.686746,18.120771,,6.756752,3.248520
sz000019,1998-06-05,11.780000,11.900000,11.450000,11.660000,-0.016863,411605.000000,4791270.850000,358054740.000000,1639065840.000000,0.013404,17.886884,1997-12-31,1998-04-10,64.398920,18.615707,,6.941301,3.337248
sz000019,1998-06-04,12.200000,12.250000,11.700000,11.860000,-0.021452,542030.000000,6439988.400000,364196330.000000,1667180170.000000,0.017651,18.193684,1997-12-31,1998-04-10,65.503505,18.935008,,7.060360,3.394489
sz000019,1998-06-03,12.100000,12.350000,11.820000,12.120000,0.016779,985453.000000,12014651.760000,372180400.000000,1703728810.000000,0.032091,18.592531,1997-12-31,1998-04-10,66.939491,19.350107,,7.215139,3.468904
sz000019,1998-06-02,11.500000,11.990000,11.450000,11.920000,0.026701,831820.000000,9667167.230000,366038810.000000,1675614470.000000,0.027088,18.285715,1997-12-31,1998-04-10,65.834848,19.030789,,7.096074,3.411660
sz000019,1998-06-01,11.800000,11.880000,11.520000,11.610000,-0.022727,1023037.000000,11953697.630000,356519350.000000,1632037250.000000,0.033315,17.810166,1997-12-31,1998-04-10,64.122708,18.535863,,6.911529,3.322934
sz000019,1998-05-29,11.790000,11.980000,11.700000,11.880000,0.011064,733139.000000,8661080.080000,364810490.000000,1669991610.000000,0.023875,18.224351,1997-12-31,1998-04-10,65.613915,18.966924,,7.072260,3.400211
sz000019,1998-05-28,11.980000,12.000000,11.650000,11.750000,-0.004237,910606.000000,10728800.030000,360818460.000000,1651717290.000000,0.029654,18.024923,1997-12-31,1998-04-10,64.895907,18.759371,,6.994869,3.363002
sz000019,1998-05-27,12.100000,12.240000,11.680000,11.800000,-0.017485,1161676.000000,13765874.460000,362353860.000000,1658745870.000000,0.037830,18.101620,1997-12-31,1998-04-10,65.172041,18.839192,,7.024632,3.377312
sz000019,1998-05-26,12.460000,12.590000,11.930000,12.010000,-0.034566,951013.000000,11540408.640000,368802530.000000,1688265920.000000,0.030970,18.423759,1997-12-31,1998-04-10,66.331854,19.174458,,7.149644,3.437415
sz000019,1998-05-25,12.250000,12.750000,12.060000,12.440000,0.020509,1561218.000000,19343531.890000,382006950.000000,1748711750.000000,0.050841,19.083396,1997-12-31,1998-04-10,68.706772,19.860972,,7.405627,3.560487
sz000019,1998-05-22,12.100000,12.350000,11.900000,12.190000,0.009106,927371.000000,11189833.680000,374329960.000000,1713568830.000000,0.030200,18.699880,1997-12-31,1998-04-10,67.325983,19.461829,,7.256797,3.488933
sz000019,1998-05-21,12.090000,12.310000,11.800000,12.080000,-0.003300,553286.000000,6633919.190000,370952080.000000,1698105940.000000,0.018018,18.531135,1997-12-31,1998-04-10,66.718445,19.286209,,7.191313,3.457449
sz000019,1998-05-20,11.800000,12.940000,11.600000,12.120000,0.018487,1042345.000000,12665818.620000,372180400.000000,1703728810.000000,0.033944,18.592491,1997-12-31,1998-04-10,66.939345,19.350064,,7.215123,3.468896
sz000019,1998-05-19,12.000000,12.180000,11.790000,11.900000,0.015358,690927.000000,8270269.400000,365424650.000000,1672803040.000000,0.022500,18.255010,1997-12-31,1998-04-10,65.724300,18.998833,,7.084158,3.405931
sz000019,1998-05-18,11.800000,12.200000,11.610000,11.720000,-0.032205,867596.000000,10259342.170000,359897220.000000,1647500140.000000,0.028253,17.978890,1997-12-31,1998-04-10,64.730174,18.711462,,6.977005,3.354414
sz000019,1998-05-14,13.500000,13.500000,11.950000,12.110000,-0.052426,1595958.000000,19944889.230000,371873320.000000,1702323090.000000,0.051972,18.577168,1997-12-31,1998-04-10,66.884179,19.334118,,7.209177,3.466038
sz000019,1998-05-13,12.300000,13.200000,12.130000,12.780000,0.036496,2528521.000000,32214090.830000,392447650.000000,1796506120.000000,0.082341,19.604979,1997-12-31,1998-04-10,70.584650,20.403808,,7.608036,3.657801
sz000019,1998-05-12,12.270000,12.650000,11.700000,12.330000,-0.005645,2580478.000000,31371863.880000,378629070.000000,1733248860.000000,0.084033,18.914669,1997-12-31,1998-04-10,68.099298,19.685370,,7.340150,3.529007
sz000019,1998-05-11,13.010000,13.500000,12.300000,12.400000,0.008950,6857055.000000,88454714.340000,380778630.000000,1743088880.000000,0.223299,19.022048,1997-12-31,1998-04-10,68.485900,19.797125,,7.381820,3.549041
sz000019,1998-05-08,11.250000,12.290000,11.250000,12.290000,0.100269,5545046.000000,67761139.900000,377400750.000000,1727626000.000000,0.180574,18.853311,1997-12-31,1998-04-10,67.878389,19.621513,,7.316339,3.517559
sz000019,1998-05-07,10.590000,11.630000,10.450000,11.170000,0.056764,4682547.000000,53330204.460000,343007850.000000,1570185710.000000,0.152486,17.135184,1997-12-31,1998-04-10,61.692540,17.833378,,6.649591,3.196999
sz000019,1998-05-06,11.000000,11.070000,10.560000,10.570000,-0.036463,1250510.000000,13482647.310000,324583070.000000,1485842700.000000,0.040723,16.214768,1997-12-31,1998-04-10,58.378729,16.875459,,6.292409,3.025273
sz000019,1998-05-05,10.220000,11.180000,10.210000,10.970000,0.074437,3061456.000000,33058396.030000,336866260.000000,1542071370.000000,0.099696,16.828382,1997-12-31,1998-04-10,60.587948,17.514075,,6.530531,3.139758
sz000019,1998-05-04,9.950000,10.300000,9.650000,10.210000,0.033401,837965.000000,8379359.940000,313528210.000000,1435236890.000000,0.027288,15.662511,1997-12-31,1998-04-10,56.390415,16.300700,,6.078096,2.922235
sz000019,1998-04-30,9.890000,10.000000,9.640000,9.880000,0.004065,745742.000000,7258960.580000,303394590.000000,1388848240.000000,0.024285,15.156277,1997-12-31,1998-04-10,54.567796,15.773838,,5.881643,2.827784
sz000019,1998-04-29,9.850000,10.070000,9.840000,9.840000,-0.014028,269600.000000,2668501.520000,302166270.000000,1383225370.000000,0.008779,15.094916,1997-12-31,1998-04-10,54.346876,15.709977,,5.857831,2.816336
sz000019,1998-04-28,9.760000,10.090000,9.700000,9.980000,0.008081,617798.000000,6056601.960000,306465380.000000,1402905410.000000,0.020119,15.309680,1997-12-31,1998-04-10,55.120100,15.933492,,5.941174,2.856406
sz000019,1998-04-27,9.710000,9.990000,9.550000,9.900000,0.009174,611476.000000,5967563.640000,304008740.000000,1391659670.000000,0.019913,15.186954,1997-12-31,1998-04-10,54.678245,15.805765,,5.893548,2.833508
sz000019,1998-04-24,10.000000,10.280000,9.800000,9.810000,-0.025819,679436.000000,6722729.440000,301245030.000000,1379008220.000000,0.022126,15.048896,1997-12-31,1998-04-10,54.181187,15.662081,,5.839972,2.807750
sz000019,1998-04-23,10.400000,10.450000,10.000000,10.070000,-0.022330,467636.000000,4727140.800000,309229100.000000,1415556860.000000,0.015228,15.447741,1997-12-31,1998-04-10,55.617167,16.077178,,5.994751,2.882164
sz000019,1998-04-22,10.100000,10.350000,10.000000,10.300000,0.030000,479399.000000,4886495.800000,316291930.000000,1447888350.000000,0.015612,15.800568,1997-12-31,1998-04-10,56.887464,16.444381,,6.131671,2.947993
sz000019,1998-04-21,9.950000,10.150000,9.900000,10.000000,0.010101,433409.000000,4314408.070000,307079540.000000,1405716840.000000,0.014114,15.340357,1997-12-31,1998-04-10,55.230547,15.965418,,5.953079,2.862129
sz000019,1998-04-20,10.010000,10.200000,9.780000,9.900000,-0.027505,599418.000000,5950980.300000,304008740.000000,1391659670.000000,0.019520,15.186953,1997-12-31,1998-04-10,54.678243,15.805764,,5.893548,2.833508
sz000019,1998-04-17,10.580000,10.580000,10.000000,10.180000,-0.038716,616571.000000,6382441.290000,312606970.000000,1431019740.000000,0.020079,15.616485,1997-12-31,1998-04-10,56.224703,16.252798,,6.060235,2.913648
sz000019,1998-04-16,10.220000,10.700000,10.220000,10.590000,0.023188,730291.000000,7667062.400000,325197230.000000,1488654130.000000,0.023782,16.245443,1997-12-31,1998-04-10,58.489170,16.907384,,6.304313,3.030996
sz000019,1998-04-15,10.120000,10.500000,10.000000,10.350000,0.035000,711460.000000,7323331.730000,317827320.000000,1454916930.000000,0.023169,15.877281,1997-12-31,1998-04-10,57.163659,16.524220,,6.161441,2.962306
sz000019,1998-04-14,10.000000,10.200000,9.910000,10.000000,-0.011858,535695.000000,5354562.350000,307079540.000000,1405716840.000000,0.017445,15.340368,1997-12-31,1998-04-10,55.230588,15.965430,,5.953083,2.862131
sz000019,1998-04-13,10.100000,10.450000,9.670000,10.120000,0.001980,1241724.000000,12377179.500000,310764490.000000,1422585440.000000,0.040437,15.524457,1997-12-31,1998-04-10,55.893372,16.157020,,6.024522,2.896478
sz000019,1998-04-10,10.520000,10.770000,9.900000,10.100000,-0.037178,1003400.000000,10332417.200000,310150340.000000,1419774010.000000,0.032676,15.493779,1997-12-31,1998-04-10,55.782922,16.125092,,6.012617,2.890754
sz000019,1998-04-09,11.200000,11.270000,10.400000,10.490000,-0.043756,1104862.000000,11838339.460000,322126440.000000,1474596970.000000,0.035980,16.092050,1997-06-30,1997-08-16,42.357435,83.431332,,5.378734,3.002376
sz000019,1998-04-08,10.800000,11.200000,10.520000,10.970000,0.044762,1403656.000000,15348013.940000,336866260.000000,1542071370.000000,0.045710,16.828393,1997-06-30,1997-08-16,44.295635,87.248999,,5.624855,3.139760
sz000019,1998-04-07,10.950000,10.980000,10.480000,10.500000,-0.041096,913020.000000,9724296.060000,322433520.000000,1476002680.000000,0.029732,16.107394,1997-06-30,1997-08-16,42.397824,83.510885,,5.383862,3.005239
sz000019,1998-04-06,11.090000,11.500000,10.600000,10.950000,-0.003640,1469310.000000,16349084.370000,336252100.000000,1539259940.000000,0.047848,16.797712,1997-06-30,1997-08-16,44.214878,87.089933,,5.614600,3.134035
sz000019,1998-04-03,10.800000,11.200000,10.450000,10.990000,0.024231,2056942.000000,22333743.130000,337480410.000000,1544882810.000000,0.066984,16.859079,1997-06-30,1997-08-16,44.376408,87.408098,,5.635112,3.145485
sz000019,1998-04-02,10.130000,11.110000,10.000000,10.730000,0.059230,3263582.000000,34762219.350000,329496350.000000,1508334170.000000,0.106278,16.460232,1997-06-30,1997-08-16,43.326562,85.340220,,5.501798,3.071070
sz000019,1998-04-01,10.340000,10.440000,9.920000,10.130000,-0.022201,871447.000000,8789080.900000,311071570.000000,1423991160.000000,0.028379,15.539809,1997-06-30,1997-08-16,40.903829,80.568167,,5.194148,2.899342
sz000019,1998-03-31,10.110000,10.580000,9.910000,10.360000,0.032901,2154267.000000,22298929.220000,318134400.000000,1456322650.000000,0.070153,15.892641,1997-06-30,1997-08-16,41.832553,82.397473,,5.312082,2.965172
sz000019,1998-03-30,9.710000,10.260000,9.500000,10.030000,0.032956,632981.000000,6311787.070000,308000780.000000,1409933990.000000,0.020613,15.386413,1997-06-30,1997-08-16,40.500061,79.772866,,5.142876,2.870722
sz000019,1998-03-27,9.470000,9.900000,9.380000,9.710000,0.025343,359550.000000,3459400.400000,298174230.000000,1364951050.000000,0.011709,14.895516,1997-06-30,1997-08-16,39.207924,77.227749,,4.978795,2.779133
sz000019,1998-03-26,9.500000,9.830000,9.420000,9.470000,-0.021694,244651.000000,2332751.010000,290804320.000000,1331213850.000000,0.007967,14.527350,1997-06-30,1997-08-16,38.238837,75.318941,,4.855736,2.710442
sz000019,1998-03-25,9.710000,9.880000,9.460000,9.680000,-0.002062,252510.000000,2428572.100000,297252990.000000,1360733900.000000,0.008223,14.849495,1997-06-30,1997-08-16,39.086786,76.989143,,4.963412,2.770546
sz000019,1998-03-24,9.500000,9.700000,9.400000,9.700000,0.024287,252400.000000,2396761.000000,297867150.000000,1363545330.000000,0.008219,14.880178,1997-06-30,1997-08-16,39.167550,77.148223,,4.973668,2.776271
sz000019,1998-03-23,9.600000,9.730000,9.370000,9.470000,-0.024717,228040.000000,2163595.200000,290804320.000000,1331213850.000000,0.007426,14.527352,1997-06-30,1997-08-16,38.238843,75.318951,,4.855737,2.710443
sz000019,1998-03-20,10.090000,10.180000,9.510000,9.710000,-0.029000,358341.000000,3545842.470000,298174230.000000,1364951050.000000,0.011669,14.895524,1997-06-30,1997-08-16,39.207946,77.227791,,4.978798,2.779134
sz000019,1998-03-19,10.400000,10.500000,9.990000,10.000000,-0.036609,512441.000000,5191863.830000,307079540.000000,1405716840.000000,0.016688,15.340396,1997-06-30,1997-08-16,40.378935,79.534285,,5.127495,2.862136
sz000019,1998-03-18,10.400000,10.610000,10.100000,10.380000,0.011696,1841156.000000,19318058.490000,318748560.000000,1459134080.000000,0.059957,15.923333,1997-06-30,1997-08-16,41.913340,82.556599,,5.322341,2.970898
sz000019,1998-03-17,10.300000,10.650000,10.200000,10.260000,-0.007737,370040.000000,3842633.650000,315063610.000000,1442265480.000000,0.012050,15.739247,1997-06-30,1997-08-16,41.428789,81.602180,,5.260810,2.936552
sz000019,1998-03-16,9.900000,10.350000,9.800000,10.340000,0.055102,663133.000000,6782566.980000,317520240.000000,1453511210.000000,0.021595,15.861971,1997-06-30,1997-08-16,41.751823,82.238459,,5.301830,2.959449
sz000019,1998-03-13,10.040000,10.050000,9.630000,9.800000,-0.019019,304585.000000,2990940.860000,300937950.000000,1377602500.000000,0.009919,15.033590,1997-06-30,1997-08-16,39.571362,77.943610,,5.024946,2.804894
sz000019,1998-03-12,9.510000,10.100000,9.500000,9.990000,0.048269,792693.000000,7817272.420000,306772460.000000,1404311120.000000,0.025814,15.325057,1997-06-30,1997-08-16,40.338561,79.454761,,5.122368,2.859275
sz000019,1998-03-11,9.310000,9.850000,8.600000,9.530000,0.003158,268570.000000,2552107.410000,292646800.000000,1339648150.000000,0.008746,14.619394,1997-06-30,1997-08-16,38.481116,75.796156,,4.886502,2.727615
sz000019,1998-03-10,9.310000,9.550000,9.300000,9.500000,0.020408,142440.000000,1339786.000000,291725560.000000,1335431000.000000,0.004639,14.573371,1997-06-30,1997-08-16,38.359975,75.557545,,4.871119,2.719029
sz000019,1998-03-09,9.510000,9.510000,9.300000,9.310000,-0.018967,222510.000000,2077081.500000,285891050.000000,1308722380.000000,0.007246,14.281906,1997-06-30,1997-08-16,37.592782,74.046406,,4.773697,2.664649
sz000019,1998-03-06,9.670000,9.670000,9.410000,9.490000,-0.018614,156540.000000,1484515.400000,291418480.000000,1334025280.000000,0.005098,14.558028,1997-06-30,1997-08-16,38.319589,75.477997,,4.865990,2.716166
sz000019,1998-03-05,9.590000,9.880000,9.590000,9.670000,-0.006166,163920.000000,1602033.000000,296945920.000000,1359328180.000000,0.005338,14.834151,1997-06-30,1997-08-16,39.046399,76.909592,,4.958284,2.767684
sz000019,1998-03-04,9.500000,9.800000,9.500000,9.730000,0.029630,190800.000000,1840740.200000,298788390.000000,1367762490.000000,0.006213,14.926186,1997-06-30,1997-08-16,39.288653,77.386759,,4.989046,2.784855
sz000019,1998-03-03,9.300000,9.600000,9.300000,9.450000,0.000000,292340.000000,2753072.230000,290190170.000000,1328402410.000000,0.009520,14.496650,1997-06-30,1997-08-16,38.158030,75.159775,,4.845475,2.704714
sz000019,1998-03-02,9.500000,9.750000,9.400000,9.450000,-0.034729,262300.000000,2506567.000000,290190170.000000,1328402410.000000,0.008542,14.496650,1997-06-30,1997-08-16,38.158030,75.159775,,4.845475,2.704714
sz000019,1998-02-27,9.850000,10.070000,9.740000,9.790000,0.003074,270740.000000,2671399.400000,300630870.000000,1376196790.000000,0.008817,15.018218,1997-06-30,1997-08-16,39.530899,77.863911,,5.019808,2.802026
sz000019,1998-02-26,9.650000,9.900000,9.500000,9.760000,0.002053,243473.000000,2362050.550000,299709630.000000,1371979640.000000,0.007929,14.972193,1997-06-30,1997-08-16,39.409753,77.625291,,5.004424,2.793439
sz000019,1998-02-25,10.100000,10.100000,9.600000,9.740000,-0.031809,298606.000000,2948311.600000,299095470.000000,1369168200.000000,0.009724,14.941518,1997-06-30,1997-08-16,39.329011,77.466253,,4.994171,2.787716
sz000019,1998-02-24,10.000000,10.380000,10.000000,10.060000,0.001992,208440.000000,2107039.320000,308922020.000000,1414151140.000000,0.006788,15.432408,1997-06-30,1997-08-16,40.621128,80.011333,,5.158250,2.879304
sz000019,1998-02-23,10.100000,10.280000,9.900000,10.040000,-0.025243,441551.000000,4429360.450000,308307860.000000,1411339710.000000,0.014379,15.401728,1997-06-30,1997-08-16,40.540372,79.852267,,5.147995,2.873579
sz000019,1998-02-20,10.300000,10.450000,10.050000,10.300000,0.000000,524160.000000,5368905.170000,316291930.000000,1447888350.000000,0.017069,15.800582,1997-06-30,1997-08-16,41.590234,81.920178,,5.281311,2.947996
sz000019,1998-02-19,10.500000,10.650000,10.200000,10.300000,-0.011516,409050.000000,4281860.480000,316291930.000000,1447888350.000000,0.013321,15.800582,1997-06-30,1997-08-16,41.590234,81.920178,,5.281311,2.947996
sz000019,1998-02-18,10.990000,11.000000,10.400000,10.420000,-0.044037,725790.000000,7654750.080000,319976880.000000,1464756950.000000,0.023635,15.984661,1997-06-30,1997-08-16,42.074767,82.874562,,5.342839,2.982340
sz000019,1998-02-17,11.290000,11.290000,10.790000,10.900000,-0.034544,867748.000000,9494147.090000,334716700.000000,1532231360.000000,0.028258,16.721004,1997-06-30,1997-08-16,44.012966,86.692227,,5.588960,3.119724
sz000019,1998-02-16,10.790000,11.450000,10.700000,11.290000,0.057116,2803678.000000,31047008.090000,346692800.000000,1587054310.000000,0.091301,17.319281,1997-06-30,1997-08-16,45.587749,89.794074,,5.788933,3.231347
sz000019,1998-02-13,10.210000,10.800000,10.180000,10.680000,0.048086,1367114.000000,14425562.970000,327960950.000000,1501305590.000000,0.044520,16.383520,1997-06-30,1997-08-16,43.124642,84.942498,,5.476157,3.056757
sz000019,1998-02-12,10.020000,10.300000,10.020000,10.190000,-0.003910,330202.000000,3356691.450000,312914050.000000,1432425460.000000,0.010753,15.631847,1997-06-30,1997-08-16,41.146091,81.045351,,5.224912,2.916514
sz000019,1998-02-11,10.150000,10.480000,10.000000,10.230000,0.003925,507883.000000,5181366.570000,314142370.000000,1438048330.000000,0.016539,15.693207,1997-06-30,1997-08-16,41.307604,81.363483,,5.245421,2.927962
sz000019,1998-02-10,9.730000,10.690000,9.650000,10.190000,0.037678,817164.000000,8404779.980000,312914050.000000,1432425460.000000,0.026611,15.631852,1997-06-30,1997-08-16,41.146106,81.045380,,5.224914,2.916515
sz000019,1998-02-09,9.830000,10.100000,9.680000,9.820000,0.023983,177304.000000,1730262.010000,301552110.000000,1380413940.000000,0.005774,15.064261,1997-06-30,1997-08-16,39.652094,78.102629,,5.035198,2.810617
sz000019,1998-01-23,9.600000,9.610000,9.460000,9.590000,0.001044,269960.000000,2573431.380000,294489280.000000,1348082450.000000,0.008791,14.711437,1997-06-30,1997-08-16,38.723391,76.273365,,4.917267,2.744788
sz000019,1998-01-22,9.680000,9.830000,9.500000,9.580000,-0.026423,187940.000000,1810338.800000,294182200.000000,1346676730.000000,0.006120,14.696094,1997-06-30,1997-08-16,38.683006,76.193818,,4.912138,2.741926
sz000019,1998-01-21,9.500000,10.150000,9.150000,9.840000,0.042373,802570.000000,7882224.720000,302166270.000000,1383225370.000000,0.026136,15.094948,1997-06-30,1997-08-16,39.732867,78.261728,,5.045454,2.816342
sz000019,1998-01-20,9.510000,9.650000,9.380000,9.440000,-0.016667,195547.000000,1850065.700000,289883090.000000,1326996700.000000,0.006368,14.481330,1997-06-30,1997-08-16,38.117706,75.080348,,4.840354,2.701856
sz000019,1998-01-19,9.700000,10.080000,9.550000,9.600000,-0.022403,199850.000000,1944044.700000,294796360.000000,1349488170.000000,0.006508,14.726782,1997-06-30,1997-08-16,38.763782,76.352922,,4.922396,2.747651
sz000019,1998-01-16,10.350000,10.380000,9.800000,9.820000,-0.025794,313909.000000,3133178.210000,301552110.000000,1380413940.000000,0.010222,15.064267,1997-06-30,1997-08-16,39.652108,78.102656,,5.035199,2.810618
sz000019,1998-01-15,9.950000,10.200000,9.400000,10.080000,0.029622,973093.000000,9574226.660000,309536180.000000,1416962570.000000,0.031689,15.463122,1997-06-30,1997-08-16,40.701975,80.170576,,5.168516,2.885034
sz000019,1998-01-14,9.600000,9.950000,9.300000,9.790000,0.032700,933723.000000,8967839.170000,300630870.000000,1376196790.000000,0.030407,15.018252,1997-06-30,1997-08-16,39.530988,77.864086,,5.019819,2.802032
sz000019,1998-01-13,10.320000,10.320000,9.370000,9.480000,-0.089337,808492.000000,7817358.500000,291111400.000000,1332619560.000000,0.026328,14.542705,1997-06-30,1997-08-16,38.279256,75.398553,,4.860869,2.713307
sz000019,1998-01-12,10.580000,10.800000,10.400000,10.410000,-0.025281,582055.000000,6120599.960000,319669800.000000,1463351230.000000,0.018955,15.969360,1997-06-30,1997-08-16,42.034492,82.795231,,5.337725,2.979485
sz000019,1998-01-09,10.900000,11.180000,10.560000,10.680000,-0.016575,496271.000000,5359865.160000,327960950.000000,1501305590.000000,0.016161,16.383552,1997-06-30,1997-08-16,43.124728,84.942667,,5.476168,3.056763
sz000019,1998-01-08,10.380000,11.280000,10.380000,10.860000,0.036260,974610.000000,10570962.770000,333488380.000000,1526608490.000000,0.031738,16.659687,1997-06-30,1997-08-16,43.851568,86.374321,,5.568465,3.108283
sz000019,1998-01-07,10.360000,10.780000,10.300000,10.480000,-0.003802,641493.000000,6734942.480000,321819360.000000,1473191250.000000,0.020890,16.076744,1997-06-30,1997-08-16,42.317148,83.351978,,5.373618,2.999521
sz000019,1998-01-06,10.650000,10.700000,10.000000,10.520000,-0.019571,686421.000000,7168439.090000,323047680.000000,1478814120.000000,0.022353,16.138101,1997-06-30,1997-08-16,42.478652,83.670092,,5.394126,3.010968
sz000019,1998-01-05,10.800000,10.880000,10.240000,10.730000,0.008459,1027170.000000,10713615.670000,329496350.000000,1508334170.000000,0.033450,16.460245,1997-06-30,1997-08-16,43.326596,85.340287,,5.501802,3.071072
sz000019,1997-12-31,10.700000,11.000000,10.550000,10.640000,-0.011152,415317.000000,4442922.190000,326732630.000000,1495682720.000000,0.013525,16.322175,1997-06-30,1997-08-16,42.963171,84.624448,,5.455653,3.045312
sz000019,1997-12-30,10.800000,11.100000,10.750000,10.760000,-0.018248,285950.000000,3110885.180000,330417590.000000,1512551320.000000,0.009312,16.506253,1997-06-30,1997-08-16,43.447700,85.578823,,5.517180,3.079656
sz000019,1997-12-29,10.750000,11.200000,10.700000,10.960000,0.021435,638270.000000,7018129.600000,336559180.000000,1540665660.000000,0.020785,16.813058,1997-06-30,1997-08-16,44.255270,87.169492,,5.619729,3.136898
sz000019,1997-12-26,10.800000,11.180000,10.650000,10.730000,0.016098,716330.000000,7779192.060000,329496350.000000,1508334170.000000,0.023327,16.460233,1997-06-30,1997-08-16,43.326565,85.340225,,5.501798,3.071070
sz000019,1997-12-25,10.760000,10.900000,10.400000,10.560000,-0.018587,646176.000000,6817450.460000,324275990.000000,1484436980.000000,0.021043,16.199454,1997-06-30,1997-08-16,42.640144,83.988183,,5.414633,3.022415
sz000019,1997-12-24,11.010000,11.100000,10.700000,10.760000,-0.016453,456700.000000,4965829.480000,330417590.000000,1512551320.000000,0.014872,16.506256,1997-06-30,1997-08-16,43.447706,85.578837,,5.517181,3.079657
sz000019,1997-12-23,10.900000,11.450000,10.700000,10.940000,0.015785,725690.000000,7903729.160000,335945020.000000,1537854220.000000,0.023632,16.782376,1997-06-30,1997-08-16,44.174510,87.010419,,5.609474,3.131174
sz000019,1997-12-22,11.490000,11.490000,10.650000,10.770000,-0.049426,848729.000000,9199397.250000,330724660.000000,1513957040.000000,0.027639,16.521583,1997-06-30,1997-08-16,43.488051,85.658303,,5.522304,3.082516
sz000019,1997-12-19,11.350000,11.700000,11.090000,11.330000,-0.014783,481480.000000,5407111.600000,347921120.000000,1592677180.000000,0.015679,17.380638,1997-06-30,1997-08-16,45.749253,90.112188,,5.809442,3.242795
sz000019,1997-12-18,11.600000,12.000000,11.400000,11.500000,-0.011178,359554.000000,4198142.750000,353141470.000000,1616574370.000000,0.011709,17.641432,1997-06-30,1997-08-16,46.435713,91.464305,,5.896611,3.291452
sz000019,1997-12-17,11.800000,11.900000,11.510000,11.630000,0.003451,462160.000000,5420543.480000,357133510.000000,1634848680.000000,0.015050,17.840857,1997-06-30,1997-08-16,46.960639,92.498250,,5.963269,3.328660
sz000019,1997-12-16,11.900000,11.900000,11.520000,11.590000,-0.023589,503256.000000,5843095.240000,355905190.000000,1629225820.000000,0.016388,17.779500,1997-06-30,1997-08-16,46.799135,92.180136,,5.942760,3.317212
sz000019,1997-12-15,11.800000,11.890000,11.450000,11.870000,-0.001682,900722.000000,10434109.360000,364503410.000000,1668585890.000000,0.029332,18.209032,1997-06-30,1997-08-16,47.929750,94.407106,,6.086331,3.397353
sz000019,1997-12-12,12.420000,12.680000,11.800000,11.890000,-0.043443,949705.000000,11516920.540000,365117570.000000,1671397320.000000,0.030927,18.239712,1997-06-30,1997-08-16,48.010503,94.566166,,6.096585,3.403077
sz000019,1997-12-11,12.500000,12.500000,12.000000,12.430000,0.013040,663573.000000,8110288.650000,381699870.000000,1747306030.000000,0.021609,19.068087,1997-06-30,1997-08-16,50.190949,98.860984,,6.373468,3.557631
sz000019,1997-12-10,12.480000,12.480000,12.000000,12.270000,0.012376,378713.000000,4645083.320000,376786600.000000,1724814560.000000,0.012333,18.822639,1997-06-30,1997-08-16,49.544883,97.588430,,6.291427,3.511836
sz000019,1997-12-09,11.900000,12.380000,11.850000,12.120000,0.039451,451930.000000,5489766.900000,372180400.000000,1703728810.000000,0.014717,18.592538,1997-06-30,1997-08-16,48.939212,96.395440,,6.214517,3.468905
sz000019,1997-12-08,12.150000,12.500000,11.550000,11.660000,-0.036364,462039.000000,5511635.460000,358054740.000000,1639065840.000000,0.015046,17.886883,1997-06-30,1997-08-16,47.081788,92.736878,,5.978653,3.337247
sz000019,1997-12-05,12.110000,12.950000,11.900000,12.100000,0.027165,1664917.000000,20713959.900000,371566240.000000,1700917380.000000,0.054218,18.561866,1997-06-30,1997-08-16,48.858478,96.236419,,6.204265,3.463183
sz000019,1997-12-04,10.740000,11.780000,10.740000,11.780000,0.099907,595211.000000,6870539.480000,361739700.000000,1655934440.000000,0.019383,18.070968,1997-06-30,1997-08-16,47.566338,93.691295,,6.040183,3.371593
sz000019,1997-12-03,11.210000,11.210000,10.680000,10.710000,-0.045455,358360.000000,3892090.600000,328882190.000000,1505522740.000000,0.011670,16.429542,1997-06-30,1997-08-16,43.245782,85.181106,,5.491540,3.065344
sz000019,1997-12-02,11.610000,11.610000,11.200000,11.220000,-0.023499,176210.000000,1992709.120000,344543240.000000,1577214290.000000,0.005738,17.211910,1997-06-30,1997-08-16,45.305126,89.237392,,5.753044,3.211314
sz000019,1997-12-01,11.290000,11.640000,11.200000,11.490000,-0.014580,210802.000000,2400680.880000,352834390.000000,1615168650.000000,0.006865,17.626105,1997-06-30,1997-08-16,46.395371,91.384844,,5.891489,3.288593
sz000019,1997-11-28,11.000000,11.700000,10.800000,11.660000,0.026408,370202.000000,4113755.800000,358054740.000000,1639065840.000000,0.012056,17.886896,1997-06-30,1997-08-16,47.081824,92.736949,,5.978657,3.337250
sz000019,1997-11-27,11.860000,11.900000,11.300000,11.360000,-0.042159,308510.000000,3555081.460000,348842360.000000,1596894330.000000,0.010047,17.426692,1997-06-30,1997-08-16,45.870477,90.350961,,5.824835,3.251387
sz000019,1997-11-26,11.400000,11.870000,11.370000,11.860000,0.028621,295008.000000,3403249.400000,364196330.000000,1667180170.000000,0.009607,18.193721,1997-06-30,1997-08-16,47.889448,94.327723,,6.081213,3.394496
sz000019,1997-11-25,11.500000,11.680000,11.130000,11.530000,-0.003457,697560.000000,7957900.320000,354062710.000000,1620791520.000000,0.022716,17.687488,1997-06-30,1997-08-16,46.556942,91.703089,,5.912005,3.300045
sz000019,1997-11-24,12.110000,12.400000,11.500000,11.570000,-0.082474,567860.000000,6837061.400000,355291030.000000,1626414380.000000,0.018492,17.748846,1997-06-30,1997-08-16,46.718447,92.021207,,5.932514,3.311493
sz000019,1997-11-21,13.280000,13.280000,12.500000,12.610000,-0.049020,743120.000000,9564576.200000,387227300.000000,1772608940.000000,0.024200,19.344243,1997-06-30,1997-08-16,50.917846,100.292751,,6.465772,3.609155
sz000019,1997-11-20,13.650000,13.890000,13.000000,13.260000,-0.027859,1092927.000000,14499755.000000,407187470.000000,1863980530.000000,0.035591,20.341377,1997-06-30,1997-08-16,53.542499,105.462524,,6.799062,3.795195
sz000019,1997-11-19,13.650000,14.200000,13.300000,13.640000,0.003679,1472529.000000,20444179.990000,418856490.000000,1917397770.000000,0.047953,20.924307,1997-06-30,1997-08-16,55.076886,108.484802,,6.993906,3.903955
sz000019,1997-11-18,13.800000,13.950000,13.500000,13.590000,-0.014503,460313.000000,6298876.900000,417321090.000000,1910369190.000000,0.014990,20.847609,1997-06-30,1997-08-16,54.875001,108.087149,,6.968269,3.889645
sz000019,1997-11-17,13.250000,13.980000,13.250000,13.790000,0.058327,1351603.000000,18571020.550000,423462690.000000,1938483520.000000,0.044015,21.154411,1997-06-30,1997-08-16,55.682565,109.677807,,7.070817,3.946887
sz000019,1997-11-14,13.450000,13.450000,13.000000,13.030000,-0.016604,662936.000000,8731699.530000,400124640.000000,1831649040.000000,0.021588,19.988540,1997-06-30,1997-08-16,52.613762,103.633193,,6.681127,3.729364
sz000019,1997-11-13,13.070000,13.420000,12.800000,13.250000,0.004549,571346.000000,7481350.600000,406880390.000000,1862574810.000000,0.018606,20.326033,1997-06-30,1997-08-16,53.502111,105.382972,,6.793934,3.792332
sz000019,1997-11-12,13.150000,13.500000,12.880000,13.190000,0.007639,809531.000000,10703606.930000,405037910.000000,1854140510.000000,0.026362,20.233989,1997-06-30,1997-08-16,53.259832,104.905756,,6.763168,3.775159
sz000019,1997-11-11,13.400000,13.500000,12.900000,13.090000,-0.026766,689286.000000,9072049.320000,401967120.000000,1840083340.000000,0.022446,20.080593,1997-06-30,1997-08-16,52.856065,104.110456,,6.711896,3.746539
sz000019,1997-11-10,13.900000,14.000000,13.200000,13.450000,-0.019679,751608.000000,10215885.910000,413021980.000000,1890689150.000000,0.024476,20.632852,1997-06-30,1997-08-16,54.309719,106.973715,,6.896487,3.849577
sz000019,1997-11-07,13.800000,13.950000,13.300000,13.720000,0.023117,1004734.000000,13634436.630000,421313130.000000,1928643500.000000,0.032719,21.047037,1997-06-30,1997-08-16,55.399934,109.121109,,7.034928,3.926854
sz000019,1997-11-06,13.780000,13.880000,13.150000,13.410000,-0.026851,1926428.000000,26018317.690000,411793660.000000,1885066280.000000,0.062734,20.571486,1997-06-30,1997-08-16,54.148190,106.655552,,6.875976,3.838128
sz000019,1997-11-05,13.900000,14.770000,13.700000,13.780000,0.000000,2786534.000000,39564040.140000,423155610.000000,1937077810.000000,0.090743,21.139091,1997-06-30,1997-08-16,55.642240,109.598378,,7.065697,3.944029
sz000019,1997-11-04,13.700000,14.200000,13.200000,13.780000,0.010264,1855352.000000,25750121.560000,423155610.000000,1937077810.000000,0.060419,21.139091,1997-06-30,1997-08-16,55.642240,109.598378,,7.065697,3.944029
sz000019,1997-11-03,13.300000,13.780000,13.000000,13.640000,0.020194,1707415.000000,22826965.630000,418856490.000000,1917397770.000000,0.055602,20.924324,1997-06-30,1997-08-16,55.076930,108.484890,,6.993911,3.903959
sz000019,1997-10-31,12.680000,13.600000,12.150000,13.370000,0.037238,2109056.000000,27422085.880000,410565340.000000,1879443420.000000,0.068681,20.510142,1997-06-30,1997-08-16,53.986723,106.337510,,6.855472,3.826683
sz000019,1997-10-30,13.750000,13.800000,12.800000,12.890000,-0.059810,3120877.000000,41380772.520000,395825530.000000,1811969010.000000,0.101631,19.773805,1997-06-30,1997-08-16,52.048539,102.519875,,6.609353,3.689300
sz000019,1997-10-29,13.350000,14.000000,13.110000,13.710000,0.016308,3765111.000000,51137193.380000,421006050.000000,1927237790.000000,0.122610,21.031712,1997-06-30,1997-08-16,55.359597,109.041656,,7.029805,3.923994
sz000019,1997-10-28,12.770000,13.800000,12.350000,13.490000,0.074045,5534831.000000,72783707.550000,414250300.000000,1896312020.000000,0.180241,20.694230,1997-06-30,1997-08-16,54.471279,107.291939,,6.917003,3.861029
sz000019,1997-10-27,11.680000,12.560000,11.680000,12.560000,0.099825,5140406.000000,63583100.050000,385691900.000000,1765580350.000000,0.167397,19.267564,1997-06-30,1997-08-16,50.716012,99.895199,,6.440143,3.594848
sz000019,1997-10-24,10.500000,11.420000,10.480000,11.420000,0.100193,4012051.000000,44670063.970000,350684830.000000,1605328630.000000,0.130652,17.518754,1997-06-30,1997-08-16,46.112801,90.828267,,5.855607,3.268564
sz000019,1997-10-23,10.000000,10.620000,9.880000,10.380000,0.028741,1437731.000000,14861426.960000,318748560.000000,1459134080.000000,0.046819,15.923346,1997-06-30,1997-08-16,41.913375,82.556667,,5.322345,2.970900
sz000019,1997-10-22,10.900000,10.980000,10.000000,10.090000,-0.063138,2133840.000000,22067840.220000,309843260.000000,1418368290.000000,0.069488,15.478479,1997-06-30,1997-08-16,40.742397,80.250196,,5.173649,2.887899
sz000019,1997-10-21,10.700000,11.000000,10.340000,10.770000,0.020853,1546375.000000,16756745.150000,330724660.000000,1513957040.000000,0.050357,16.521621,1997-06-30,1997-08-16,43.488152,85.658503,,5.522317,3.082524
sz000019,1997-10-20,10.410000,10.980000,10.260000,10.550000,0.026265,1738394.000000,18359455.590000,323968910.000000,1483031270.000000,0.056611,16.184134,1997-06-30,1997-08-16,42.599818,83.908754,,5.409513,3.019557
sz000019,1997-10-17,9.990000,10.500000,9.680000,10.280000,0.029029,2067617.000000,20941629.420000,315677770.000000,1445076910.000000,0.067332,15.769936,1997-06-30,1997-08-16,41.509570,81.761293,,5.271068,2.942278
sz000019,1997-10-16,10.090000,10.200000,9.640000,9.990000,-0.011869,2526095.000000,24893735.450000,306772460.000000,1404311120.000000,0.082262,15.325065,1997-06-30,1997-08-16,40.338581,79.454800,,5.122371,2.859276
sz000019,1997-10-15,10.200000,10.350000,9.950000,10.110000,-0.007851,916565.000000,9314225.460000,310457410.000000,1421179730.000000,0.029848,15.509143,1997-06-30,1997-08-16,40.823110,80.409176,,5.183898,2.893620
sz000019,1997-10-14,10.020000,10.290000,9.900000,10.190000,-0.003910,1238279.000000,12419051.080000,312914050.000000,1432425460.000000,0.040324,15.631869,1997-06-30,1997-08-16,41.146149,81.045464,,5.224919,2.916518
sz000019,1997-10-13,10.360000,10.730000,10.180000,10.230000,-0.013500,1384093.000000,14465738.910000,314142370.000000,1438048330.000000,0.045073,15.693229,1997-06-30,1997-08-16,41.307662,81.363596,,5.245429,2.927966
sz000019,1997-10-10,10.250000,10.550000,10.090000,10.370000,0.017664,847983.000000,8721754.600000,318441480.000000,1457728360.000000,0.027614,15.907987,1997-06-30,1997-08-16,41.872947,82.477036,,5.317211,2.968035
sz000019,1997-10-09,10.100000,10.200000,9.980000,10.190000,0.004931,1144248.000000,11552143.870000,312914050.000000,1432425460.000000,0.037262,15.631866,1997-06-30,1997-08-16,41.146141,81.045449,,5.224918,2.916517
sz000019,1997-10-08,9.810000,10.420000,9.600000,10.140000,0.050777,2236957.000000,22511191.560000,311378650.000000,1425396880.000000,0.072846,15.555163,1997-06-30,1997-08-16,40.944245,80.647775,,5.199281,2.902207
sz000019,1997-10-07,9.200000,9.680000,9.120000,9.650000,0.044372,890440.000000,8344569.820000,296331760.000000,1356516750.000000,0.028997,14.803487,1997-06-30,1997-08-16,38.965684,76.750609,,4.948034,2.761962
sz000019,1997-10-06,9.420000,9.560000,9.200000,9.240000,-0.020148,818015.000000,7596551.740000,283741490.000000,1298882360.000000,0.026639,14.174534,1997-06-30,1997-08-16,37.310158,73.489723,,4.737808,2.644616
sz000019,1997-09-30,9.300000,9.600000,9.200000,9.430000,0.000000,1350901.000000,12688885.200000,289576010.000000,1325590980.000000,0.043992,14.465995,1997-06-30,1997-08-16,38.077340,75.000840,,4.835228,2.698995
sz000019,1997-09-29,9.580000,9.780000,9.220000,9.430000,-0.006322,2240677.000000,21328970.140000,289576010.000000,1325590980.000000,0.072967,14.465995,1997-06-30,1997-08-16,38.077340,75.000840,,4.835228,2.698995
sz000019,1997-09-26,9.300000,9.680000,8.910000,9.490000,0.016060,2883658.000000,26945712.570000,291418480.000000,1334025280.000000,0.093906,14.558031,1997-06-30,1997-08-16,38.319597,75.478012,,4.865991,2.716167
sz000019,1997-09-25,8.760000,9.360000,8.600000,9.340000,0.076037,3785321.000000,34346793.200000,286812290.000000,1312939530.000000,0.123268,14.327925,1997-06-30,1997-08-16,37.713911,74.284995,,4.789079,2.673234
sz000019,1997-09-24,8.100000,8.680000,8.010000,8.680000,0.100127,2080081.000000,17539850.130000,266545040.000000,1220162220.000000,0.067738,13.315457,1997-06-30,1997-08-16,35.048898,69.035726,,4.450663,2.484333
sz000019,1997-09-23,8.500000,8.840000,7.860000,7.890000,-0.096220,2514048.000000,21073357.860000,242285760.000000,1109110590.000000,0.081870,12.103564,1997-06-30,1997-08-16,31.858957,62.752506,,4.045591,2.258224
sz000019,1997-09-22,8.890000,9.200000,8.700000,8.730000,-0.006826,5221427.000000,47016811.580000,268080440.000000,1227190800.000000,0.170035,13.392157,1997-06-30,1997-08-16,35.250787,69.433386,,4.476300,2.498643
sz000019,1997-09-19,8.600000,8.800000,8.470000,8.790000,0.026869,1977907.000000,17190434.180000,269922920.000000,1235625100.000000,0.064410,13.484200,1997-06-30,1997-08-16,35.493063,69.910596,,4.507065,2.515816
sz000019,1997-09-18,8.250000,8.710000,8.030000,8.560000,0.046455,1981730.000000,16803366.680000,262860090.000000,1203293620.000000,0.064535,13.131373,1997-06-30,1997-08-16,34.564353,68.081319,,4.389134,2.449988
sz000019,1997-09-17,8.150000,8.250000,8.000000,8.180000,0.021223,555901.000000,4518200.560000,251191060.000000,1149876380.000000,0.018103,12.548436,1997-06-30,1997-08-16,33.029947,65.059003,,4.194288,2.341226
sz000019,1997-09-16,8.050000,8.200000,7.900000,8.010000,-0.004969,506690.000000,4078342.160000,245970710.000000,1125979190.000000,0.016500,12.287655,1997-06-30,1997-08-16,32.343521,63.706950,,4.107123,2.292571
sz000019,1997-09-15,7.780000,8.180000,7.750000,8.050000,0.032051,917995.000000,7301719.910000,247199030.000000,1131602060.000000,0.029894,12.349017,1997-06-30,1997-08-16,32.505038,64.025091,,4.127633,2.304019
sz000019,1997-09-12,8.100000,8.320000,7.800000,7.800000,-0.051095,862274.000000,6943877.100000,239522040.000000,1096459140.000000,0.028080,11.965510,1997-06-30,1997-08-16,31.495574,62.036751,,3.999447,2.232467
sz000019,1997-09-11,8.680000,8.800000,8.070000,8.220000,-0.055172,1977352.000000,16676304.430000,252419380.000000,1155499240.000000,0.064392,12.609809,1997-06-30,1997-08-16,33.191493,65.377199,,4.214802,2.352677
sz000019,1997-09-10,7.970000,8.780000,7.800000,8.700000,0.090226,2926433.000000,24730136.650000,267159200.000000,1222973650.000000,0.095299,13.346142,1997-06-30,1997-08-16,35.129667,69.194815,,4.460920,2.490058
sz000019,1997-09-09,7.800000,8.080000,7.800000,7.980000,0.023077,1465709.000000,11616688.240000,245049470.000000,1121762040.000000,0.047731,12.241629,1997-06-30,1997-08-16,32.222371,63.468323,,4.091739,2.283984
sz000019,1997-09-08,7.700000,7.850000,7.530000,7.800000,0.012987,787423.000000,6091834.330000,239522040.000000,1096459140.000000,0.025642,11.965501,1997-06-30,1997-08-16,31.495548,62.036702,,3.999443,2.232465
sz000019,1997-09-05,7.400000,7.800000,7.380000,7.700000,0.034946,773222.000000,5875205.900000,236451250.000000,1082401970.000000,0.025180,11.812097,1997-06-30,1997-08-16,31.091760,61.241360,,3.948169,2.203844
sz000019,1997-09-04,7.450000,7.500000,7.300000,7.440000,0.005405,437042.000000,3233875.550000,228467180.000000,1045853330.000000,0.014232,11.413250,1997-06-30,1997-08-16,30.041915,59.173483,,3.814855,2.129429
sz000019,1997-09-03,7.550000,7.550000,7.300000,7.400000,-0.001350,352636.000000,2607769.220000,227238860.000000,1040230460.000000,0.011484,11.351893,1997-06-30,1997-08-16,29.880411,58.855370,,3.794346,2.117981
sz000019,1997-09-02,7.300000,7.600000,7.300000,7.410000,0.016461,335189.000000,2487770.200000,227545940.000000,1041636180.000000,0.010915,11.367239,1997-06-30,1997-08-16,29.920804,58.934932,,3.799476,2.120844
sz000019,1997-09-01,7.500000,7.500000,7.230000,7.290000,-0.028000,625648.000000,4571247.970000,223860980.000000,1024767580.000000,0.020374,11.183153,1997-06-30,1997-08-16,29.436254,57.980515,,3.737945,2.086498
sz000019,1997-08-29,7.800000,7.800000,7.400000,7.500000,-0.031008,700718.000000,5260798.310000,230309660.000000,1054287630.000000,0.022819,11.505301,1997-06-30,1997-08-16,30.284212,59.650736,,3.845623,2.146603
sz000019,1997-08-28,7.650000,7.980000,7.650000,7.740000,0.015748,1015922.000000,7943067.230000,237679560.000000,1088024830.000000,0.033083,11.873474,1997-06-30,1997-08-16,31.253315,61.559575,,3.968684,2.215295
sz000019,1997-08-27,7.200000,7.680000,7.200000,7.620000,0.020080,692342.000000,5202855.040000,233994610.000000,1071156230.000000,0.022546,11.689389,1997-06-30,1997-08-16,30.768768,60.605165,,3.907154,2.180949
sz000019,1997-08-26,7.360000,7.500000,7.250000,7.470000,0.014946,902209.000000,6674856.730000,229388420.000000,1050070480.000000,0.029380,11.459287,1997-06-30,1997-08-16,30.163094,59.412168,,3.830242,2.138018
sz000019,1997-08-25,7.550000,7.580000,7.300000,7.360000,-0.030303,932680.000000,6898673.240000,226010540.000000,1034607590.000000,0.030373,11.290538,1997-06-30,1997-08-16,29.718915,58.537270,,3.773839,2.106534
sz000019,1997-08-22,7.160000,7.650000,6.950000,7.590000,0.066011,1479095.000000,10711639.250000,233073370.000000,1066939080.000000,0.048167,11.643367,1997-06-30,1997-08-16,30.647630,60.366558,,3.891771,2.172363
sz000019,1997-08-21,7.080000,7.200000,6.870000,7.120000,0.011364,824955.000000,5863211.560000,218640630.000000,1000870390.000000,0.026865,10.922371,1997-06-30,1997-08-16,28.749825,56.628457,,3.650779,2.037843
sz000019,1997-08-20,6.780000,7.050000,6.700000,7.040000,-0.007052,898714.000000,6210243.160000,216184000.000000,989624660.000000,0.029266,10.799644,1997-06-30,1997-08-16,28.426783,55.992162,,3.609758,2.014945
sz000019,1997-08-19,6.690000,7.500000,6.690000,7.090000,-0.045760,3006898.000000,20830770.120000,217719390.000000,996653240.000000,0.097919,10.876344,1997-06-30,1997-08-16,28.628673,56.389823,,3.635395,2.029255
sz000019,1997-08-18,7.430000,7.430000,7.430000,7.430000,-0.100484,151100.000000,1122673.000000,228160100.000000,1044447610.000000,0.004921,11.397912,1997-06-30,1997-08-16,30.001543,59.093963,,3.809728,2.126567
sz000019,1997-08-15,8.700000,8.740000,8.200000,8.260000,-0.050575,263621.000000,2211858.900000,253647700.000000,1161122110.000000,0.008585,12.671161,1996-12-31,1997-04-23,32.051244,12.204666,,5.136399,2.364124
sz000019,1997-08-14,8.400000,8.710000,8.200000,8.700000,0.012806,412176.000000,3486953.940000,267159200.000000,1222973650.000000,0.013422,13.346142,1996-12-31,1997-04-23,33.758585,12.854798,,5.410011,2.490058
sz000019,1997-08-13,8.700000,8.950000,8.580000,8.590000,-0.017162,235440.000000,2056750.690000,263781320.000000,1207510770.000000,0.007667,13.177392,1996-12-31,1997-04-23,33.331738,12.692261,,5.341606,2.458574
sz000019,1997-08-12,8.900000,9.160000,8.700000,8.740000,-0.048966,344880.000000,3075654.800000,268387520.000000,1228596520.000000,0.011231,13.407492,1996-12-31,1997-04-23,33.913766,12.913889,,5.434879,2.501505
sz000019,1997-08-11,9.500000,9.520000,9.150000,9.190000,-0.040710,455810.000000,4224737.000000,282206100.000000,1291853780.000000,0.014843,14.097805,1996-12-31,1997-04-23,35.659889,13.578788,,5.714706,2.630300
sz000019,1997-08-08,9.900000,9.900000,9.550000,9.580000,-0.030364,312216.000000,3013147.180000,294182200.000000,1346676730.000000,0.010167,14.696082,1996-12-31,1997-04-23,37.173210,14.155039,,5.957224,2.741924
sz000019,1997-08-07,9.800000,9.880000,9.450000,9.880000,0.005086,294846.000000,2837068.840000,303394590.000000,1388848240.000000,0.009602,15.156288,1996-12-31,1997-04-23,38.337283,14.598302,,6.143774,2.827786
sz000019,1997-08-06,10.200000,10.350000,9.810000,9.830000,-0.040976,293530.000000,2910872.680000,301859190.000000,1381819650.000000,0.009559,15.079593,1996-12-31,1997-04-23,38.143286,14.524431,,6.112685,2.813477
sz000019,1997-08-05,10.210000,10.450000,10.100000,10.250000,0.009852,309578.000000,3178996.660000,314756530.000000,1440859760.000000,0.010081,15.723896,1996-12-31,1997-04-23,39.773026,15.145013,,6.373860,2.933688
sz000019,1997-08-04,10.000000,10.200000,9.800000,10.150000,0.023185,366293.000000,3665372.640000,311685730.000000,1426802590.000000,0.011928,15.570495,1996-12-31,1997-04-23,39.385005,14.997260,,6.311677,2.905067
sz000019,1997-08-01,9.900000,10.010000,9.760000,9.920000,0.002020,180136.000000,1779989.580000,304622900.000000,1394471110.000000,0.005866,15.217673,1996-12-31,1997-04-23,38.492555,14.657428,,6.168657,2.839239
sz000019,1997-07-31,9.900000,10.170000,9.700000,9.900000,-0.003021,307371.000000,3070527.550000,304008740.000000,1391659670.000000,0.010009,15.186996,1996-12-31,1997-04-23,38.414957,14.627879,,6.156221,2.833516
sz000019,1997-07-30,9.650000,9.980000,9.570000,9.930000,0.032225,310626.000000,3053128.270000,304929980.000000,1395876820.000000,0.010115,15.233014,1996-12-31,1997-04-23,38.531360,14.672204,,6.174876,2.842102
sz000019,1997-07-29,9.500000,9.790000,9.400000,9.620000,0.002083,357846.000000,3431381.740000,295410520.000000,1352299600.000000,0.011653,14.757455,1996-12-31,1997-04-23,37.328451,14.214153,,5.982102,2.753374
sz000019,1997-07-28,10.000000,10.100000,9.500000,9.600000,-0.062500,521300.000000,5052700.000000,294796360.000000,1349488170.000000,0.016976,14.726780,1996-12-31,1997-04-23,37.250857,14.184606,,5.969668,2.747651
sz000019,1997-07-25,10.000000,10.350000,10.000000,10.240000,0.004907,457684.000000,4670586.420000,314449450.000000,1439454040.000000,0.014904,15.708565,1996-12-31,1997-04-23,39.734248,15.130247,,6.367645,2.930828
sz000019,1997-07-24,10.500000,10.550000,10.100000,10.190000,-0.039585,808040.000000,8321666.510000,312914050.000000,1432425460.000000,0.026314,15.631859,1996-12-31,1997-04-23,39.540224,15.056365,,6.336552,2.916516
sz000019,1997-07-23,11.250000,11.300000,10.500000,10.610000,-0.027498,871217.000000,9514733.740000,325811390.000000,1491465570.000000,0.028371,16.276151,1996-12-31,1997-04-23,41.169936,15.676937,,6.597723,3.036725
sz000019,1997-07-22,10.710000,11.000000,10.010000,10.910000,0.020580,772327.000000,8111773.180000,335023780.000000,1533637070.000000,0.025151,16.736367,1996-12-31,1997-04-23,42.334037,16.120210,,6.784277,3.122590
sz000019,1997-07-21,11.100000,11.380000,10.400000,10.690000,-0.006506,1436916.000000,15791747.820000,328268030.000000,1502711300.000000,0.046793,16.398879,1996-12-31,1997-04-23,41.480371,15.795146,,6.647472,3.059623
sz000019,1997-07-18,10.100000,10.900000,9.830000,10.760000,0.073852,1603900.000000,16777500.000000,330417590.000000,1512551320.000000,0.052231,16.506268,1996-12-31,1997-04-23,41.752010,15.898582,,6.691004,3.079659
sz000019,1997-07-17,9.500000,10.130000,9.120000,10.020000,0.049215,707953.000000,6741260.250000,307693700.000000,1408528270.000000,0.023054,15.371083,1996-12-31,1997-04-23,38.880600,14.805189,,6.230843,2.867862
sz000019,1997-07-16,9.900000,9.980000,9.530000,9.550000,-0.035354,494700.000000,4763583.450000,293260960.000000,1342459580.000000,0.016110,14.650079,1996-12-31,1997-04-23,37.056847,14.110730,,5.938576,2.733341
sz000019,1997-07-15,10.210000,10.350000,9.800000,9.900000,-0.030205,599990.000000,6005332.180000,304008740.000000,1391659670.000000,0.019539,15.187001,1996-12-31,1997-04-23,38.414970,14.627884,,6.156223,2.833517
sz000019,1997-07-14,12.500000,12.530000,11.850000,12.250000,0.012397,1296813.000000,15822444.560000,313477030.000000,1435002630.000000,0.050677,15.660011,1996-12-31,1997-04-23,39.611433,15.083481,,6.347964,2.921769
sz000019,1997-07-11,11.390000,12.200000,11.300000,12.100000,0.052174,623609.000000,7307081.540000,309638540.000000,1417431170.000000,0.024369,15.468251,1996-12-31,1997-04-23,39.126383,14.898780,,6.270232,2.885991
sz000019,1997-07-10,12.100000,12.150000,11.480000,11.500000,-0.043261,469600.000000,5516060.500000,294284560.000000,1347145330.000000,0.018351,14.701229,1996-12-31,1997-04-23,37.186229,14.159997,,5.959311,2.742884
sz000019,1997-07-09,11.970000,12.150000,11.400000,12.020000,0.028229,564077.000000,6699106.920000,307591340.000000,1408059730.000000,0.022043,15.365977,1996-12-31,1997-04-23,38.867684,14.800271,,6.228774,2.866909
sz000019,1997-07-08,11.280000,12.100000,10.880000,11.690000,0.004296,832386.000000,9481653.280000,299146660.000000,1369402510.000000,0.032528,14.944119,1996-12-31,1997-04-23,37.800610,14.393945,,6.057769,2.788201
sz000019,1997-07-07,12.900000,13.000000,11.640000,11.640000,-0.099768,551960.000000,6643583.500000,297867160.000000,1363545360.000000,0.021569,14.880194,1996-12-31,1997-04-23,37.638914,14.332373,,6.031856,2.776274
sz000019,1997-07-04,11.880000,13.000000,11.700000,12.930000,0.031923,648251.000000,8043487.750000,330878210.000000,1514659920.000000,0.025332,16.529288,1996-12-31,1997-04-23,41.810237,15.920755,,6.700335,3.083954
sz000019,1997-07-03,13.360000,13.590000,12.510000,12.530000,-0.093343,843150.000000,10791689.880000,320642220.000000,1467802690.000000,0.032948,16.017947,1996-12-31,1997-04-23,40.516819,15.428239,,6.493057,2.988551
sz000019,1997-07-02,15.000000,15.050000,13.410000,13.820000,-0.072483,878550.000000,12155625.890000,353653270.000000,1618917260.000000,0.034332,17.667042,1996-12-31,1997-04-23,44.688144,17.016621,,7.161536,3.296231
sz000019,1997-06-27,15.850000,16.100000,14.810000,14.900000,-0.058154,1154285.000000,17636067.750000,381290430.000000,1745431770.000000,0.045107,19.047674,1996-12-31,1997-04-23,48.180405,18.346425,,7.721191,3.553822
sz000019,1997-06-26,15.600000,16.100000,15.600000,15.820000,-0.008772,713418.000000,11311800.490000,404833200.000000,1853203400.000000,0.027879,20.223767,1996-12-31,1997-04-23,51.155289,19.479220,,8.197934,3.773252
sz000019,1997-06-25,16.000000,16.150000,15.660000,15.960000,0.001883,1385005.000000,21932904.660000,408415790.000000,1869603430.000000,0.054123,20.402740,1996-12-31,1997-04-23,51.607995,19.651604,,8.270483,3.806644
sz000019,1997-06-24,15.400000,16.060000,15.400000,15.930000,0.029735,1655925.000000,26177442.130000,407648090.000000,1866089140.000000,0.064710,20.364394,1996-12-31,1997-04-23,51.510999,19.614669,,8.254939,3.799490
sz000019,1997-06-23,16.100000,16.500000,14.800000,15.470000,-0.025819,2222398.000000,35087996.660000,395876710.000000,1812203320.000000,0.086846,19.776345,1996-12-31,1997-04-23,50.023549,19.048269,,8.016566,3.689774
sz000019,1997-06-20,15.500000,16.000000,15.000000,15.880000,0.072248,2027770.000000,31707594.880000,406368600.000000,1860231980.000000,0.079241,20.300483,1996-12-31,1997-04-23,51.349338,19.553111,,8.229032,3.787565
sz000019,1997-06-19,15.100000,15.200000,14.650000,14.810000,0.001352,584805.000000,8746363.130000,378987340.000000,1734888900.000000,0.022853,18.932637,1996-12-31,1997-04-23,47.889423,18.235624,,7.674560,3.532359
sz000019,1997-06-18,14.700000,15.300000,14.600000,14.790000,-0.019881,587100.000000,8789243.800000,378475540.000000,1732546030.000000,0.022943,18.907075,1996-12-31,1997-04-23,47.824764,18.211002,,7.664198,3.527590
sz000019,1997-06-17,15.080000,15.280000,14.650000,15.090000,-0.001324,774923.000000,11609636.860000,386152530.000000,1767688960.000000,0.030282,19.290591,1996-12-31,1997-04-23,48.794854,18.580399,,7.819661,3.599145
sz000019,1997-06-16,15.390000,15.600000,15.000000,15.110000,-0.003955,1131067.000000,17286482.240000,386664330.000000,1770031820.000000,0.044200,19.316166,1996-12-31,1997-04-23,48.859544,18.605032,,7.830028,3.603916
sz000019,1997-06-13,13.300000,15.380000,13.300000,15.170000,0.058618,1667279.000000,24590071.550000,388199720.000000,1777060400.000000,0.065154,19.392865,1996-12-31,1997-04-23,49.053551,18.678907,,7.861118,3.618226
sz000019,1997-06-12,14.990000,15.300000,14.300000,14.330000,-0.044667,893624.000000,13153525.100000,366704160.000000,1678660220.000000,0.034921,18.319039,1996-12-31,1997-04-23,46.337348,17.644615,,7.425831,3.417877
sz000019,1997-06-11,15.200000,15.400000,13.820000,15.000000,-0.022801,1933676.000000,28253092.970000,383849430.000000,1757146080.000000,0.075564,19.175554,1996-12-31,1997-04-23,48.503871,18.469597,,7.773029,3.577681
sz000019,1997-06-10,16.300000,16.350000,15.100000,15.350000,-0.061736,3615072.000000,56626565.220000,392805920.000000,1798146160.000000,0.141269,19.622977,1996-12-31,1997-04-23,49.635612,18.900548,,7.954397,3.661160
sz000019,1997-06-09,16.700000,16.980000,16.110000,16.360000,0.024421,5883142.000000,97655923.530000,418651780.000000,1916460660.000000,0.229900,20.914132,1996-12-31,1997-04-23,52.901542,20.144169,,8.477781,3.902057
sz000019,1997-06-06,14.290000,15.990000,14.150000,15.970000,0.061130,7254730.000000,112752939.900000,408671690.000000,1870774860.000000,0.283499,20.415564,1996-12-31,1997-04-23,51.640431,19.663955,,8.275681,3.809036
sz000019,1997-06-05,14.980000,15.270000,14.300000,15.050000,0.007363,3621936.000000,53607946.780000,385128930.000000,1763003230.000000,0.141537,19.239456,1996-12-31,1997-04-23,48.665508,18.531146,,7.798932,3.589604
sz000019,1997-06-04,14.200000,15.180000,14.000000,14.940000,0.082609,5109036.000000,75511590.150000,382314030.000000,1750117500.000000,0.199650,19.098831,1996-12-31,1997-04-23,48.309803,18.395699,,7.741928,3.563367
sz000019,1997-06-03,13.350000,14.100000,13.100000,13.800000,0.037594,2533900.000000,34594803.410000,353141480.000000,1616574390.000000,0.099019,17.641486,1996-12-31,1997-04-23,44.623501,16.992006,,7.151177,3.291462
sz000019,1997-06-02,12.750000,13.350000,12.700000,13.300000,0.054718,1077566.000000,14137484.310000,340346490.000000,1558002860.000000,0.042109,17.002301,1996-12-31,1997-04-23,43.006706,16.376353,,6.892076,3.172207
sz000019,1997-05-30,12.300000,12.700000,12.220000,12.610000,0.025203,348230.000000,4335371.210000,322689420.000000,1477174140.000000,0.013608,16.120234,1996-12-31,1997-04-23,40.775550,15.526760,,6.534520,3.007635
sz000019,1997-05-29,12.290000,12.500000,12.100000,12.300000,-0.004049,314165.000000,3859728.990000,314756530.000000,1440859790.000000,0.012277,15.723944,1996-12-31,1997-04-23,39.773147,15.145059,,6.373879,2.933697
sz000019,1997-05-28,12.500000,12.750000,12.300000,12.350000,-0.012000,349400.000000,4347125.800000,316036030.000000,1446716940.000000,0.013654,15.787869,1996-12-31,1997-04-23,39.934843,15.206631,,6.399792,2.945624
sz000019,1997-05-27,12.200000,12.500000,12.120000,12.500000,0.020408,387385.000000,4795670.810000,319874530.000000,1464288400.000000,0.015138,15.979624,1996-12-31,1997-04-23,40.419882,15.391327,,6.477522,2.981400
sz000019,1997-05-26,13.000000,13.280000,11.500000,12.250000,-0.019215,567955.000000,6856077.960000,313477030.000000,1435002630.000000,0.022194,15.660034,1996-12-31,1997-04-23,39.611491,15.083503,,6.347973,2.921773
sz000019,1997-05-22,12.490000,13.480000,12.490000,12.490000,-0.100144,664000.000000,8378660.270000,319618630.000000,1463116970.000000,0.025948,15.966837,1996-12-31,1997-04-23,40.387537,15.379010,,6.472339,2.979015
sz000019,1997-05-21,13.900000,14.480000,13.610000,13.880000,-0.004304,671400.000000,9399651.450000,355188670.000000,1625945840.000000,0.026237,17.743769,1996-12-31,1997-04-23,44.882223,17.090524,,7.192639,3.310546
sz000019,1997-05-20,14.010000,14.260000,13.850000,13.940000,-0.004996,692681.000000,9677174.400000,356724070.000000,1632974420.000000,0.027068,17.820468,1996-12-31,1997-04-23,45.076231,17.164399,,7.223729,3.324856
sz000019,1997-05-19,13.580000,14.270000,13.580000,14.010000,0.018169,411276.000000,5703384.910000,358515370.000000,1641174440.000000,0.016072,17.909946,1996-12-31,1997-04-23,45.302562,17.250583,,7.260000,3.341551
sz000019,1997-05-16,13.990000,14.900000,13.760000,13.760000,-0.100065,1108600.000000,15757284.150000,352117880.000000,1611888670.000000,0.043322,17.590347,1996-12-31,1997-04-23,44.494148,16.942750,,7.130447,3.281921
sz000019,1997-05-15,15.000000,15.600000,14.700000,15.290000,0.013254,746670.000000,11356386.750000,391270520.000000,1791117570.000000,0.029178,19.546242,1996-12-31,1997-04-23,49.441513,18.826638,,7.923291,3.646843
sz000019,1997-05-14,15.150000,15.800000,14.500000,15.090000,-0.007237,1759207.000000,27100594.740000,386152530.000000,1767688960.000000,0.068746,19.290565,1996-12-31,1997-04-23,48.794787,18.580374,,7.819650,3.599140
sz000019,1997-05-13,15.500000,15.890000,14.880000,15.200000,-0.016181,1528785.000000,23556171.840000,388967420.000000,1780574690.000000,0.059742,19.431188,1996-12-31,1997-04-23,49.150489,18.715820,,7.876653,3.625377
sz000019,1997-05-12,15.000000,15.550000,14.950000,15.450000,0.033445,1596408.000000,24416978.210000,395364910.000000,1809860460.000000,0.062384,19.750776,1996-12-31,1997-04-23,49.958874,19.023642,,8.006202,3.685004
sz000019,1997-05-09,14.700000,15.200000,14.400000,14.950000,0.033887,872527.000000,12895140.300000,382569930.000000,1751288930.000000,0.034096,19.111589,1996-12-31,1997-04-23,48.342073,18.407986,,7.747100,3.565747
sz000019,1997-05-08,15.500000,15.650000,14.000000,14.460000,-0.068899,965305.000000,14497120.050000,370030850.000000,1693888820.000000,0.037722,18.485181,1996-12-31,1997-04-23,46.757598,17.804641,,7.493178,3.448875
sz000019,1997-05-07,15.100000,15.900000,15.000000,15.530000,0.023057,1529959.000000,23706064.020000,397412110.000000,1819231910.000000,0.059787,19.853035,1996-12-31,1997-04-23,50.217536,19.122137,,8.047654,3.704083
sz000019,1997-05-06,15.460000,15.600000,15.100000,15.180000,-0.015564,1358120.000000,20737967.000000,388455620.000000,1778231830.000000,0.053072,19.405601,1996-12-31,1997-04-23,49.085766,18.691174,,7.866281,3.620602
sz000019,1997-05-05,14.800000,15.500000,14.800000,15.420000,0.046133,1635864.000000,24828126.330000,394597210.000000,1806346170.000000,0.063926,19.712404,1996-12-31,1997-04-23,49.861815,18.986683,,7.990647,3.677844
sz000019,1997-04-30,14.680000,14.900000,14.520000,14.740000,0.017956,571850.000000,8403028.100000,377196040.000000,1726688880.000000,0.022347,18.843115,1996-12-31,1997-04-23,47.662979,18.149397,,7.638271,3.515657
sz000019,1997-04-29,14.610000,14.890000,14.000000,14.480000,-0.005495,1045935.000000,15025894.050000,370542650.000000,1696231680.000000,0.040873,18.510736,1996-12-31,1997-04-23,46.822239,17.829255,,7.503537,3.453643
sz000019,1997-04-28,14.980000,15.200000,14.450000,14.560000,-0.021505,956018.000000,14009948.210000,372589850.000000,1705603130.000000,0.037359,18.613015,1996-12-31,1997-04-23,47.080949,17.927768,,7.544997,3.472726
sz000019,1997-04-25,15.680000,15.680000,14.800000,14.880000,-0.035019,1217887.000000,18238744.000000,380778630.000000,1743088910.000000,0.047592,19.022085,1996-12-31,1997-04-23,48.115676,18.321778,,7.710818,3.549048
sz000019,1997-04-24,15.660000,16.350000,15.100000,15.420000,-0.010904,2347773.000000,37121350.970000,394597210.000000,1806346170.000000,0.091746,19.712393,1996-12-31,1997-04-23,49.861786,18.986672,,7.990643,3.677842
sz000019,1997-04-23,15.000000,15.590000,14.670000,15.590000,0.100212,3530588.000000,54810596.830000,398947510.000000,1826260490.000000,0.137968,19.929706,1996-12-31,1997-04-23,50.411473,19.195985,,8.078733,3.718388
sz000019,1997-04-22,14.070000,14.500000,14.070000,14.170000,-0.011165,777622.000000,11075161.360000,362609760.000000,1659917330.000000,0.030388,18.114424,1996-06-30,1996-08-08,140.901802,7.336262,,8.322524,3.379701
sz000019,1997-04-21,14.550000,14.550000,14.030000,14.330000,-0.015797,1082725.000000,15502609.540000,366704160.000000,1678660220.000000,0.042311,18.318955,1996-06-30,1996-08-08,142.492734,7.419097,,8.416495,3.417861
sz000019,1997-04-18,14.750000,14.750000,14.230000,14.560000,-0.014218,726791.000000,10424616.130000,372589850.000000,1705603130.000000,0.028401,18.612984,1996-06-30,1996-08-08,144.779820,7.538177,,8.551584,3.472720
sz000019,1997-04-17,14.010000,14.900000,13.910000,14.770000,0.054247,1589178.000000,23238377.480000,377963740.000000,1730203170.000000,0.062102,18.881441,1996-06-30,1996-08-08,146.867990,7.646901,,8.674924,3.522807
sz000019,1997-04-16,14.180000,14.180000,13.950000,14.010000,-0.002847,410460.000000,5757072.400000,358515370.000000,1641174440.000000,0.016040,17.909883,1996-06-30,1996-08-08,139.310797,7.253424,,8.228550,3.341539
sz000019,1997-04-15,14.100000,14.260000,13.820000,14.050000,0.001426,474483.000000,6637029.580000,359538970.000000,1645860160.000000,0.018542,17.961018,1996-06-30,1996-08-08,139.708547,7.274134,,8.252043,3.351079
sz000019,1997-04-14,13.980000,14.350000,13.710000,14.030000,0.002143,598754.000000,8390693.790000,359027170.000000,1643517300.000000,0.023398,17.935442,1996-06-30,1996-08-08,139.509606,7.263776,,8.240293,3.346308
sz000019,1997-04-11,14.270000,14.270000,13.500000,14.000000,-0.018921,931032.000000,12851603.040000,358259470.000000,1640003010.000000,0.036383,17.897089,1996-06-30,1996-08-08,139.211277,7.248243,,8.222672,3.339152
sz000019,1997-04-10,14.800000,15.100000,14.200000,14.270000,-0.031886,898700.000000,13107666.350000,365168760.000000,1671631640.000000,0.035119,18.242250,1996-06-30,1996-08-08,141.896093,7.388032,,8.381253,3.403550
sz000019,1997-04-09,14.900000,15.200000,14.690000,14.740000,-0.015364,1081600.000000,16049581.720000,377196040.000000,1726688880.000000,0.042267,18.843081,1996-06-30,1996-08-08,146.569611,7.631365,,8.657300,3.515650
sz000019,1997-04-08,15.880000,15.880000,14.900000,14.970000,-0.046497,720070.000000,10953172.450000,383081730.000000,1753631790.000000,0.028139,19.137103,1996-06-30,1996-08-08,148.856645,7.750443,,8.792386,3.570508
sz000019,1997-04-07,15.600000,16.200000,14.450000,15.700000,0.003836,1083298.000000,16784258.900000,401762400.000000,1839146230.000000,0.042333,20.070313,1996-06-30,1996-08-08,156.115549,8.128389,,9.221142,3.744621
sz000019,1997-04-04,15.990000,16.000000,15.530000,15.640000,-0.011378,798365.000000,12494751.200000,400227010.000000,1832117650.000000,0.031198,19.993617,1996-06-30,1996-08-08,155.518979,8.097327,,9.185904,3.730312
sz000019,1997-04-03,16.000000,16.190000,15.680000,15.820000,0.001266,510670.000000,8055419.440000,404833200.000000,1853203400.000000,0.019956,20.223723,1996-06-30,1996-08-08,157.308838,8.190519,,9.291625,3.773244
sz000019,1997-04-02,16.280000,16.400000,15.700000,15.800000,-0.023486,805100.000000,12884192.700000,404321400.000000,1850860540.000000,0.031462,20.198152,1996-06-30,1996-08-08,157.109937,8.180163,,9.279876,3.768473
sz000019,1997-04-01,16.300000,16.490000,15.950000,16.180000,0.004345,1236485.000000,19975026.850000,414045590.000000,1895374900.000000,0.048319,20.683935,1996-06-30,1996-08-08,160.888566,8.376903,,9.503065,3.859108
sz000019,1997-03-31,16.010000,16.350000,15.850000,16.110000,0.013208,1555738.000000,25018520.930000,412254290.000000,1887174890.000000,0.060795,20.594452,1996-06-30,1996-08-08,160.192530,8.340663,,9.461953,3.842413
sz000019,1997-03-28,15.620000,16.200000,15.620000,15.900000,0.019231,1323796.000000,21202116.280000,406880400.000000,1862574840.000000,0.051731,20.325986,1996-06-30,1996-08-08,158.104288,8.231935,,9.338609,3.792324
sz000019,1997-03-27,15.800000,15.830000,15.550000,15.600000,-0.014529,1017542.000000,15903507.800000,399203410.000000,1827431920.000000,0.039763,19.942472,1996-06-30,1996-08-08,155.121153,8.076614,,9.162406,3.720769
sz000019,1997-03-26,15.500000,16.200000,15.450000,15.830000,0.008280,1000107.000000,15824288.550000,405089100.000000,1854374830.000000,0.039082,20.236488,1996-06-30,1996-08-08,157.408136,8.195689,,9.297490,3.775625
sz000019,1997-03-25,16.000000,16.300000,15.600000,15.700000,-0.027261,1730537.000000,27292634.030000,401762400.000000,1839146230.000000,0.067626,20.070306,1996-06-30,1996-08-08,156.115500,8.128386,,9.221139,3.744620
sz000019,1997-03-24,16.680000,16.850000,15.800000,16.140000,-0.026538,3348445.000000,54731140.800000,413021990.000000,1890689180.000000,0.130850,20.632776,1996-06-30,1996-08-08,160.490635,8.356184,,9.479561,3.849563
sz000019,1997-03-21,16.000000,17.000000,16.000000,16.580000,0.015309,6327405.000000,105355247.060000,424281570.000000,1942232130.000000,0.247261,21.195256,1996-06-30,1996-08-08,164.865845,8.583986,,9.737988,3.954508
sz000019,1997-03-20,17.500000,17.500000,16.300000,16.330000,-0.049476,1790025.000000,29841897.700000,417884080.000000,1912946370.000000,0.069950,20.875670,1996-06-30,1996-08-08,162.379970,8.454555,,9.591157,3.894881
sz000019,1997-03-19,17.800000,18.290000,17.110000,17.180000,-0.054485,3334662.000000,58823521.080000,439635550.000000,2012517980.000000,0.130311,21.962276,1996-06-30,1996-08-08,170.832057,8.894626,,10.090389,4.097615
sz000019,1997-03-18,16.750000,18.430000,16.400000,18.170000,0.084776,9375737.000000,162947913.280000,464969610.000000,2128489620.000000,0.366383,23.227845,1996-06-30,1996-08-08,180.676199,9.407176,,10.671844,4.333738
sz000019,1997-03-17,16.100000,16.780000,15.700000,16.750000,0.056782,5164348.000000,84463236.180000,428631860.000000,1962146460.000000,0.201811,21.412573,1996-06-30,1996-08-08,166.556229,8.671998,,9.837832,3.995054
sz000019,1997-03-14,15.830000,16.100000,15.400000,15.850000,-0.003145,472820.000000,7442772.250000,405600900.000000,1856717690.000000,0.018477,20.262053,1996-06-30,1996-08-08,157.606988,8.206043,,9.309235,3.780395
sz000019,1997-03-13,16.300000,16.300000,15.750000,15.900000,-0.017912,446665.000000,7128691.200000,406880400.000000,1862574840.000000,0.017455,20.325978,1996-06-30,1996-08-08,158.104226,8.231932,,9.338605,3.792322
sz000019,1997-03-12,15.800000,16.200000,15.700000,16.190000,0.013141,1193721.000000,19048465.630000,414301480.000000,1896546340.000000,0.046648,20.696697,1996-06-30,1996-08-08,160.987840,8.382072,,9.508929,3.861489
sz000019,1997-03-11,16.190000,16.250000,15.710000,15.980000,0.008202,1026181.000000,16383094.670000,408927590.000000,1871946290.000000,0.040101,20.428250,1996-06-30,1996-08-08,158.899739,8.273352,,9.385593,3.811403
sz000019,1997-03-10,16.260000,16.300000,15.800000,15.850000,0.001263,508105.000000,8078123.030000,405600900.000000,1856717690.000000,0.019856,20.262060,1996-06-30,1996-08-08,157.607046,8.206046,,9.309239,3.780397
sz000019,1997-03-07,16.250000,16.450000,15.700000,15.830000,-0.029430,1101784.000000,17671739.590000,405089100.000000,1854374830.000000,0.043055,20.236502,1996-06-30,1996-08-08,157.408239,8.195695,,9.297496,3.775628
sz000019,1997-03-06,16.000000,16.400000,15.200000,16.310000,0.012415,1866444.000000,30098478.090000,417372280.000000,1910603500.000000,0.072937,20.850121,1996-06-30,1996-08-08,162.181233,8.444208,,9.579418,3.890114
sz000019,1997-03-05,16.750000,17.200000,16.100000,16.110000,-0.024818,900100.000000,14974912.230000,412254290.000000,1887174890.000000,0.035174,20.594441,1996-06-30,1996-08-08,160.192444,8.340658,,9.461948,3.842411
sz000019,1997-03-04,16.000000,16.590000,15.800000,16.520000,0.014119,1280173.000000,20692302.840000,422746170.000000,1935203550.000000,0.050026,21.118561,1996-06-30,1996-08-08,164.269279,8.552925,,9.702751,3.940198
sz000019,1997-03-03,16.050000,16.550000,16.000000,16.290000,0.000614,951125.000000,15463622.320000,416860480.000000,1908260640.000000,0.037168,20.824540,1996-06-30,1996-08-08,161.982251,8.433847,,9.567665,3.885341
sz000019,1997-02-28,16.800000,16.800000,15.600000,16.280000,-0.012735,241700.000000,3876000.000000,416604580.000000,1907089210.000000,0.009445,20.811761,1996-06-30,1996-08-08,161.882855,8.428672,,9.561794,3.882957
sz000019,1997-02-27,16.810000,17.000000,16.390000,16.490000,-0.006627,596500.000000,9898615.400000,421978470.000000,1931689260.000000,0.023310,21.080218,1996-06-30,1996-08-08,163.971026,8.537396,,9.685134,3.933044
sz000019,1997-02-26,16.100000,16.800000,16.080000,16.600000,0.018405,1335362.000000,22056306.810000,424793370.000000,1944575000.000000,0.052183,21.220848,1996-06-30,1996-08-08,165.064912,8.594351,,9.749746,3.959283
sz000019,1997-02-25,14.880000,16.310000,14.880000,16.300000,0.031646,107572.000000,1710921.760000,417116380.000000,1909432070.000000,0.004204,20.837337,1996-06-30,1996-08-08,162.081796,8.439030,,9.573545,3.887729
sz000019,1997-02-24,14.350000,17.510000,14.350000,15.800000,-0.008783,171110.000000,2715538.950000,404321400.000000,1850860540.000000,0.006687,20.198147,1996-06-30,1996-08-08,157.109896,8.180161,,9.279874,3.768472
sz000019,1997-02-21,16.000000,16.220000,15.500000,15.940000,-0.009938,159727.000000,2514532.100000,407903990.000000,1867260570.000000,0.006242,20.377119,1996-06-30,1996-08-08,158.502020,8.252644,,9.362101,3.801864
sz000019,1997-02-20,14.970000,16.480000,14.970000,16.100000,-0.031870,180952.000000,2791644.900000,411998390.000000,1886003460.000000,0.007071,20.581659,1996-06-30,1996-08-08,160.093024,8.335482,,9.456076,3.840026
sz000019,1997-02-19,15.510000,16.700000,15.510000,16.630000,0.094079,118491.000000,1898311.850000,425561070.000000,1948089290.000000,0.004630,21.259190,1996-06-30,1996-08-08,165.363148,8.609879,,9.767361,3.966436
sz000019,1997-02-18,16.800000,16.800000,15.200000,15.200000,-0.100059,195800.000000,3189418.000000,388967420.000000,1780574690.000000,0.007651,19.431129,1996-06-30,1996-08-08,151.143699,7.869522,,8.927474,3.625365
sz000019,1997-02-17,17.200000,17.200000,16.600000,16.890000,-0.012281,173818.000000,2936859.100000,432214460.000000,1978546490.000000,0.006792,21.591558,1996-06-30,1996-08-08,167.948454,8.744487,,9.920065,4.028448
sz000019,1997-01-31,17.000000,17.200000,16.970000,17.100000,-0.008696,101500.000000,1733721.350000,437588350.000000,2003146530.000000,0.003966,21.860021,1996-06-30,1996-08-08,170.036674,8.853213,,10.043409,4.078536
sz000019,1997-01-30,17.460000,17.460000,16.600000,17.250000,-0.012027,176725.000000,3009541.800000,441426840.000000,2020717990.000000,0.006906,22.051783,1996-06-30,1996-08-08,171.528284,8.930876,,10.131512,4.114314
sz000019,1997-01-29,17.800000,17.800000,17.000000,17.460000,-0.027840,308900.000000,5398100.600000,446800740.000000,2045318040.000000,0.012071,22.320229,1996-06-30,1996-08-08,173.616368,9.039595,,10.254847,4.164400
sz000019,1997-01-28,18.200000,18.220000,17.670000,17.960000,0.000000,1058311.000000,18928241.870000,459595720.000000,2103889570.000000,0.041356,22.959419,1996-06-30,1996-08-08,178.588266,9.298464,,10.548518,4.283657
sz000019,1997-01-27,17.990000,18.020000,17.480000,17.960000,0.008989,1074793.000000,19169004.730000,459595720.000000,2103889570.000000,0.042001,22.959419,1996-06-30,1996-08-08,178.588266,9.298464,,10.548518,4.283657
sz000019,1997-01-24,17.500000,17.800000,17.310000,17.800000,0.015402,1651934.000000,29141176.090000,455501320.000000,2085146680.000000,0.064554,22.754876,1996-06-30,1996-08-08,176.997237,9.215625,,10.454542,4.245494
sz000019,1997-01-23,17.330000,17.540000,17.100000,17.530000,0.011541,949412.000000,16537938.460000,448592030.000000,2053518050.000000,0.037101,22.409721,1996-06-30,1996-08-08,174.312477,9.075839,,10.295964,4.181097
sz000019,1997-01-22,16.720000,17.480000,16.660000,17.330000,0.038346,685511.000000,11689665.280000,443474040.000000,2030089440.000000,0.026788,22.154041,1996-06-30,1996-08-08,172.323689,8.972290,,10.178494,4.133393
sz000019,1997-01-21,17.300000,17.310000,16.560000,16.690000,-0.026822,204210.000000,3442142.100000,427096470.000000,1955117870.000000,0.007980,21.335895,1996-06-30,1996-08-08,165.959795,8.640944,,9.802603,3.980747
sz000019,1997-01-20,16.180000,17.180000,16.130000,17.150000,0.048289,832142.000000,13977309.250000,438867850.000000,2009003680.000000,0.032518,21.923939,1996-06-30,1996-08-08,170.533854,8.879099,,10.072775,4.090462
sz000019,1997-01-17,15.840000,16.450000,15.680000,16.360000,0.039390,789831.000000,12701276.400000,418651780.000000,1916460660.000000,0.030865,20.914022,1996-06-30,1996-08-08,162.678282,8.470087,,9.608777,3.902036
sz000019,1997-01-16,15.840000,15.850000,15.600000,15.740000,0.000000,48660.000000,762161.400000,402786000.000000,1843831950.000000,0.001902,20.121438,1996-06-30,1996-08-08,156.513226,8.149094,,9.244631,3.754160
sz000019,1997-01-15,15.300000,15.860000,15.300000,15.740000,0.009622,37950.000000,597176.950000,402786000.000000,1843831950.000000,0.001483,20.121438,1996-06-30,1996-08-08,156.513226,8.149094,,9.244631,3.754160
sz000019,1997-01-14,15.000000,15.890000,15.000000,15.590000,-0.023795,149710.000000,2350751.550000,398947510.000000,1826260490.000000,0.005850,19.929675,1996-06-30,1996-08-08,155.021608,8.071431,,9.156527,3.718382
sz000019,1997-01-13,16.000000,16.000000,14.800000,15.970000,0.005668,189390.000000,2977835.900000,408671690.000000,1870774860.000000,0.007401,20.415461,1996-06-30,1996-08-08,158.800260,8.268172,,9.379717,3.809017
sz000019,1997-01-10,15.710000,16.500000,15.440000,15.880000,0.022537,256907.000000,4065487.920000,406368600.000000,1860231980.000000,0.010039,20.300398,1996-06-30,1996-08-08,157.905253,8.221572,,9.326852,3.787549
sz000019,1997-01-09,15.570000,15.570000,15.320000,15.530000,0.009753,199894.000000,3089957.360000,397412110.000000,1819231910.000000,0.007811,19.852972,1996-06-30,1996-08-08,154.424978,8.040367,,9.121286,3.704071
sz000019,1997-01-08,15.400000,15.620000,15.130000,15.380000,-0.015365,47433.000000,725845.800000,393573620.000000,1801660450.000000,0.001854,19.661216,1996-06-30,1996-08-08,152.933418,7.962706,,9.033185,3.668294
sz000019,1997-01-07,15.100000,15.700000,15.000000,15.620000,0.028986,277137.000000,4263122.010000,399715210.000000,1829774780.000000,0.010830,19.968025,1996-06-30,1996-08-08,155.319908,8.086963,,9.174146,3.725537
sz000019,1997-01-06,16.000000,16.000000,15.180000,15.180000,-0.039241,120400.000000,1860325.100000,388455620.000000,1778231830.000000,0.004705,19.405536,1996-06-30,1996-08-08,150.944627,7.859157,,8.915715,3.620590
sz000019,1997-01-03,15.900000,16.000000,15.480000,15.800000,0.000000,241470.000000,3786725.840000,404321400.000000,1850860540.000000,0.009436,20.198131,1996-06-30,1996-08-08,157.109772,8.180155,,9.279866,3.768469
sz000019,1997-01-02,15.450000,16.080000,15.450000,15.800000,0.001267,91605.000000,1450387.900000,404321400.000000,1850860540.000000,0.003580,20.198131,1996-06-30,1996-08-08,157.109772,8.180155,,9.279866,3.768469
sz000019,1996-12-31,16.000000,16.300000,15.450000,15.780000,-0.023515,247783.000000,3917478.180000,403809600.000000,1848517680.000000,0.009683,20.172572,1996-06-30,1996-08-08,156.910966,8.169803,,9.268124,3.763700
sz000019,1996-12-30,14.750000,16.170000,14.600000,16.160000,0.099320,862272.000000,13615656.000000,413047820.000000,1893032040.000000,0.033735,20.658353,1996-06-30,1996-08-08,160.689581,8.366543,,9.491312,3.854335
sz000019,1996-12-27,14.180000,14.950000,13.860000,14.700000,0.061372,469341.000000,6687610.220000,375730380.000000,1722003160.000000,0.018362,18.791938,1996-06-30,1996-08-08,146.171798,7.610653,,8.633803,3.506108
sz000019,1996-12-26,13.850000,14.100000,13.700000,13.850000,0.000000,125540.000000,1743354.000000,354004480.000000,1622431550.000000,0.004912,17.705327,1996-06-30,1996-08-08,137.719667,7.170580,,8.134568,3.303374
sz000019,1996-12-25,13.400000,14.180000,12.510000,13.850000,0.072812,313802.000000,4150725.070000,354004480.000000,1622431550.000000,0.012277,17.705327,1996-06-30,1996-08-08,137.719667,7.170580,,8.134568,3.303374
sz000019,1996-12-24,13.150000,13.400000,12.800000,12.910000,0.003108,488919.000000,6387698.230000,329978180.000000,1512317060.000000,0.019128,16.503662,1996-06-30,1996-08-08,128.372601,6.683911,,7.582473,3.079173
sz000019,1996-12-23,12.100000,13.200000,12.100000,12.870000,0.026316,609313.000000,7916048.900000,328955780.000000,1507631340.000000,0.023839,16.452527,1996-06-30,1996-08-08,127.974855,6.663202,,7.558980,3.069632
sz000019,1996-12-20,12.280000,13.750000,12.280000,12.540000,-0.069733,823595.000000,10548534.600000,320521020.000000,1468974120.000000,0.032222,16.030664,1996-06-30,1996-08-08,124.693423,6.492349,,7.365158,2.990923
sz000019,1996-12-19,14.800000,14.800000,13.480000,13.480000,-0.100134,396952.000000,5455736.120000,344547320.000000,1579088610.000000,0.015530,17.232326,1996-06-30,1996-08-08,134.040467,6.979017,,7.917252,3.215124
sz000019,1996-12-18,12.260000,14.980000,12.260000,14.980000,0.099853,1179858.000000,15182971.480000,382887150.000000,1754803220.000000,0.046161,19.149880,1996-06-30,1996-08-08,148.956030,7.755618,,8.798256,3.572891
sz000019,1996-12-17,13.620000,13.620000,13.620000,13.620000,-0.099802,13400.000000,182508.000000,348125700.000000,1595488640.000000,0.000524,17.411309,1996-06-30,1996-08-08,135.432672,7.051504,,7.999484,3.248517
sz000019,1996-12-16,15.130000,15.130000,15.130000,15.130000,-0.099941,6200.000000,93806.000000,386721140.000000,1772374680.000000,0.000243,19.341644,1996-06-30,1996-08-08,150.447648,7.833281,,8.886361,3.608670
sz000019,1996-12-13,17.700000,17.700000,16.500000,16.810000,-0.036676,342760.000000,5856898.170000,429661750.000000,1969175040.000000,0.013410,21.489306,1996-06-30,1996-08-08,167.153095,8.703075,,9.873087,4.009370
sz000019,1996-12-12,17.600000,17.800000,17.010000,17.450000,-0.002857,535499.000000,9293397.490000,446020080.000000,2044146610.000000,0.020951,22.307455,1996-06-30,1996-08-08,173.517005,9.034422,,10.248978,4.162016
sz000019,1996-12-11,17.000000,17.890000,17.000000,17.500000,-0.005682,759623.000000,13434299.930000,447298080.000000,2050003760.000000,0.029719,22.371370,1996-06-30,1996-08-08,174.014163,9.060307,,10.278343,4.173941
sz000019,1996-12-10,14.500000,18.000000,14.500000,17.600000,0.000000,911405.000000,16115942.170000,449854060.000000,2061718070.000000,0.035658,22.499210,1996-06-30,1996-08-08,175.008562,9.112082,,10.337079,4.197793
sz000019,1996-12-09,18.000000,18.460000,17.000000,17.600000,-0.010124,1131416.000000,20093584.760000,449854060.000000,2061718070.000000,0.044265,22.499210,1996-06-30,1996-08-08,175.008562,9.112082,,10.337079,4.197793
sz000019,1996-12-06,17.100000,17.950000,17.100000,17.780000,0.046498,1277807.000000,22566249.480000,454454840.000000,2082803820.000000,0.049993,22.729322,1996-06-30,1996-08-08,176.798470,9.205276,,10.442802,4.240726
sz000019,1996-12-05,16.780000,17.200000,16.650000,16.990000,0.020420,996887.000000,16868520.810000,434262530.000000,1990260790.000000,0.039002,21.719413,1996-06-30,1996-08-08,168.942960,8.796267,,9.978807,4.052302
sz000019,1996-12-04,16.800000,16.800000,16.000000,16.650000,0.010316,592647.000000,9818597.480000,425572170.000000,1950432150.000000,0.023187,21.284777,1996-06-30,1996-08-08,165.562180,8.620242,,9.779118,3.971210
sz000019,1996-12-03,15.150000,16.800000,14.850000,16.480000,0.042378,278123.000000,4519892.200000,421226990.000000,1930517830.000000,0.010881,21.067446,1996-06-30,1996-08-08,163.871680,8.532223,,9.679266,3.930661
sz000019,1996-12-02,16.100000,16.310000,15.600000,15.810000,-0.030061,229420.000000,3642638.550000,404101860.000000,1852031970.000000,0.008976,20.210946,1996-06-30,1996-08-08,157.209458,8.185345,,9.285755,3.770860
sz000019,1996-11-29,16.750000,16.780000,15.600000,16.300000,-0.016888,1263656.000000,20692355.960000,416626210.000000,1909432070.000000,0.049439,20.837337,1996-06-30,1996-08-08,162.081799,8.439030,,9.573545,3.887729
sz000019,1996-11-28,16.350000,16.890000,16.350000,16.580000,0.004848,316540.000000,5256829.400000,423782980.000000,1942232130.000000,0.012384,21.195283,1996-06-30,1996-08-08,164.866057,8.583997,,9.738000,3.954513
sz000019,1996-11-27,17.000000,17.000000,16.380000,16.500000,-0.032258,630461.000000,10409984.960000,421738190.000000,1932860690.000000,0.024666,21.093024,1996-06-30,1996-08-08,164.070642,8.542583,,9.691018,3.935434
sz000019,1996-11-26,18.000000,18.000000,16.700000,17.050000,-0.052778,2081642.000000,35683750.530000,435796120.000000,1997289380.000000,0.081442,21.796124,1996-06-30,1996-08-08,169.539652,8.827335,,10.014051,4.066615
sz000019,1996-11-25,16.800000,18.080000,16.200000,18.000000,0.058824,2612653.000000,45694095.540000,460078020.000000,2108575300.000000,0.102217,23.010576,1996-06-30,1996-08-08,178.986185,9.319183,,10.572022,4.293201
sz000019,1996-11-22,14.990000,17.000000,14.810000,17.000000,0.100324,1767302.000000,28634942.430000,434518130.000000,1991432220.000000,0.069144,21.732201,1996-06-30,1996-08-08,169.042433,8.801446,,9.984683,4.054688
sz000019,1996-11-21,16.280000,16.500000,14.800000,15.450000,-0.056777,1187108.000000,18572227.640000,394900300.000000,1809860460.000000,0.046444,19.750729,1996-06-30,1996-08-08,153.629688,7.998959,,9.074311,3.684995
sz000019,1996-11-20,16.000000,16.500000,15.510000,16.380000,0.030189,2261111.000000,36443432.340000,418671000.000000,1918803520.000000,0.088463,20.939617,1996-06-30,1996-08-08,162.877377,8.480453,,9.620537,3.906812
sz000019,1996-11-19,15.400000,15.900000,15.200000,15.900000,0.015326,2082674.000000,32235187.770000,406402250.000000,1862574840.000000,0.081482,20.325996,1996-06-30,1996-08-08,158.104364,8.231939,,9.338613,3.792325
sz000019,1996-11-18,15.500000,16.000000,15.050000,15.660000,-0.008861,1368746.000000,21443043.940000,400267880.000000,1834460510.000000,0.053551,20.019182,1996-06-30,1996-08-08,155.717833,8.107681,,9.197650,3.735082
sz000019,1996-11-15,16.000000,16.050000,15.590000,15.800000,-0.021672,2021871.000000,31951114.290000,403846260.000000,1850860540.000000,0.079103,20.198158,1996-06-30,1996-08-08,157.109984,8.180166,,9.279879,3.768474
sz000019,1996-11-14,15.340000,16.700000,15.340000,16.150000,0.039923,1268161.000000,20410311.010000,412792220.000000,1891860610.000000,0.049615,20.645589,1996-06-30,1996-08-08,160.590297,8.361373,,9.485448,3.851954
sz000019,1996-11-13,15.500000,15.700000,14.880000,15.530000,0.023057,4436961.000000,68141518.330000,396945090.000000,1819231910.000000,0.173591,19.852998,1996-06-30,1996-08-08,154.425181,8.040377,,9.121298,3.704076
sz000019,1996-11-12,15.100000,15.500000,14.800000,15.180000,-0.007194,3014889.000000,45480921.560000,387999130.000000,1778231830.000000,0.117954,19.405564,1996-06-30,1996-08-08,150.944845,7.859168,,8.915728,3.620596
sz000019,1996-11-11,14.800000,15.440000,14.800000,15.290000,0.034506,2283532.000000,34670522.780000,390810720.000000,1791117570.000000,0.089340,19.546179,1996-06-30,1996-08-08,152.038611,7.916117,,8.980333,3.646831
sz000019,1996-11-08,14.800000,15.190000,14.300000,14.780000,0.002034,4187844.000000,62142694.170000,377775170.000000,1731374600.000000,0.163844,18.894215,1996-06-30,1996-08-08,146.967356,7.652074,,8.680793,3.525191
sz000019,1996-11-07,14.050000,14.960000,13.600000,14.750000,0.060388,4205121.000000,60721993.970000,377008380.000000,1727860310.000000,0.164520,18.855862,1996-06-30,1996-08-08,146.669031,7.636542,,8.663172,3.518035
sz000019,1996-11-06,12.300000,13.990000,12.300000,13.910000,0.103093,5482009.000000,73786920.220000,355538070.000000,1629460130.000000,0.214477,17.782040,1996-06-30,1996-08-08,138.316381,7.201649,,8.169814,3.317687
sz000019,1996-11-05,11.980000,13.150000,11.900000,12.610000,0.050833,5084056.000000,65282906.770000,322310210.000000,1477174140.000000,0.198908,16.120164,1996-06-30,1996-08-08,125.389592,6.528596,,7.406278,3.007622
sz000019,1996-11-04,11.750000,12.050000,11.110000,12.000000,0.020408,2915382.000000,34183198.180000,306718680.000000,1405716860.000000,0.114061,15.340367,1996-06-30,1996-08-08,119.323995,6.212782,,7.048007,2.862131
sz000019,1996-11-01,11.810000,12.500000,11.050000,11.760000,-0.077647,3730868.000000,43218827.650000,300584310.000000,1377602530.000000,0.145966,15.033563,1996-06-30,1996-08-08,116.937534,6.088527,,6.907048,2.804889
sz000019,1996-10-31,12.000000,13.080000,12.000000,12.750000,0.086031,6917553.000000,87811666.100000,325888600.000000,1493574170.000000,0.270641,16.299142,1996-06-30,1996-08-08,126.781757,6.601081,,7.488508,3.041015
sz000019,1996-10-30,10.510000,11.760000,10.450000,11.740000,0.107547,7977671.000000,88660339.570000,300073110.000000,1375259670.000000,0.312117,15.007990,1996-06-30,1996-08-08,116.738617,6.078170,,6.895299,2.800118
sz000019,1996-10-29,10.300000,11.000000,10.100000,10.600000,-0.004695,2649213.000000,28369101.890000,270934830.000000,1241716560.000000,0.103647,13.550657,1996-06-30,1996-08-08,105.402856,5.487957,,6.225739,2.528216
sz000019,1996-10-28,10.000000,10.980000,10.000000,10.650000,0.014286,3421057.000000,36228526.570000,272212830.000000,1247573720.000000,0.133845,13.614578,1996-06-30,1996-08-08,105.900057,5.513844,,6.255107,2.540142
sz000019,1996-10-25,10.390000,10.600000,9.900000,10.500000,0.004785,2789841.000000,28342996.530000,268378850.000000,1230002260.000000,0.109149,13.422819,1996-06-30,1996-08-08,104.408478,5.436183,,6.167005,2.504364
sz000019,1996-10-24,10.200000,10.600000,9.980000,10.450000,0.006744,4993121.000000,51307136.780000,267100850.000000,1224145100.000000,0.195350,13.358897,1996-06-30,1996-08-08,103.911262,5.410295,,6.137636,2.492438
sz000019,1996-10-23,9.350000,10.520000,9.350000,10.380000,0.110160,6067558.000000,61540537.510000,265311660.000000,1215945090.000000,0.237386,13.269408,1996-06-30,1996-08-08,103.215179,5.374052,,6.096521,2.475742
sz000019,1996-10-22,8.990000,9.750000,8.950000,9.350000,-0.041026,1311926.000000,12271652.940000,238984970.000000,1095287720.000000,0.051328,11.952699,1996-06-30,1996-08-08,92.973246,4.840791,,5.491570,2.230076
sz000019,1996-10-21,9.100000,9.900000,9.100000,9.750000,0.056338,2887838.000000,27789808.130000,249208930.000000,1142144950.000000,0.112983,12.464049,1996-06-30,1996-08-08,96.950748,5.047885,,5.726506,2.325482
sz000019,1996-10-18,10.100000,10.300000,9.000000,9.230000,-0.028421,2886222.000000,27927714.430000,235917780.000000,1081230550.000000,0.112920,11.799300,1996-06-30,1996-08-08,91.780043,4.778665,,5.421092,2.201456
sz000019,1996-10-17,10.000000,10.250000,9.500000,9.500000,-0.035533,2459347.000000,24369204.980000,242818960.000000,1112859180.000000,0.096219,12.144457,1996-06-30,1996-08-08,94.464828,4.918452,,5.579672,2.265854
sz000019,1996-10-16,9.200000,9.910000,9.000000,9.850000,0.072985,2190178.000000,20410539.100000,251764920.000000,1153859260.000000,0.085688,12.591885,1996-06-30,1996-08-08,97.945112,5.099658,,5.785239,2.349333
sz000019,1996-10-15,9.280000,9.300000,8.800000,9.180000,0.008791,1443424.000000,13082584.280000,234639790.000000,1075373400.000000,0.056472,11.735378,1996-06-30,1996-08-08,91.282834,4.752777,,5.391724,2.189530
sz000019,1996-10-14,9.100000,9.150000,8.960000,9.100000,0.005525,2209607.000000,20033294.480000,232595000.000000,1066001960.000000,0.086448,11.633112,1996-06-30,1996-08-08,90.487360,4.711359,,5.344738,2.170449
sz000019,1996-10-11,9.500000,9.600000,9.000000,9.050000,-0.037234,1601880.000000,14701206.720000,231317000.000000,1060144800.000000,0.062672,11.569192,1996-06-30,1996-08-08,89.990164,4.685472,,5.315371,2.158523
sz000019,1996-10-10,9.500000,9.650000,9.100000,9.400000,0.001065,1567360.000000,14565372.440000,240262970.000000,1101144880.000000,0.061321,12.016619,1996-06-30,1996-08-08,93.470443,4.866678,,5.520937,2.242002
sz000019,1996-10-09,9.500000,9.850000,9.050000,9.390000,-0.025934,2267724.000000,21689575.560000,240007370.000000,1099973450.000000,0.088722,12.003834,1996-06-30,1996-08-08,93.371003,4.861500,,5.515064,2.239617
sz000019,1996-10-08,9.450000,9.980000,9.380000,9.640000,0.027719,4266638.000000,41238493.110000,246397340.000000,1129259210.000000,0.166927,12.323430,1996-06-30,1996-08-08,95.856957,4.990935,,5.661900,2.299246
sz000019,1996-10-07,9.500000,9.600000,9.000000,9.380000,-0.027979,2592999.000000,23989014.250000,239751770.000000,1098802020.000000,0.101448,11.991050,1996-06-30,1996-08-08,93.271563,4.856323,,5.509190,2.237232
sz000019,1996-10-04,9.250000,10.030000,9.220000,9.650000,0.054645,5675084.000000,54829295.930000,246652940.000000,1130430640.000000,0.222031,12.336205,1996-06-30,1996-08-08,95.956325,4.996109,,5.667769,2.301629
sz000019,1996-10-03,8.700000,9.350000,8.400000,9.150000,0.090584,6607594.000000,60039517.240000,233872990.000000,1071859110.000000,0.258514,11.697021,1996-06-30,1996-08-08,90.984478,4.737242,,5.374101,2.182373
sz000019,1996-09-27,8.030000,8.890000,8.000000,8.390000,0.026928,6835185.000000,58038472.920000,214447480.000000,982830370.000000,0.267418,10.725466,1996-06-30,1996-08-08,83.427299,4.343767,,4.927728,2.001105
sz000019,1996-09-26,6.950000,8.290000,6.950000,8.170000,0.167143,4472238.000000,35018287.470000,208824300.000000,957058900.000000,0.174971,10.444224,1996-06-30,1996-08-08,81.239677,4.229865,,4.798513,1.948632
sz000019,1996-09-25,7.250000,7.350000,6.910000,7.000000,-0.030471,536861.000000,3781709.950000,178919230.000000,820001500.000000,0.021004,8.948538,1996-06-30,1996-08-08,69.605590,3.624119,,4.111333,1.669575
sz000019,1996-09-24,7.200000,7.400000,7.100000,7.220000,0.004172,841565.000000,6099198.850000,184542410.000000,845772980.000000,0.032925,9.229779,1996-06-30,1996-08-08,71.793201,3.738020,,4.240547,1.722047
sz000019,1996-09-23,6.950000,7.360000,6.800000,7.190000,0.036023,897064.000000,6434438.430000,183775610.000000,842258690.000000,0.035097,9.191432,1996-06-30,1996-08-08,71.494924,3.722490,,4.222929,1.714893
sz000019,1996-09-20,6.720000,6.980000,6.720000,6.940000,0.035821,551326.000000,3802246.240000,177385640.000000,812972920.000000,0.021570,8.871842,1996-06-30,1996-08-08,69.009012,3.593057,,4.076095,1.655265
sz000019,1996-09-19,6.500000,6.780000,6.450000,6.700000,0.007519,366710.000000,2415338.150000,171251260.000000,784858580.000000,0.014347,8.565034,1996-06-30,1996-08-08,66.622527,3.468801,,3.935135,1.598022
sz000019,1996-09-18,7.020000,7.190000,6.520000,6.650000,-0.060734,635910.000000,4315332.600000,169973270.000000,779001430.000000,0.024879,8.501114,1996-06-30,1996-08-08,66.125330,3.442914,,3.905767,1.586096
sz000019,1996-09-17,7.000000,7.200000,6.850000,7.080000,0.026087,734540.000000,5170819.500000,180964020.000000,829372950.000000,0.028738,9.050805,1996-06-30,1996-08-08,70.401069,3.665537,,4.158319,1.688655
sz000019,1996-09-16,6.960000,6.960000,6.700000,6.900000,-0.001447,418995.000000,2842069.260000,176363240.000000,808287200.000000,0.016393,8.820700,1996-06-30,1996-08-08,68.611208,3.572345,,4.052599,1.645723
sz000019,1996-09-13,6.780000,6.980000,6.700000,6.910000,0.029806,304579.000000,2091058.300000,176618840.000000,809458630.000000,0.011916,8.833482,1996-06-30,1996-08-08,68.710633,3.577522,,4.058471,1.648108
sz000019,1996-09-12,7.100000,7.150000,6.700000,6.710000,-0.046875,560200.000000,3861317.100000,171506860.000000,786030010.000000,0.021917,8.577812,1996-06-30,1996-08-08,66.721919,3.473976,,3.941006,1.600406
sz000019,1996-09-11,6.900000,7.150000,6.760000,7.040000,0.012950,378927.000000,2643602.030000,179941630.000000,824687230.000000,0.014825,8.999671,1996-06-30,1996-08-08,70.003325,3.644827,,4.134826,1.679115
sz000019,1996-09-10,7.100000,7.250000,6.880000,6.950000,-0.030683,643595.000000,4535158.130000,177641240.000000,814144350.000000,0.025180,8.884615,1996-06-30,1996-08-08,69.108372,3.598230,,4.081964,1.657648
sz000019,1996-09-09,7.300000,7.350000,7.100000,7.170000,-0.017808,587798.000000,4238632.100000,183264410.000000,839915830.000000,0.022997,9.165851,1996-06-30,1996-08-08,71.295945,3.712130,,4.211176,1.710120
sz000019,1996-09-06,7.680000,7.680000,7.120000,7.300000,-0.049479,898495.000000,6658457.100000,186587200.000000,855144430.000000,0.035153,9.332036,1996-06-30,1996-08-08,72.588603,3.779434,,4.287528,1.741126
sz000019,1996-09-05,7.950000,8.290000,7.650000,7.680000,-0.027848,2728329.000000,22109567.880000,196299960.000000,899658790.000000,0.106743,9.817812,1996-06-30,1996-08-08,76.367174,3.976171,,4.510714,1.831760
sz000019,1996-09-04,7.700000,7.950000,7.560000,7.900000,0.012821,1680212.000000,13084358.310000,201923130.000000,925430270.000000,0.065736,10.099050,1996-06-30,1996-08-08,78.554767,4.090071,,4.639926,1.884232
sz000019,1996-09-03,7.950000,7.950000,7.690000,7.800000,-0.018868,1065447.000000,8272217.200000,199367140.000000,913715960.000000,0.041684,9.971209,1996-06-30,1996-08-08,77.560366,4.038296,,4.581191,1.860380
sz000019,1996-09-02,7.700000,8.000000,7.550000,7.950000,0.025806,1884562.000000,14732138.200000,203201130.000000,931287420.000000,0.073731,10.162964,1996-06-30,1996-08-08,79.051918,4.115956,,4.669291,1.896156
sz000019,1996-08-30,7.300000,7.850000,7.250000,7.750000,0.052989,1550715.000000,11897305.850000,198089150.000000,907858810.000000,0.060670,9.907296,1996-06-30,1996-08-08,77.063224,4.012412,,4.551827,1.848455
sz000019,1996-08-29,7.380000,7.380000,7.160000,7.360000,-0.005405,903253.000000,6565054.240000,188120790.000000,862173010.000000,0.035339,9.408737,1996-06-30,1996-08-08,73.185213,3.810497,,4.322767,1.755436
sz000019,1996-08-28,7.300000,7.400000,7.150000,7.400000,0.016484,1049345.000000,7643151.000000,189143190.000000,866858730.000000,0.041054,9.459867,1996-06-30,1996-08-08,73.582928,3.831205,,4.346259,1.764976
sz000019,1996-08-27,7.220000,7.300000,7.050000,7.280000,0.011111,1351089.000000,9668938.310000,186076000.000000,852801560.000000,0.052860,9.306460,1996-06-30,1996-08-08,72.389657,3.769075,,4.275777,1.736354
sz000019,1996-08-26,6.850000,7.250000,6.800000,7.200000,0.057269,1708518.000000,12243245.480000,184031210.000000,843430120.000000,0.066844,9.204192,1996-06-30,1996-08-08,71.594174,3.727657,,4.228791,1.717273
sz000019,1996-08-23,6.700000,7.000000,6.500000,6.810000,0.019461,1090716.000000,7361208.530000,174062850.000000,797744320.000000,0.042673,8.705629,1996-06-30,1996-08-08,67.716139,3.525742,,3.999730,1.624254
sz000019,1996-08-22,7.300000,7.300000,6.620000,6.680000,-0.068340,776016.000000,5425627.690000,170740070.000000,782515720.000000,0.030361,8.539443,1996-06-30,1996-08-08,66.423472,3.458437,,3.923378,1.593248
sz000019,1996-08-21,6.850000,7.300000,6.850000,7.170000,0.019915,725567.000000,5205253.710000,183264410.000000,839915830.000000,0.028387,9.165836,1996-06-30,1996-08-08,71.295829,3.712124,,4.211169,1.710117
sz000019,1996-08-20,7.470000,7.470000,6.990000,7.030000,-0.072559,597139.000000,4296361.120000,179686030.000000,823515800.000000,0.023362,8.986863,1996-06-30,1996-08-08,69.903697,3.639640,,4.128941,1.676725
sz000019,1996-08-19,7.900000,7.940000,7.500000,7.580000,-0.038071,508672.000000,3937100.890000,193743970.000000,887944490.000000,0.019901,9.689957,1996-06-30,1996-08-08,75.372662,3.924390,,4.451972,1.807905
sz000019,1996-08-16,7.850000,7.980000,7.650000,7.880000,-0.003793,854675.000000,6634204.950000,201411930.000000,923087410.000000,0.033438,10.073463,1996-06-30,1996-08-08,78.355743,4.079709,,4.628171,1.879458
sz000019,1996-08-15,8.150000,8.200000,7.900000,7.910000,-0.028256,616478.000000,4960693.650000,202178730.000000,926601700.000000,0.024119,10.111817,1996-06-30,1996-08-08,78.654078,4.095242,,4.645792,1.886614
sz000019,1996-08-14,8.000000,8.300000,7.820000,8.140000,0.036943,2445856.000000,19825095.780000,208057500.000000,953544610.000000,0.095691,10.405845,1996-06-30,1996-08-08,80.941151,4.214322,,4.780881,1.941472
sz000019,1996-08-13,7.800000,8.050000,7.700000,7.850000,-0.003807,956475.000000,7568479.360000,200645140.000000,919573120.000000,0.037421,10.035118,1996-06-30,1996-08-08,78.057474,4.064179,,4.610553,1.872303
sz000019,1996-08-12,7.700000,8.160000,7.500000,7.880000,0.003822,1786506.000000,13941506.760000,201411930.000000,923087410.000000,0.069895,10.073467,1996-06-30,1996-08-08,78.355774,4.079710,,4.628172,1.879458
sz000019,1996-08-09,7.850000,8.150000,7.680000,7.850000,-0.040342,1518206.000000,11964071.370000,200645140.000000,919573120.000000,0.059398,10.035113,1996-06-30,1996-08-08,78.057439,4.064177,,4.610551,1.872303
sz000019,1996-08-08,7.360000,8.250000,6.900000,8.180000,-0.002439,3058279.000000,23706379.720000,209079900.000000,958230330.000000,0.119651,10.456968,1996-06-30,1996-08-08,81.338809,4.235026,,4.804369,1.951010
sz000019,1996-08-07,8.000000,8.210000,7.800000,8.200000,0.000000,2984051.000000,23979336.990000,209591100.000000,960573190.000000,0.116747,10.482535,1995-12-31,1996-04-27,314.741835,4.245365,,5.060138,1.955780
sz000019,1996-08-06,8.400000,8.400000,7.800000,8.200000,-0.039813,2093312.000000,17015491.660000,209591100.000000,960573190.000000,0.081898,10.482535,1995-12-31,1996-04-27,314.741835,4.245365,,5.060138,1.955780
sz000019,1996-08-05,9.100000,9.150000,7.610000,8.540000,-0.076757,3561466.000000,29359835.800000,218281460.000000,1000401830.000000,0.139338,10.917181,1995-12-31,1996-04-27,327.792227,4.421394,,5.269951,2.036874
sz000019,1996-08-02,9.800000,10.080000,9.010000,9.250000,-0.036458,3807478.000000,37137331.930000,236428980.000000,1083573420.000000,0.148963,11.824818,1995-12-31,1996-04-27,355.044368,4.788982,,5.708086,2.206217
sz000019,1996-08-01,9.100000,9.600000,9.100000,9.600000,0.043478,2263713.000000,21330883.100000,245374940.000000,1124573490.000000,0.088565,12.272240,1995-12-31,1996-04-27,368.478352,4.970185,,5.924066,2.289695
sz000019,1996-07-31,9.000000,9.200000,8.800000,9.200000,0.016575,1215657.000000,10920896.190000,235150990.000000,1077716260.000000,0.047561,11.760899,1995-12-31,1996-04-27,353.125175,4.763095,,5.677231,2.194291
sz000019,1996-07-30,9.480000,9.500000,8.880000,9.050000,-0.035181,1147187.000000,10528503.030000,231317000.000000,1060144800.000000,0.044882,11.569141,1995-12-31,1996-04-27,347.367558,4.685434,,5.584665,2.158514
sz000019,1996-07-29,8.850000,9.500000,8.810000,9.380000,0.050392,1520717.000000,14086396.920000,239751770.000000,1098802020.000000,0.059496,11.990996,1995-12-31,1996-04-27,360.033911,4.856283,,5.788304,2.237222
sz000019,1996-07-26,9.000000,9.200000,8.500000,8.930000,-0.039785,1602978.000000,14227511.970000,228249820.000000,1046087630.000000,0.062715,11.415734,1995-12-31,1996-04-27,342.761475,4.623305,,5.510613,2.129892
sz000019,1996-07-25,9.600000,9.750000,9.060000,9.300000,-0.029228,2430478.000000,23152684.310000,237706980.000000,1089430570.000000,0.095090,11.888727,1995-12-31,1996-04-27,356.963258,4.814865,,5.738936,2.218141
sz000019,1996-07-24,10.180000,10.180000,9.380000,9.580000,-0.037186,6694613.000000,64394942.170000,244863750.000000,1122230630.000000,0.261919,12.246673,1995-12-31,1996-04-27,367.710706,4.959830,,5.911724,2.284925
sz000019,1996-07-23,9.780000,10.220000,9.400000,9.950000,0.041885,10582098.000000,104685375.700000,254320910.000000,1165573570.000000,0.414012,12.719667,1995-12-31,1996-04-27,381.912505,5.151390,,6.140048,2.373173
sz000019,1996-07-22,7.880000,9.590000,7.860000,9.550000,0.243490,8065453.000000,70777540.140000,244096950.000000,1118716340.000000,0.315551,12.208321,1995-12-31,1996-04-27,366.559174,4.944298,,5.893211,2.277769
sz000019,1996-07-19,7.800000,7.900000,7.300000,7.680000,-0.015385,1732484.000000,13152587.370000,196299960.000000,899658790.000000,0.067781,9.817788,1995-12-31,1996-04-27,294.782567,3.976146,,4.739251,1.831755
sz000019,1996-07-18,7.160000,7.800000,7.000000,7.800000,0.065574,1651854.000000,12391368.210000,199367140.000000,913715960.000000,0.064627,9.971195,1995-12-31,1996-04-27,299.388661,4.038275,,4.813304,1.860377
sz000019,1996-07-17,7.700000,7.700000,7.110000,7.320000,-0.053040,3109672.000000,23271943.810000,187098390.000000,857487290.000000,0.121662,9.357581,1995-12-31,1996-04-27,280.964683,3.789765,,4.517099,1.745892
sz000019,1996-07-16,7.050000,7.900000,7.050000,7.730000,0.109039,3678713.000000,27649831.690000,197577950.000000,905515950.000000,0.143925,9.881706,1995-12-31,1996-04-27,296.701744,4.002033,,4.770106,1.843681
sz000019,1996-07-15,6.430000,6.970000,6.430000,6.970000,0.106349,3254022.000000,21769363.810000,178152430.000000,816487210.000000,0.127310,8.910152,1995-12-31,1996-04-27,267.530487,3.608559,,4.301116,1.662413
sz000019,1996-07-12,5.990000,6.340000,5.810000,6.300000,0.050000,2349199.000000,14382136.550000,161027310.000000,738001350.000000,0.091910,8.053654,1995-12-31,1996-04-27,241.813828,3.261683,,3.887667,1.502612
sz000019,1996-07-11,6.000000,6.150000,5.800000,6.000000,0.001669,2078308.000000,12465223.350000,153359340.000000,702858430.000000,0.081311,7.670147,1995-12-31,1996-04-27,230.298884,3.106364,,3.702540,1.431059
sz000019,1996-07-10,6.040000,6.100000,5.800000,5.990000,-0.004983,3335711.000000,19838886.950000,153103740.000000,701687000.000000,0.130506,7.657367,1995-12-31,1996-04-27,229.915155,3.101188,,3.696371,1.428674
sz000019,1996-07-09,5.440000,6.200000,5.310000,6.020000,0.106618,5446855.000000,31938025.920000,153870540.000000,705201290.000000,0.213102,7.695715,1995-12-31,1996-04-27,231.066560,3.116719,,3.714882,1.435829
sz000019,1996-07-08,5.530000,5.600000,5.150000,5.440000,0.020638,1426100.000000,7780404.850000,139045800.000000,637258310.000000,0.055794,6.954265,1995-12-31,1996-04-27,208.804267,2.816436,,3.356969,1.297493
sz000019,1996-07-05,5.190000,5.500000,4.960000,5.330000,0.034951,1189505.000000,6330949.350000,136234210.000000,624372570.000000,0.046538,6.813645,1995-12-31,1996-04-27,204.582101,2.759486,,3.289088,1.271257
sz000019,1996-07-04,5.190000,5.240000,5.030000,5.150000,-0.005792,505422.000000,2586990.030000,131633430.000000,603286820.000000,0.019774,6.583543,1995-12-31,1996-04-27,197.673225,2.666296,,3.178014,1.228325
sz000019,1996-07-03,4.950000,5.180000,4.950000,5.180000,0.040161,914445.000000,4616676.270000,132400230.000000,606801110.000000,0.035777,6.621897,1995-12-31,1996-04-27,198.824818,2.681829,,3.196528,1.235481
sz000019,1996-07-02,4.830000,5.020000,4.750000,4.980000,0.020492,595423.000000,2912182.580000,127288250.000000,583372500.000000,0.023295,6.366223,1995-12-31,1996-04-27,191.148118,2.578283,,3.073109,1.187779
sz000019,1996-07-01,4.700000,5.200000,4.700000,4.880000,-0.084428,1138575.000000,5663251.350000,124732260.000000,571658190.000000,0.044545,6.238386,1995-12-31,1996-04-27,187.309767,2.526510,,3.011399,1.163928
sz000019,1996-06-28,5.500000,5.570000,5.250000,5.330000,-0.027372,1553331.000000,8319293.690000,136234210.000000,624372570.000000,0.060772,6.813649,1995-12-31,1996-04-27,204.582236,2.759488,,3.289090,1.271257
sz000019,1996-06-27,5.700000,5.700000,5.460000,5.480000,-0.046957,1556572.000000,8617494.190000,140068200.000000,641944030.000000,0.060899,7.005401,1995-12-31,1996-04-27,210.339652,2.837146,,3.381653,1.307034
sz000019,1996-06-26,5.600000,5.880000,5.580000,5.750000,0.026786,2272370.000000,13107635.120000,146969370.000000,673572660.000000,0.088904,7.350561,1995-12-31,1996-04-27,220.703213,2.976934,,3.548269,1.371432
sz000019,1996-06-25,5.510000,5.780000,5.210000,5.600000,0.016334,3686796.000000,20387082.130000,143135380.000000,656001200.000000,0.144241,7.158806,1995-12-31,1996-04-27,214.945678,2.899274,,3.455705,1.335655
sz000019,1996-06-24,5.300000,5.550000,5.210000,5.510000,0.110887,7569242.000000,40875594.860000,140834990.000000,645458330.000000,0.296138,7.043753,1995-12-31,1996-04-27,211.491181,2.852678,,3.400166,1.314189
sz000019,1996-06-20,4.960000,5.050000,4.810000,4.960000,0.000000,1924027.000000,9468366.150000,126777050.000000,581029640.000000,0.075275,6.340657,1995-12-31,1996-04-27,190.380463,2.567929,,3.060767,1.183009
sz000019,1996-06-19,4.840000,5.140000,4.800000,4.960000,0.024793,2935067.000000,14501907.460000,126777050.000000,581029640.000000,0.114831,6.340657,1995-12-31,1996-04-27,190.380463,2.567929,,3.060767,1.183009
sz000019,1996-06-18,4.900000,4.900000,4.600000,4.840000,-0.018256,2680252.000000,12662794.250000,123709870.000000,566972470.000000,0.104862,6.187256,1995-12-31,1996-04-27,185.774554,2.505802,,2.986717,1.154388
sz000019,1996-06-17,4.300000,5.100000,4.260000,4.930000,0.171021,8019871.000000,38736563.240000,126010260.000000,577515340.000000,0.313768,6.302311,1995-12-31,1996-04-27,189.229121,2.552399,,3.042257,1.175854
sz000019,1996-06-14,4.300000,4.350000,4.150000,4.210000,-0.032184,1272031.000000,5375464.910000,107607140.000000,493172330.000000,0.049767,5.381894,1995-12-31,1996-04-27,161.593277,2.179635,,2.597952,1.004128
sz000019,1996-06-13,4.170000,4.450000,4.150000,4.350000,0.045673,1960761.000000,8410203.650000,111185520.000000,509572360.000000,0.076712,5.560865,1995-12-31,1996-04-27,166.966941,2.252118,,2.684345,1.037519
sz000019,1996-06-12,4.080000,4.160000,3.980000,4.160000,0.007264,1288553.000000,5263603.750000,106329140.000000,487315180.000000,0.050413,5.317977,1995-12-31,1996-04-27,159.674144,2.153749,,2.567098,0.992202
sz000019,1996-06-11,4.300000,4.480000,4.000000,4.130000,-0.048387,1819369.000000,7504625.220000,105562350.000000,483800890.000000,0.071181,5.279626,1995-12-31,1996-04-27,158.522636,2.138217,,2.548585,0.985047
sz000019,1996-06-10,4.500000,4.850000,4.230000,4.340000,0.016393,3602542.000000,16314058.510000,110929920.000000,508400930.000000,0.140945,5.548081,1995-12-31,1996-04-27,166.583092,2.246940,,2.678174,1.035134
sz000019,1996-06-07,3.900000,4.400000,3.880000,4.270000,0.100515,2682431.000000,11141701.270000,109140730.000000,500200920.000000,0.104947,5.458598,1995-12-31,1996-04-27,163.896339,2.210700,,2.634979,1.018439
sz000019,1996-06-06,3.750000,4.100000,3.610000,3.880000,0.026455,1469689.000000,5732465.170000,99172370.000000,454515120.000000,0.057500,4.960040,1995-12-31,1996-04-27,148.926947,2.008787,,2.394314,0.925420
sz000019,1996-06-05,3.640000,3.850000,3.590000,3.780000,0.044199,938419.000000,3533978.470000,96616380.000000,442800810.000000,0.036715,4.832204,1995-12-31,1996-04-27,145.088627,1.957014,,2.332605,0.901569
sz000019,1996-06-04,3.700000,3.700000,3.550000,3.620000,-0.021622,789580.000000,2845162.640000,92526800.000000,424057920.000000,0.030891,4.627665,1995-12-31,1996-04-27,138.947296,1.874177,,2.233871,0.863407
sz000019,1996-06-03,3.900000,3.900000,3.650000,3.700000,-0.013333,559754.000000,2079747.090000,94571590.000000,433429370.000000,0.021900,4.729936,1995-12-31,1996-04-27,142.018009,1.915596,,2.283239,0.882488
sz000019,1996-05-31,3.780000,3.890000,3.660000,3.750000,-0.005305,454664.000000,1714814.620000,95849590.000000,439286520.000000,0.017788,4.793853,1995-12-31,1996-04-27,143.937123,1.941482,,2.314093,0.894414
sz000019,1996-05-30,3.940000,3.950000,3.750000,3.770000,-0.045570,355089.000000,1352439.760000,96360790.000000,441629380.000000,0.013892,4.819420,1995-12-31,1996-04-27,144.704782,1.951837,,2.326434,0.899184
sz000019,1996-05-29,3.850000,3.970000,3.820000,3.950000,0.025974,244309.000000,946966.790000,100961570.000000,462715130.000000,0.009558,5.049526,1995-12-31,1996-04-27,151.613824,2.045028,,2.437512,0.942116
sz000019,1996-05-28,3.840000,3.880000,3.780000,3.850000,0.015831,178685.000000,681630.700000,98405580.000000,451000830.000000,0.006991,4.921690,1995-12-31,1996-04-27,147.775503,1.993256,,2.375803,0.918265
sz000019,1996-05-27,3.980000,3.980000,3.750000,3.790000,-0.002632,172520.000000,658557.270000,96871980.000000,443972240.000000,0.006750,4.844989,1995-12-31,1996-04-27,145.472527,1.962192,,2.338777,0.903955
sz000019,1996-05-24,3.650000,3.920000,3.650000,3.800000,0.032609,724714.000000,2769660.030000,97127580.000000,445143670.000000,0.028354,4.857775,1995-12-31,1996-04-27,145.856421,1.967370,,2.344949,0.906340
sz000019,1996-05-23,4.020000,4.150000,3.680000,3.680000,-0.080000,723295.000000,2788506.490000,94060400.000000,431086500.000000,0.028298,4.704370,1995-12-31,1996-04-27,141.250388,1.905242,,2.270898,0.877719
sz000019,1996-05-22,3.900000,4.050000,3.900000,4.000000,-0.004975,652757.000000,2592984.640000,102239560.000000,468572290.000000,0.025538,5.113446,1995-12-31,1996-04-27,153.533030,2.070915,,2.468367,0.954042
sz000019,1996-05-21,4.430000,4.450000,4.000000,4.020000,-0.096629,994853.000000,4194026.110000,102750760.000000,470915150.000000,0.038922,5.139013,1995-12-31,1996-04-27,154.300676,2.081270,,2.480708,0.958812
sz000019,1996-05-20,4.410000,4.600000,4.330000,4.450000,0.027714,2701251.000000,12096273.670000,113741510.000000,521286670.000000,0.105683,5.688707,1995-12-31,1996-04-27,170.805434,2.303893,,2.746057,1.061371
sz000019,1996-05-17,4.260000,4.370000,4.200000,4.330000,0.014052,1217832.000000,5204709.960000,110674320.000000,507229500.000000,0.047646,5.535301,1995-12-31,1996-04-27,166.199384,2.241764,,2.672005,1.032750
sz000019,1996-05-16,4.200000,4.350000,4.200000,4.270000,0.014252,1677979.000000,7191400.550000,109140730.000000,500200920.000000,0.065649,5.458597,1995-12-31,1996-04-27,163.896313,2.210700,,2.634979,1.018438
sz000019,1996-05-15,4.130000,4.230000,4.100000,4.210000,0.014458,846373.000000,3537559.680000,107607140.000000,493172330.000000,0.033113,5.381894,1995-12-31,1996-04-27,161.593286,2.179635,,2.597953,1.004128
sz000019,1996-05-14,4.100000,4.300000,4.000000,4.150000,0.022167,1369173.000000,5712636.060000,106073540.000000,486143750.000000,0.053567,5.305192,1995-12-31,1996-04-27,159.290267,2.148571,,2.560927,0.989817
sz000019,1996-05-13,3.970000,4.090000,3.890000,4.060000,0.015000,845132.000000,3356985.710000,103773150.000000,475600870.000000,0.033065,5.190142,1995-12-31,1996-04-27,155.835854,2.101977,,2.505390,0.968351
sz000019,1996-05-10,4.070000,4.080000,3.910000,4.000000,-0.019608,667847.000000,2639191.920000,102239560.000000,468572290.000000,0.026129,5.113440,1995-12-31,1996-04-27,153.532861,2.070913,,2.468364,0.954041
sz000019,1996-05-09,4.250000,4.250000,4.050000,4.080000,-0.042254,649134.000000,2694811.200000,104284350.000000,477943730.000000,0.025397,5.215710,1995-12-31,1996-04-27,156.603543,2.112332,,2.517732,0.973122
sz000019,1996-05-08,4.300000,4.300000,4.180000,4.260000,-0.011601,694860.000000,2943299.520000,108885130.000000,499029490.000000,0.027186,5.445818,1995-12-31,1996-04-27,163.512605,2.205524,,2.628810,1.016054
sz000019,1996-05-07,4.450000,4.510000,4.200000,4.310000,-0.020455,1449509.000000,6224403.230000,110163130.000000,504886640.000000,0.056710,5.509736,1995-12-31,1996-04-27,165.431779,2.231411,,2.659664,1.027980
sz000019,1996-05-06,4.200000,4.420000,4.160000,4.400000,0.000000,1742408.000000,7488331.560000,112463520.000000,515429520.000000,0.068170,5.624791,1995-12-31,1996-04-27,168.886349,2.278007,,2.715204,1.049446
sz000019,1996-05-03,4.600000,4.600000,4.060000,4.400000,-0.102041,4446144.000000,18864445.320000,112463520.000000,515429520.000000,0.173950,5.624791,1995-12-31,1996-04-27,168.886349,2.278007,,2.715204,1.049446
sz000019,1996-05-02,5.450000,5.450000,4.080000,4.900000,-0.075472,7016101.000000,30946352.900000,125243460.000000,574001050.000000,0.274497,6.263973,1995-12-31,1996-04-27,188.078018,2.536872,,3.023750,1.168702
sz000019,1996-04-30,5.350000,6.550000,4.200000,5.300000,0.000000,4925205.000000,25666370.880000,135467420.000000,620858280.000000,0.192693,6.775320,1995-12-31,1996-04-27,203.431392,2.743965,,3.270588,1.264106
sz000019,1996-04-29,5.020000,5.990000,5.000000,5.300000,-0.007491,1088572.000000,5739049.680000,135467420.000000,620858280.000000,0.042589,6.775320,1995-12-31,1996-04-27,203.431392,2.743965,,3.270588,1.264106
sz000019,1996-04-26,4.650000,5.370000,4.490000,5.340000,0.200000,3543512.000000,17882037.060000,136489810.000000,625544000.000000,0.138636,6.826457,1995-06-30,1995-08-19,-37.007591,2.678893,,3.449595,1.273647
sz000019,1996-04-25,5.050000,5.200000,4.410000,4.450000,-0.113546,1129818.000000,5553749.800000,113741510.000000,521286670.000000,0.044203,5.688714,1995-06-30,1995-08-19,-30.839659,2.232411,,2.874663,1.061373
sz000019,1996-04-24,4.400000,5.050000,4.350000,5.020000,0.133183,3526076.000000,16878606.180000,128310650.000000,588058220.000000,0.137953,6.417382,1995-06-30,1995-08-19,-34.789915,2.518360,,3.242879,1.197324
sz000019,1996-04-23,4.000000,4.500000,3.990000,4.430000,0.107500,428595.000000,1783555.400000,113230310.000000,518943810.000000,0.016768,5.663147,1995-06-30,1995-08-19,-30.701056,2.222377,,2.861743,1.056602
sz000019,1996-04-22,3.880000,4.090000,3.800000,4.000000,0.012658,263807.000000,1046688.810000,102239560.000000,468572290.000000,0.010321,5.113451,1995-06-30,1995-08-19,-27.721044,2.006661,,2.583967,0.954043
sz000019,1996-04-19,3.880000,4.150000,3.880000,3.950000,0.018041,306120.000000,1235449.180000,100961570.000000,462715130.000000,0.011977,5.049534,1995-06-30,1995-08-19,-27.374537,1.981578,,2.551668,0.942118
sz000019,1996-04-18,3.610000,3.880000,3.610000,3.880000,0.031915,192708.000000,735696.870000,99172370.000000,454515120.000000,0.007539,4.960050,1995-06-30,1995-08-19,-26.889425,1.946462,,2.506449,0.925422
sz000019,1996-04-17,3.800000,3.850000,3.750000,3.760000,0.000000,170095.000000,641480.200000,96105190.000000,440457950.000000,0.006655,4.806646,1995-06-30,1995-08-19,-26.057791,1.886262,,2.428929,0.896801
sz000019,1996-04-16,3.700000,3.780000,3.690000,3.760000,0.016216,164449.000000,612563.050000,96105190.000000,440457950.000000,0.006434,4.806646,1995-06-30,1995-08-19,-26.057791,1.886262,,2.428929,0.896801
sz000019,1996-04-15,3.750000,3.780000,3.680000,3.700000,0.000000,87323.000000,326110.640000,94571590.000000,433429370.000000,0.003416,4.729945,1995-06-30,1995-08-19,-25.641980,1.856163,,2.390170,0.882490
sz000019,1996-04-12,3.650000,3.730000,3.650000,3.700000,0.013699,150303.000000,555572.980000,94571590.000000,433429370.000000,0.005880,4.729945,1995-06-30,1995-08-19,-25.641980,1.856163,,2.390170,0.882490
sz000019,1996-04-11,3.550000,3.650000,3.550000,3.650000,0.008287,30834.000000,111028.800000,93293600.000000,427572210.000000,0.001206,4.666025,1995-06-30,1995-08-19,-25.295458,1.831079,,2.357870,0.870564
sz000019,1996-04-10,3.550000,3.650000,3.550000,3.620000,0.005556,23665.000000,85455.220000,92526800.000000,424057920.000000,0.000926,4.627676,1995-06-30,1995-08-19,-25.087557,1.816029,,2.338491,0.863409
sz000019,1996-04-09,3.540000,3.710000,3.540000,3.600000,0.008403,60356.000000,221782.740000,92015600.000000,421715060.000000,0.002361,4.602106,1995-06-30,1995-08-19,-24.948941,1.805995,,2.325570,0.858639
sz000019,1996-04-08,3.590000,3.640000,3.540000,3.570000,-0.005571,39691.000000,142944.390000,91248810.000000,418200770.000000,0.001553,4.563757,1995-06-30,1995-08-19,-24.741042,1.790946,,2.306191,0.851484
sz000019,1996-04-05,3.560000,3.650000,3.520000,3.590000,0.008427,31629.000000,113799.800000,91760010.000000,420543630.000000,0.001237,4.589324,1995-06-30,1995-08-19,-24.879646,1.800979,,2.319111,0.856254
sz000019,1996-04-04,3.440000,3.560000,3.440000,3.560000,0.022989,21411.000000,75834.410000,90993210.000000,417029340.000000,0.000838,4.550973,1995-06-30,1995-08-19,-24.671738,1.785929,,2.299731,0.849098
sz000019,1996-04-03,3.440000,3.500000,3.310000,3.480000,-0.011364,20880.000000,71983.300000,88948420.000000,407657890.000000,0.000817,4.448702,1995-06-30,1995-08-19,-24.117305,1.745795,,2.248051,0.830017
sz000019,1996-04-02,3.520000,3.550000,3.510000,3.520000,-0.016760,12720.000000,45003.550000,89970810.000000,412343610.000000,0.000498,4.499838,1995-06-30,1995-08-19,-24.394524,1.765862,,2.273891,0.839558
sz000019,1996-04-01,3.580000,3.620000,3.550000,3.580000,0.017045,32655.000000,117239.550000,91504410.000000,419372200.000000,0.001278,4.576541,1995-06-30,1995-08-19,-24.810346,1.795963,,2.312651,0.853869
sz000019,1996-03-29,3.550000,3.550000,3.510000,3.520000,-0.005650,10460.000000,36829.600000,89970810.000000,412343610.000000,0.000409,4.499841,1995-06-30,1995-08-19,-24.394541,1.765864,,2.273893,0.839558
sz000019,1996-03-28,3.550000,3.570000,3.540000,3.540000,-0.011173,19210.000000,68287.450000,90482010.000000,414686470.000000,0.000752,4.525410,1995-06-30,1995-08-19,-24.533153,1.775897,,2.286813,0.844329
sz000019,1996-03-27,3.560000,3.580000,3.550000,3.580000,-0.019178,23158.000000,82706.060000,91504410.000000,419372200.000000,0.000906,4.576544,1995-06-30,1995-08-19,-24.810359,1.795964,,2.312652,0.853869
sz000019,1996-03-26,3.600000,3.660000,3.600000,3.650000,0.011080,38505.000000,140205.250000,93293600.000000,427572210.000000,0.001506,4.666029,1995-06-30,1995-08-19,-25.295476,1.831080,,2.357872,0.870565
sz000019,1996-03-25,3.610000,3.640000,3.610000,3.610000,-0.005510,20060.000000,72694.850000,92271200.000000,422886490.000000,0.000785,4.614896,1995-06-30,1995-08-19,-25.018273,1.811014,,2.332033,0.861025
sz000019,1996-03-22,3.610000,3.650000,3.600000,3.630000,-0.005479,32355.000000,117166.400000,92782400.000000,425229350.000000,0.001266,4.640465,1995-06-30,1995-08-19,-25.156888,1.821048,,2.344953,0.865795
sz000019,1996-03-21,3.580000,3.690000,3.580000,3.650000,0.005510,42470.000000,153442.800000,93293600.000000,427572210.000000,0.001662,4.666030,1995-06-30,1995-08-19,-25.295482,1.831081,,2.357872,0.870565
sz000019,1996-03-20,3.640000,3.640000,3.610000,3.630000,0.002762,7275.000000,26406.750000,92782400.000000,425229350.000000,0.000285,4.640461,1995-06-30,1995-08-19,-25.156867,1.821047,,2.344952,0.865795
sz000019,1996-03-19,3.700000,3.700000,3.600000,3.620000,-0.008219,12865.000000,46559.100000,92526800.000000,424057920.000000,0.000503,4.627679,1995-06-30,1995-08-19,-25.087576,1.816031,,2.338493,0.863410
sz000019,1996-03-18,3.590000,3.660000,3.590000,3.650000,0.011080,19095.000000,69043.600000,93293600.000000,427572210.000000,0.000747,4.666029,1995-06-30,1995-08-19,-25.295479,1.831080,,2.357872,0.870565
sz000019,1996-03-15,3.650000,3.650000,3.570000,3.610000,-0.016349,34900.000000,126173.000000,92271200.000000,422886490.000000,0.001365,4.614896,1995-06-30,1995-08-19,-25.018277,1.811014,,2.332033,0.861025
sz000019,1996-03-14,3.650000,3.760000,3.650000,3.670000,-0.018717,83666.000000,310916.460000,93804800.000000,429915070.000000,0.003273,4.691599,1995-06-30,1995-08-19,-25.434099,1.841115,,2.370793,0.875336
sz000019,1996-03-13,3.630000,5.500000,3.630000,3.740000,0.041783,285772.000000,1191261.220000,95593990.000000,438115090.000000,0.011180,4.781087,1995-06-30,1995-08-19,-25.919229,1.876232,,2.416014,0.892032
sz000019,1996-03-12,3.560000,3.590000,3.560000,3.590000,0.002793,11180.000000,39895.800000,91760010.000000,420543630.000000,0.000437,4.589331,1995-06-30,1995-08-19,-24.879681,1.800982,,2.319114,0.856255
sz000019,1996-03-11,3.640000,3.850000,3.550000,3.580000,-0.002786,68431.000000,253477.270000,91504410.000000,419372200.000000,0.002677,4.576548,1995-06-30,1995-08-19,-24.810386,1.795966,,2.312655,0.853870
sz000019,1996-03-08,3.570000,3.650000,3.560000,3.590000,0.000000,42587.000000,152886.590000,91760010.000000,420543630.000000,0.001666,4.589334,1995-06-30,1995-08-19,-24.879701,1.800983,,2.319116,0.856256
sz000019,1996-03-07,3.560000,3.620000,3.550000,3.590000,-0.008287,31827.000000,114050.330000,91760010.000000,420543630.000000,0.001245,4.589334,1995-06-30,1995-08-19,-24.879701,1.800983,,2.319116,0.856256
sz000019,1996-03-06,3.750000,3.750000,3.600000,3.620000,-0.021622,28954.000000,105138.400000,92526800.000000,424057920.000000,0.001133,4.627684,1995-06-30,1995-08-19,-25.087602,1.816033,,2.338495,0.863411
sz000019,1996-03-05,3.730000,3.790000,3.650000,3.700000,-0.013333,75485.000000,281563.550000,94571590.000000,433429370.000000,0.002953,4.729955,1995-06-30,1995-08-19,-25.642034,1.856167,,2.390175,0.882492
sz000019,1996-03-04,3.700000,3.790000,3.620000,3.750000,0.027397,97609.000000,362260.580000,95849590.000000,439286520.000000,0.003819,4.793872,1995-06-30,1995-08-19,-25.988539,1.881249,,2.422474,0.894417
sz000019,1996-02-16,3.320000,3.650000,3.320000,3.650000,0.011080,189329.000000,686058.820000,93293600.000000,427572210.000000,0.007407,4.666036,1995-06-30,1995-08-19,-25.295518,1.831083,,2.357876,0.870566
sz000019,1996-02-15,3.600000,3.620000,3.550000,3.610000,0.000000,31095.000000,112056.550000,92271200.000000,422886490.000000,0.001217,4.614903,1995-06-30,1995-08-19,-25.018315,1.811017,,2.332037,0.861026
sz000019,1996-02-14,3.620000,3.680000,3.580000,3.610000,-0.013661,112740.000000,410750.550000,92271200.000000,422886490.000000,0.004411,4.614903,1995-06-30,1995-08-19,-25.018315,1.811017,,2.332037,0.861026
sz000019,1996-02-13,3.590000,3.660000,3.590000,3.660000,0.016667,47040.000000,171248.500000,93549200.000000,428743640.000000,0.001840,4.678821,1995-06-30,1995-08-19,-25.364823,1.836100,,2.364336,0.872952
sz000019,1996-02-12,3.650000,3.700000,3.580000,3.600000,-0.013699,23990.000000,86431.800000,92015600.000000,421715060.000000,0.000939,4.602117,1995-06-30,1995-08-19,-24.948999,1.805999,,2.325575,0.858641
sz000019,1996-02-09,3.570000,3.750000,3.570000,3.650000,0.025281,179660.000000,666583.900000,93293600.000000,427572210.000000,0.007029,4.666037,1995-06-30,1995-08-19,-25.295522,1.831083,,2.357876,0.870566
sz000019,1996-02-08,3.570000,3.580000,3.550000,3.560000,0.000000,24675.000000,87619.250000,90993210.000000,417029340.000000,0.000965,4.550984,1995-06-30,1995-08-19,-24.671794,1.785933,,2.299736,0.849100
sz000019,1996-02-07,3.550000,3.560000,3.550000,3.560000,-0.002801,8521.000000,30303.750000,90993210.000000,417029340.000000,0.000333,4.550984,1995-06-30,1995-08-19,-24.671794,1.785933,,2.299736,0.849100
sz000019,1996-02-06,3.580000,3.600000,3.530000,3.570000,-0.016529,58104.000000,206613.920000,91248810.000000,418200770.000000,0.002273,4.563767,1995-06-30,1995-08-19,-24.741094,1.790950,,2.306196,0.851485
sz000019,1996-02-05,3.730000,3.740000,3.600000,3.630000,-0.013587,36755.000000,134184.750000,92782400.000000,425229350.000000,0.001438,4.640469,1995-06-30,1995-08-19,-25.156913,1.821050,,2.344956,0.865796
sz000019,1996-02-02,3.720000,3.790000,3.620000,3.680000,-0.005405,27170.000000,100573.000000,94060400.000000,431086500.000000,0.001063,4.704388,1995-06-30,1995-08-19,-25.503428,1.846133,,2.377256,0.877722
sz000019,1996-02-01,3.780000,3.780000,3.680000,3.700000,-0.013333,42477.000000,157982.300000,94571590.000000,433429370.000000,0.001662,4.729953,1995-06-30,1995-08-19,-25.642023,1.856166,,2.390174,0.882492
sz000019,1996-01-31,3.710000,3.750000,3.680000,3.750000,0.005362,138605.000000,513551.150000,95849590.000000,439286520.000000,0.005423,4.793870,1995-06-30,1995-08-19,-25.988528,1.881249,,2.422473,0.894417
sz000019,1996-01-30,3.730000,3.810000,3.720000,3.730000,-0.005333,52100.000000,194467.400000,95338390.000000,436943660.000000,0.002038,4.768302,1995-06-30,1995-08-19,-25.849921,1.871215,,2.409553,0.889647
sz000019,1996-01-29,3.790000,3.890000,3.720000,3.750000,-0.020888,135730.000000,517300.100000,95849590.000000,439286520.000000,0.005310,4.793868,1995-06-30,1995-08-19,-25.988517,1.881248,,2.422472,0.894417
sz000019,1996-01-26,3.590000,3.830000,3.580000,3.830000,0.052198,155543.000000,579080.760000,97894380.000000,448657970.000000,0.006085,4.896138,1995-06-30,1995-08-19,-26.542946,1.921382,,2.474152,0.913498
sz000019,1996-01-25,3.630000,3.810000,3.520000,3.640000,-0.002740,56411.000000,208110.590000,93038000.000000,426400780.000000,0.002207,4.653248,1995-06-30,1995-08-19,-25.226190,1.826065,,2.351413,0.868180
sz000019,1996-01-24,3.630000,3.650000,3.610000,3.650000,-0.002732,11315.000000,41089.150000,93293600.000000,427572210.000000,0.000443,4.666033,1995-06-30,1995-08-19,-25.295499,1.831082,,2.357874,0.870566
sz000019,1996-01-23,3.620000,3.700000,3.620000,3.660000,-0.010811,30213.000000,109869.710000,93549200.000000,428743640.000000,0.001182,4.678816,1995-06-30,1995-08-19,-25.364796,1.836098,,2.364333,0.872951
sz000019,1996-01-22,3.510000,3.730000,3.510000,3.700000,-0.033943,21900.000000,81191.000000,94571590.000000,433429370.000000,0.000857,4.729951,1995-06-30,1995-08-19,-25.642012,1.856165,,2.390173,0.882491
sz000019,1996-01-19,3.750000,3.880000,3.730000,3.830000,0.010554,70648.000000,268851.710000,97894380.000000,448657970.000000,0.002764,4.896141,1995-06-30,1995-08-19,-26.542960,1.921383,,2.474154,0.913498
sz000019,1996-01-18,3.800000,3.800000,3.730000,3.790000,-0.015584,154873.000000,583495.850000,96871980.000000,443972240.000000,0.006059,4.845007,1995-06-30,1995-08-19,-26.265751,1.901316,,2.448314,0.903958
sz000019,1996-01-17,3.820000,3.850000,3.780000,3.850000,0.000000,60440.000000,229830.000000,98405580.000000,451000830.000000,0.002365,4.921706,1995-06-30,1995-08-19,-26.681556,1.931415,,2.487073,0.918268
sz000019,1996-01-16,3.810000,3.910000,3.810000,3.850000,-0.010283,46430.000000,178246.800000,98405580.000000,451000830.000000,0.001817,4.921706,1995-06-30,1995-08-19,-26.681556,1.931415,,2.487073,0.918268
sz000019,1996-01-15,3.890000,4.000000,3.850000,3.890000,-0.010178,111358.000000,435488.100000,99427970.000000,455686550.000000,0.004357,4.972842,1995-06-30,1995-08-19,-26.958773,1.951482,,2.512913,0.927809
sz000019,1996-01-12,3.800000,3.930000,3.800000,3.930000,0.028796,197160.000000,764034.800000,100450370.000000,460372270.000000,0.007714,5.023976,1995-06-30,1995-08-19,-27.235981,1.971549,,2.538752,0.937349
sz000019,1996-01-11,3.800000,3.820000,3.780000,3.820000,-0.002611,52110.000000,197460.600000,97638780.000000,447486540.000000,0.002039,4.883355,1995-06-30,1995-08-19,-26.473646,1.916365,,2.467693,0.911113
sz000019,1996-01-10,3.870000,3.870000,3.780000,3.830000,-0.030380,331130.000000,1260271.000000,97894380.000000,448657970.000000,0.012955,4.896139,1995-06-30,1995-08-19,-26.542950,1.921382,,2.474153,0.913498
sz000019,1996-01-09,3.870000,3.950000,3.800000,3.950000,0.020672,254379.000000,988557.590000,100961570.000000,462715130.000000,0.009952,5.049544,1995-06-30,1995-08-19,-27.374590,1.981582,,2.551673,0.942119
sz000019,1996-01-08,3.900000,3.980000,3.800000,3.870000,-0.020253,135110.000000,518227.600000,98916770.000000,453343690.000000,0.005286,4.947274,1995-06-30,1995-08-19,-26.820163,1.941449,,2.499993,0.923038
sz000019,1996-01-05,4.000000,4.100000,3.940000,3.950000,0.007653,2168880.000000,8774995.700000,100961570.000000,462715130.000000,0.084855,5.049542,1995-06-30,1995-08-19,-27.374581,1.981582,,2.551672,0.942119
sz000019,1996-01-04,3.850000,3.920000,3.760000,3.920000,0.018182,44560.000000,171643.700000,100194770.000000,459200840.000000,0.001743,5.011192,1995-06-30,1995-08-19,-27.166674,1.966532,,2.532292,0.934964
sz000019,1996-01-03,3.800000,3.850000,3.720000,3.850000,0.000000,68292.000000,256590.160000,98405580.000000,451000830.000000,0.002672,4.921705,1995-06-30,1995-08-19,-26.681550,1.931415,,2.487072,0.918268
sz000019,1996-01-02,3.910000,4.000000,3.720000,3.850000,-0.049383,78635.000000,305366.000000,98405580.000000,451000830.000000,0.003076,4.921705,1995-06-30,1995-08-19,-26.681550,1.931415,,2.487072,0.918268
sz000019,1995-12-29,4.050000,4.200000,4.030000,4.050000,-0.002463,159841.000000,656048.590000,103517550.000000,474429440.000000,0.006254,5.177380,1995-06-30,1995-08-19,-28.067613,2.031749,,2.616271,0.965970
sz000019,1995-12-28,4.080000,4.290000,4.000000,4.060000,-0.004902,294334.000000,1216526.880000,103773150.000000,475600870.000000,0.011515,5.190163,1995-06-30,1995-08-19,-28.136914,2.036765,,2.622731,0.968355
sz000019,1995-12-27,3.980000,4.110000,3.920000,4.080000,0.014925,291085.000000,1179874.250000,104284350.000000,477943730.000000,0.011388,5.215731,1995-06-30,1995-08-19,-28.275521,2.046799,,2.635651,0.973126
sz000019,1995-12-26,4.210000,4.210000,4.000000,4.020000,-0.047393,155174.000000,626705.750000,102750760.000000,470915150.000000,0.006071,5.139031,1995-06-30,1995-08-19,-27.859715,2.016699,,2.596893,0.958815
sz000019,1995-12-25,4.190000,4.260000,4.190000,4.220000,0.002375,970456.000000,4093080.970000,107862740.000000,494343760.000000,0.037968,5.394702,1995-06-30,1995-08-19,-29.245759,2.117032,,2.726090,1.006517
sz000019,1995-12-22,4.150000,4.210000,4.150000,4.210000,0.014458,1374357.000000,5744375.810000,107607140.000000,493172330.000000,0.053770,5.381920,1995-06-30,1995-08-19,-29.176465,2.112016,,2.719631,1.004132
sz000019,1995-12-21,4.000000,4.200000,4.000000,4.150000,0.012195,1035816.000000,4298064.780000,106073540.000000,486143750.000000,0.040525,5.305217,1995-06-30,1995-08-19,-28.760643,2.081915,,2.680871,0.989822
sz000019,1995-12-19,3.910000,4.100000,3.910000,4.100000,0.048593,1242512.000000,4989458.030000,104795550.000000,480286600.000000,0.048612,5.241299,1995-06-30,1995-08-19,-28.414133,2.056832,,2.648572,0.977896
sz000019,1995-12-18,3.930000,3.940000,3.850000,3.910000,-0.005089,322973.000000,1257082.480000,99939170.000000,458029410.000000,0.012636,4.998411,1995-06-30,1995-08-19,-27.097390,1.961516,,2.525834,0.932579
sz000019,1995-12-15,3.900000,3.940000,3.850000,3.930000,0.002551,242165.000000,941611.300000,100450370.000000,460372270.000000,0.009474,5.023979,1995-06-30,1995-08-19,-27.235994,1.971550,,2.538754,0.937349
sz000019,1995-12-14,3.900000,3.920000,3.860000,3.920000,0.010309,248408.000000,967077.570000,100194770.000000,459200840.000000,0.009719,5.011195,1995-06-30,1995-08-19,-27.166691,1.966533,,2.532294,0.934964
sz000019,1995-12-13,3.900000,3.900000,3.820000,3.880000,0.002584,188720.000000,729033.540000,99172370.000000,454515120.000000,0.007383,4.960062,1995-06-30,1995-08-19,-26.889488,1.946467,,2.506455,0.925424
sz000019,1995-12-12,3.810000,3.880000,3.800000,3.870000,0.005195,116605.000000,445569.900000,98916770.000000,453343690.000000,0.004562,4.947278,1995-06-30,1995-08-19,-26.820184,1.941450,,2.499995,0.923039
sz000019,1995-12-11,3.870000,3.870000,3.800000,3.850000,-0.005168,93163.000000,355497.760000,98405580.000000,451000830.000000,0.003645,4.921710,1995-06-30,1995-08-19,-26.681573,1.931416,,2.487074,0.918269
sz000019,1995-12-08,3.860000,3.870000,3.780000,3.870000,0.000000,130105.000000,498079.100000,98916770.000000,453343690.000000,0.005090,4.947277,1995-06-30,1995-08-19,-26.820180,1.941450,,2.499994,0.923039
sz000019,1995-12-07,3.800000,3.930000,3.760000,3.870000,-0.007692,97500.000000,374341.900000,98916770.000000,453343690.000000,0.003815,4.947277,1995-06-30,1995-08-19,-26.820180,1.941450,,2.499994,0.923039
sz000019,1995-12-06,3.940000,3.980000,3.870000,3.900000,-0.010152,70970.000000,277123.520000,99683570.000000,456857980.000000,0.002777,4.985627,1995-06-30,1995-08-19,-27.028080,1.956499,,2.519373,0.930194
sz000019,1995-12-05,3.920000,3.980000,3.850000,3.940000,0.007673,139049.000000,545187.380000,100705970.000000,461543700.000000,0.005440,5.036760,1995-06-30,1995-08-19,-27.305283,1.976565,,2.545212,0.939734
sz000019,1995-12-04,3.890000,3.930000,3.820000,3.910000,-0.002551,307798.000000,1199019.820000,99939170.000000,458029410.000000,0.012042,4.998407,1995-06-30,1995-08-19,-27.097365,1.961515,,2.525832,0.932578
sz000019,1995-12-01,3.850000,3.920000,3.770000,3.920000,0.028871,330685.000000,1276198.910000,100194770.000000,459200840.000000,0.012938,5.011191,1995-06-30,1995-08-19,-27.166667,1.966531,,2.532291,0.934964
sz000019,1995-11-30,3.750000,3.840000,3.720000,3.810000,0.007937,264995.000000,1001205.900000,97383180.000000,446315100.000000,0.010368,4.870572,1995-06-30,1995-08-19,-26.404348,1.911349,,2.461233,0.908728
sz000019,1995-11-29,3.700000,3.790000,3.680000,3.780000,0.016129,131022.000000,488624.990000,96616380.000000,442800810.000000,0.005126,4.832219,1995-06-30,1995-08-19,-26.196427,1.896298,,2.441852,0.901572
sz000019,1995-11-28,3.700000,3.790000,3.660000,3.720000,0.000000,96204.000000,354910.640000,95082790.000000,435772230.000000,0.003764,4.755517,1995-06-30,1995-08-19,-25.780611,1.866198,,2.403093,0.887261
sz000019,1995-11-27,3.750000,3.810000,3.700000,3.720000,-0.013263,69977.000000,261148.150000,95082790.000000,435772230.000000,0.002738,4.755517,1995-06-30,1995-08-19,-25.780611,1.866198,,2.403093,0.887261
sz000019,1995-11-24,3.770000,3.870000,3.730000,3.770000,-0.007895,113200.000000,425766.000000,96360790.000000,441629380.000000,0.004429,4.819437,1995-06-30,1995-08-19,-26.127135,1.891282,,2.435393,0.899187
sz000019,1995-11-23,3.850000,3.900000,3.800000,3.800000,-0.037975,72700.000000,277759.000000,97127580.000000,445143670.000000,0.002844,4.857790,1995-06-30,1995-08-19,-26.335050,1.906332,,2.454774,0.906343
sz000019,1995-11-22,4.110000,4.120000,3.800000,3.950000,-0.034230,249300.000000,987563.000000,100961570.000000,462715130.000000,0.009754,5.049546,1995-06-30,1995-08-19,-27.374601,1.981583,,2.551674,0.942120
sz000019,1995-11-21,4.010000,4.150000,4.000000,4.090000,0.017413,1064900.000000,4326634.000000,104539950.000000,479115160.000000,0.041663,5.228518,1995-06-30,1995-08-19,-28.344845,2.051817,,2.642113,0.975511
sz000019,1995-11-20,3.950000,4.020000,3.900000,4.020000,0.012594,712400.000000,2827478.000000,102750760.000000,470915150.000000,0.027872,5.139032,1995-06-30,1995-08-19,-27.859724,2.016700,,2.596893,0.958816
sz000019,1995-11-17,3.970000,3.980000,3.900000,3.970000,0.005063,1043600.000000,4108846.000000,101472760.000000,465058000.000000,0.040830,5.075116,1995-06-30,1995-08-19,-27.513222,1.991618,,2.564595,0.946891
sz000019,1995-11-16,3.830000,3.950000,3.830000,3.950000,0.028646,1341700.000000,5219519.000000,100961570.000000,462715130.000000,0.052492,5.049550,1995-06-30,1995-08-19,-27.374624,1.981585,,2.551676,0.942121
sz000019,1995-11-15,3.720000,3.840000,3.700000,3.840000,0.024000,934800.000000,3527879.000000,98149980.000000,449829400.000000,0.036573,4.908929,1995-06-30,1995-08-19,-26.612289,1.926401,,2.480616,0.915884
sz000019,1995-11-14,3.700000,3.760000,3.680000,3.750000,0.033058,460100.000000,1711857.000000,95849590.000000,439286520.000000,0.018001,4.793876,1995-06-30,1995-08-19,-25.988563,1.881251,,2.422477,0.894418
sz000019,1995-11-13,3.680000,3.680000,3.620000,3.630000,-0.021563,52400.000000,190919.000000,92782400.000000,425229350.000000,0.002050,4.640472,1995-06-30,1995-08-19,-25.156926,1.821051,,2.344957,0.865797
sz000019,1995-11-10,3.760000,3.860000,3.710000,3.710000,-0.010667,57200.000000,216841.000000,94827190.000000,434600800.000000,0.002238,4.742739,1995-06-30,1995-08-19,-25.711339,1.861183,,2.396636,0.884877
sz000019,1995-11-09,3.700000,3.780000,3.660000,3.750000,0.013514,57300.000000,212187.000000,95849590.000000,439286520.000000,0.002242,4.793876,1995-06-30,1995-08-19,-25.988559,1.881251,,2.422476,0.894418
sz000019,1995-11-08,3.760000,3.760000,3.700000,3.700000,-0.033943,114400.000000,425862.000000,94571590.000000,433429370.000000,0.004476,4.729955,1995-06-30,1995-08-19,-25.642033,1.856167,,2.390175,0.882492
sz000019,1995-11-07,3.800000,3.860000,3.800000,3.830000,-0.007772,77400.000000,295571.000000,97894380.000000,448657970.000000,0.003028,4.896145,1995-06-30,1995-08-19,-26.542981,1.921384,,2.474156,0.913499
sz000019,1995-11-06,3.850000,3.890000,3.780000,3.860000,-0.007712,76100.000000,292147.000000,98661180.000000,452172260.000000,0.002977,4.934496,1995-06-30,1995-08-19,-26.750889,1.936434,,2.493535,0.920654
sz000019,1995-11-03,3.870000,3.890000,3.760000,3.890000,0.023684,105000.000000,401223.000000,99427970.000000,455686550.000000,0.004108,4.972846,1995-06-30,1995-08-19,-26.958795,1.951484,,2.512915,0.927809
sz000019,1995-11-02,3.750000,3.850000,3.750000,3.800000,0.013333,134000.000000,508908.000000,97127580.000000,445143670.000000,0.005243,4.857794,1995-06-30,1995-08-19,-26.335075,1.906334,,2.454776,0.906344
sz000019,1995-11-01,3.860000,3.860000,3.710000,3.750000,-0.013158,40500.000000,151920.000000,95849590.000000,439286520.000000,0.001585,4.793877,1995-06-30,1995-08-19,-25.988570,1.881252,,2.422477,0.894418
sz000019,1995-10-31,3.890000,3.890000,3.780000,3.800000,0.005291,167900.000000,638421.000000,97127580.000000,445143670.000000,0.006569,4.857796,1995-06-30,1995-08-19,-26.335087,1.906335,,2.454777,0.906344
sz000019,1995-10-30,3.850000,3.850000,3.780000,3.780000,-0.028278,53500.000000,203877.000000,96616380.000000,442800810.000000,0.002093,4.832229,1995-06-30,1995-08-19,-26.196481,1.896302,,2.441857,0.901574
sz000019,1995-10-27,3.900000,4.380000,3.880000,3.890000,-0.017677,340600.000000,1375957.000000,99427970.000000,455686550.000000,0.013326,4.972851,1995-06-30,1995-08-19,-26.958823,1.951486,,2.512918,0.927810
sz000019,1995-10-26,4.050000,4.050000,3.900000,3.960000,-0.017370,339500.000000,1336337.000000,101217160.000000,463886570.000000,0.013283,5.062338,1995-06-30,1995-08-19,-27.443950,1.986603,,2.558138,0.944506
sz000019,1995-10-25,4.000000,4.150000,3.910000,4.030000,0.022843,655200.000000,2635872.000000,103006360.000000,472086580.000000,0.025634,5.151825,1995-06-30,1995-08-19,-27.929078,2.021720,,2.603358,0.961203
sz000019,1995-10-24,3.970000,4.100000,3.890000,3.940000,0.010256,202700.000000,802463.000000,100705970.000000,461543700.000000,0.007930,5.036771,1995-06-30,1995-08-19,-27.305342,1.976570,,2.545218,0.939736
sz000019,1995-10-23,3.980000,4.150000,3.850000,3.900000,-0.017632,165900.000000,656575.000000,99683570.000000,456857980.000000,0.006491,4.985638,1995-06-30,1995-08-19,-27.028141,1.956504,,2.519379,0.930196
sz000019,1995-10-20,3.750000,4.000000,3.730000,3.970000,0.047493,287800.000000,1124076.000000,101472760.000000,465058000.000000,0.011260,5.075122,1995-06-30,1995-08-19,-27.513255,1.991620,,2.564598,0.946892
sz000019,1995-10-19,3.920000,3.920000,3.790000,3.790000,-0.015584,63700.000000,243876.000000,96871980.000000,443972240.000000,0.002492,4.845018,1995-06-30,1995-08-19,-26.265813,1.901321,,2.448320,0.903960
sz000019,1995-10-18,3.900000,3.950000,3.800000,3.850000,-0.012821,256400.000000,981268.000000,98405580.000000,451000830.000000,0.010031,4.921718,1995-06-30,1995-08-19,-26.681619,1.931420,,2.487078,0.918270
sz000019,1995-10-17,3.780000,3.920000,3.780000,3.900000,0.026316,102200.000000,392889.000000,99683570.000000,456857980.000000,0.003998,4.985639,1995-06-30,1995-08-19,-27.028147,1.956504,,2.519379,0.930196
sz000019,1995-10-16,3.850000,3.900000,3.800000,3.800000,-0.025641,47400.000000,181673.000000,97127580.000000,445143670.000000,0.001854,4.857801,1995-06-30,1995-08-19,-26.335112,1.906337,,2.454779,0.906345
sz000019,1995-10-13,3.710000,3.900000,3.710000,3.900000,0.051213,117900.000000,450845.000000,99683570.000000,456857980.000000,0.004613,4.985638,1995-06-30,1995-08-19,-27.028141,1.956504,,2.519379,0.930196
sz000019,1995-10-12,3.680000,3.850000,3.650000,3.710000,0.002703,88200.000000,330905.000000,94827190.000000,434600800.000000,0.003451,4.742747,1995-06-30,1995-08-19,-25.711383,1.861187,,2.396640,0.884879
sz000019,1995-10-11,3.800000,3.820000,3.680000,3.700000,-0.031414,78400.000000,293156.000000,94571590.000000,433429370.000000,0.003067,4.729962,1995-06-30,1995-08-19,-25.642073,1.856169,,2.390179,0.882493
sz000019,1995-10-10,3.970000,4.050000,3.800000,3.820000,-0.020513,48400.000000,189066.000000,97638780.000000,447486540.000000,0.001894,4.883368,1995-06-30,1995-08-19,-26.473718,1.916370,,2.467699,0.911115
sz000019,1995-10-09,3.980000,3.980000,3.860000,3.900000,-0.025000,26000.000000,102490.000000,99683570.000000,456857980.000000,0.001017,4.985639,1995-06-30,1995-08-19,-27.028147,1.956504,,2.519379,0.930196
sz000019,1995-10-06,4.090000,4.090000,3.980000,4.000000,-0.022005,107200.000000,429132.000000,102239560.000000,468572290.000000,0.004194,5.113476,1995-06-30,1995-08-19,-27.721176,2.006671,,2.583979,0.954047
sz000019,1995-10-05,4.100000,4.100000,4.030000,4.090000,0.000000,53500.000000,216755.000000,104539950.000000,479115160.000000,0.002093,5.228530,1995-06-30,1995-08-19,-28.344906,2.051821,,2.642119,0.975514
sz000019,1995-10-04,4.010000,4.150000,4.010000,4.090000,0.002451,92500.000000,377505.000000,104539950.000000,479115160.000000,0.003619,5.228530,1995-06-30,1995-08-19,-28.344906,2.051821,,2.642119,0.975514
sz000019,1995-09-29,4.020000,4.180000,4.020000,4.080000,-0.007299,153900.000000,628058.000000,104284350.000000,477943730.000000,0.006021,5.215746,1995-06-30,1995-08-19,-28.275602,2.046804,,2.635659,0.973128
sz000019,1995-09-28,4.100000,4.300000,4.020000,4.110000,-0.002427,321000.000000,1341952.000000,105051150.000000,481458030.000000,0.012559,5.254095,1995-06-30,1995-08-19,-28.483503,2.061854,,2.655038,0.980284
sz000019,1995-09-27,4.050000,4.150000,4.010000,4.120000,-0.011990,79100.000000,321104.000000,105306750.000000,482629460.000000,0.003095,5.266878,1995-06-30,1995-08-19,-28.552801,2.066870,,2.661497,0.982668
sz000019,1995-09-26,4.090000,4.200000,4.090000,4.170000,0.017073,277100.000000,1153652.000000,106584740.000000,488486610.000000,0.010841,5.330794,1995-06-30,1995-08-19,-28.899304,2.091953,,2.693796,0.994594
sz000019,1995-09-25,4.090000,4.140000,4.010000,4.100000,0.002445,101600.000000,412377.000000,104795550.000000,480286600.000000,0.003975,5.241309,1995-06-30,1995-08-19,-28.414188,2.056836,,2.648577,0.977898
sz000019,1995-09-22,4.080000,4.150000,3.970000,4.090000,0.002451,288500.000000,1168178.000000,104539950.000000,479115160.000000,0.011287,5.228526,1995-06-30,1995-08-19,-28.344885,2.051820,,2.642117,0.975513
sz000019,1995-09-21,4.000000,4.150000,4.000000,4.080000,-0.021583,238800.000000,976608.000000,104284350.000000,477943730.000000,0.009343,5.215742,1995-06-30,1995-08-19,-28.275581,2.046803,,2.635657,0.973128
sz000019,1995-09-20,3.980000,4.170000,3.900000,4.170000,0.034739,334900.000000,1355163.000000,106584740.000000,488486610.000000,0.013103,5.330797,1995-06-30,1995-08-19,-28.899315,2.091954,,2.693797,0.994594
sz000019,1995-09-19,4.000000,4.380000,3.920000,4.030000,0.007500,1827200.000000,7622207.000000,103006360.000000,472086580.000000,0.071487,5.151827,1995-06-30,1995-08-19,-27.929087,2.021721,,2.603359,0.961203
sz000019,1995-09-18,3.900000,4.200000,3.850000,4.000000,0.028278,739400.000000,2962568.000000,102239560.000000,468572290.000000,0.028928,5.113476,1995-06-30,1995-08-19,-27.721178,2.006671,,2.583979,0.954047
sz000019,1995-09-15,3.800000,3.900000,3.800000,3.890000,0.002577,389700.000000,1497598.000000,99427970.000000,455686550.000000,0.015247,4.972854,1995-06-30,1995-08-19,-26.958836,1.951487,,2.512919,0.927811
sz000019,1995-09-14,3.730000,3.880000,3.730000,3.880000,0.026455,400400.000000,1524509.000000,99172370.000000,454515120.000000,0.015665,4.960072,1995-06-30,1995-08-19,-26.889542,1.946471,,2.506460,0.925426
sz000019,1995-09-13,3.750000,3.780000,3.720000,3.780000,0.016129,160600.000000,599241.000000,96616380.000000,442800810.000000,0.006283,4.832235,1995-06-30,1995-08-19,-26.196513,1.896304,,2.441860,0.901575
sz000019,1995-09-12,3.900000,3.980000,3.710000,3.720000,-0.008000,193700.000000,742647.000000,95082790.000000,435772230.000000,0.007578,4.755533,1995-06-30,1995-08-19,-25.780696,1.866204,,2.403101,0.887264
sz000019,1995-09-11,3.700000,3.750000,3.700000,3.750000,-0.010554,22900.000000,85148.000000,95849590.000000,439286520.000000,0.000896,4.793884,1995-06-30,1995-08-19,-25.988605,1.881254,,2.422480,0.894420
sz000019,1995-09-08,3.680000,3.850000,3.680000,3.790000,0.024324,207500.000000,784238.000000,96871980.000000,443972240.000000,0.008118,4.845018,1995-06-30,1995-08-19,-26.265814,1.901321,,2.448320,0.903960
sz000019,1995-09-07,3.750000,3.750000,3.630000,3.700000,0.000000,129800.000000,477732.000000,94571590.000000,433429370.000000,0.005078,4.729967,1995-06-30,1995-08-19,-25.642096,1.856171,,2.390181,0.882494
sz000019,1995-09-06,3.520000,3.700000,3.520000,3.700000,0.027778,170700.000000,618887.000000,94571590.000000,433429370.000000,0.006678,4.729967,1995-06-30,1995-08-19,-25.642096,1.856171,,2.390181,0.882494
sz000019,1995-09-05,3.600000,3.610000,3.510000,3.600000,-0.005525,173200.000000,613835.000000,92015600.000000,421715060.000000,0.006776,4.602129,1995-06-30,1995-08-19,-24.949061,1.806004,,2.325581,0.858643
sz000019,1995-09-04,3.690000,3.690000,3.450000,3.620000,0.000000,102000.000000,363153.000000,92526800.000000,424057920.000000,0.003991,4.627697,1995-06-30,1995-08-19,-25.087670,1.816038,,2.338501,0.863413
sz000019,1995-08-31,3.600000,3.650000,3.590000,3.620000,0.005556,87000.000000,314058.000000,92526800.000000,424057920.000000,0.003404,4.627697,1995-06-30,1995-08-19,-25.087670,1.816038,,2.338501,0.863413
sz000019,1995-08-30,3.800000,3.800000,3.580000,3.600000,-0.052632,185200.000000,671394.000000,92015600.000000,421715060.000000,0.007246,4.602127,1995-06-30,1995-08-19,-24.949053,1.806003,,2.325581,0.858642
sz000019,1995-08-29,3.890000,3.890000,3.670000,3.800000,-0.012987,349700.000000,1316037.000000,97127580.000000,445143670.000000,0.013682,4.857803,1995-06-30,1995-08-19,-26.335124,1.906338,,2.454781,0.906345
sz000019,1995-08-28,3.960000,3.960000,3.800000,3.850000,-0.032663,260700.000000,1001040.000000,98405580.000000,451000830.000000,0.010200,4.921722,1995-06-30,1995-08-19,-26.681638,1.931421,,2.487080,0.918271
sz000019,1995-08-25,3.980000,4.000000,3.800000,3.980000,0.010152,498700.000000,1961553.000000,101728360.000000,466229430.000000,0.019511,5.087908,1995-06-30,1995-08-19,-27.582567,1.996637,,2.571059,0.949277
sz000019,1995-08-24,4.200000,4.200000,3.850000,3.940000,-0.072941,889600.000000,3519611.000000,100705970.000000,461543700.000000,0.034805,5.036775,1995-06-30,1995-08-19,-27.305363,1.976571,,2.545220,0.939737
sz000019,1995-08-23,3.840000,4.400000,3.800000,4.250000,0.106771,1348000.000000,5490882.000000,108629530.000000,497858060.000000,0.052739,5.433068,1995-06-30,1995-08-19,-29.453749,2.132088,,2.745478,1.013675
sz000019,1995-08-22,3.800000,3.940000,3.800000,3.840000,0.010526,455700.000000,1750012.000000,98149980.000000,449829400.000000,0.017829,4.908936,1995-06-30,1995-08-19,-26.612325,1.926404,,2.480619,0.915885
sz000019,1995-08-21,3.820000,3.980000,3.750000,3.800000,-0.050000,715200.000000,2761581.000000,97127580.000000,445143670.000000,0.027981,4.857803,1995-06-30,1995-08-19,-26.335121,1.906338,,2.454780,0.906345
sz000019,1995-08-18,3.780000,4.250000,3.710000,4.000000,0.063830,1542300.000000,6145342.000000,102239560.000000,468572290.000000,0.060341,5.113477,1994-12-31,1995-05-12,-76.490502,2.006668,,2.633313,0.954048
sz000019,1995-08-17,3.700000,3.900000,3.650000,3.760000,0.008043,866700.000000,3233613.000000,96105190.000000,440457950.000000,0.033909,4.806667,1994-12-31,1995-05-12,-71.901057,1.886268,,2.475314,0.896805
sz000019,1995-08-16,3.650000,3.800000,3.650000,3.730000,0.019126,189100.000000,705106.000000,95338390.000000,436943660.000000,0.007398,4.768315,1994-12-31,1995-05-12,-71.327371,1.871218,,2.455563,0.889649
sz000019,1995-08-15,3.700000,3.700000,3.630000,3.660000,-0.036842,293200.000000,1078870.000000,93549200.000000,428743640.000000,0.011471,4.678828,1994-12-31,1995-05-12,-69.988766,1.836100,,2.409480,0.872953
sz000019,1995-08-14,3.670000,3.800000,3.560000,3.800000,0.035422,455400.000000,1691723.000000,97127580.000000,445143670.000000,0.017817,4.857799,1994-12-31,1995-05-12,-72.665924,1.906334,,2.501645,0.906345
sz000019,1995-08-11,3.620000,3.680000,3.620000,3.670000,-0.002717,388000.000000,1417088.000000,93804800.000000,429915070.000000,0.015180,4.691613,1994-12-31,1995-05-12,-70.180008,1.841117,,2.416064,0.875338
sz000019,1995-08-10,3.500000,3.720000,3.500000,3.680000,-0.005405,262500.000000,958799.000000,94060400.000000,431086500.000000,0.010270,4.704395,1994-12-31,1995-05-12,-70.371206,1.846133,,2.422646,0.877723
sz000019,1995-08-09,3.620000,3.720000,3.620000,3.700000,-0.013333,196900.000000,719784.000000,94571590.000000,433429370.000000,0.007703,4.729960,1994-12-31,1995-05-12,-70.753630,1.856166,,2.435811,0.882493
sz000019,1995-08-08,3.710000,3.900000,3.670000,3.750000,0.005362,721300.000000,2748360.000000,95849590.000000,439286520.000000,0.028220,4.793877,1994-12-31,1995-05-12,-71.709736,1.881249,,2.468727,0.894418
sz000019,1995-08-07,3.690000,3.730000,3.630000,3.730000,0.024725,480400.000000,1762941.000000,95338390.000000,436943660.000000,0.018795,4.768309,1994-12-31,1995-05-12,-71.327279,1.871215,,2.455560,0.889648
sz000019,1995-08-03,3.660000,3.700000,3.610000,3.640000,0.002755,219500.000000,796567.000000,93038000.000000,426400780.000000,0.008588,4.653257,1994-12-31,1995-05-12,-69.606264,1.826066,,2.396311,0.868182
sz000019,1995-08-02,3.560000,3.800000,3.560000,3.630000,0.011142,877900.000000,3222093.000000,92782400.000000,425229350.000000,0.034347,4.640473,1994-12-31,1995-05-12,-69.415025,1.821049,,2.389728,0.865797
sz000019,1995-08-01,3.580000,3.600000,3.500000,3.590000,0.000000,322800.000000,1148810.000000,91760010.000000,420543630.000000,0.012629,4.589339,1994-12-31,1995-05-12,-68.650126,1.800982,,2.363395,0.856256
sz000019,1995-07-31,3.460000,3.600000,3.440000,3.590000,0.040580,590000.000000,2092697.000000,91760010.000000,420543630.000000,0.023083,4.589339,1994-12-31,1995-05-12,-68.650126,1.800982,,2.363395,0.856256
sz000019,1995-07-28,3.410000,3.450000,3.390000,3.450000,0.002907,349600.000000,1195111.000000,88181620.000000,404143600.000000,0.013678,4.410366,1994-12-31,1995-05-12,-65.972944,1.730748,,2.271228,0.822865
sz000019,1995-07-27,3.380000,3.450000,3.350000,3.440000,0.023810,199500.000000,677081.000000,87926020.000000,402972170.000000,0.007805,4.397582,1994-12-31,1995-05-12,-65.781716,1.725732,,2.264645,0.820479
sz000019,1995-07-26,3.350000,3.390000,3.350000,3.360000,-0.005917,197300.000000,663401.000000,85881230.000000,393600720.000000,0.007719,4.295311,1994-12-31,1995-05-12,-64.251879,1.685598,,2.211978,0.801398
sz000019,1995-07-25,3.370000,3.390000,3.330000,3.380000,-0.005882,277200.000000,930649.000000,86392430.000000,395943580.000000,0.010845,4.320877,1994-12-31,1995-05-12,-64.634320,1.695631,,2.225144,0.806168
sz000019,1995-07-24,3.390000,3.450000,3.300000,3.400000,0.002950,615900.000000,2076443.000000,86903630.000000,398286440.000000,0.024096,4.346443,1994-12-31,1995-05-12,-65.016749,1.705663,,2.238310,0.810938
sz000019,1995-07-21,3.600000,3.600000,3.370000,3.390000,-0.076294,838900.000000,2875599.000000,86648030.000000,397115010.000000,0.032821,4.333659,1994-12-31,1995-05-12,-64.825513,1.700647,,2.231726,0.808553
sz000019,1995-07-20,3.210000,4.050000,3.210000,3.670000,0.150470,2522400.000000,9198114.000000,93804800.000000,429915070.000000,0.098686,4.691600,1994-12-31,1995-05-12,-70.179812,1.841112,,2.416057,0.875336
sz000019,1995-07-19,3.180000,3.250000,3.150000,3.190000,0.006309,319900.000000,1026296.000000,81536050.000000,373686400.000000,0.012516,4.077985,1994-12-31,1995-05-12,-61.000993,1.600313,,2.100061,0.760851
sz000019,1995-07-18,3.210000,3.240000,3.150000,3.170000,-0.012461,170200.000000,540622.000000,81024850.000000,371343540.000000,0.006659,4.052419,1994-12-31,1995-05-12,-60.618550,1.590280,,2.086894,0.756081
sz000019,1995-07-17,3.170000,3.250000,3.100000,3.210000,0.012618,264200.000000,851737.000000,82047250.000000,376029260.000000,0.010337,4.103553,1994-12-31,1995-05-12,-61.383449,1.610347,,2.113227,0.765621
sz000019,1995-07-14,3.180000,3.200000,3.160000,3.170000,-0.003145,86500.000000,274426.000000,81024850.000000,371343540.000000,0.003384,4.052420,1994-12-31,1995-05-12,-60.618564,1.590280,,2.086895,0.756081
sz000019,1995-07-13,3.180000,3.190000,3.130000,3.180000,0.000000,130400.000000,411753.000000,81280450.000000,372514970.000000,0.005102,4.065205,1994-12-31,1995-05-12,-60.809811,1.595298,,2.093479,0.758466
sz000019,1995-07-12,3.120000,3.200000,3.120000,3.180000,0.000000,58200.000000,183390.000000,81280450.000000,372514970.000000,0.002277,4.065205,1994-12-31,1995-05-12,-60.809811,1.595298,,2.093479,0.758466
sz000019,1995-07-11,3.220000,3.240000,3.150000,3.180000,-0.012422,131700.000000,417782.000000,81280450.000000,372514970.000000,0.005153,4.065205,1994-12-31,1995-05-12,-60.809811,1.595298,,2.093479,0.758466
sz000019,1995-07-10,3.250000,3.260000,3.170000,3.220000,0.000000,233100.000000,749312.000000,82302850.000000,377200690.000000,0.009120,4.116338,1994-12-31,1995-05-12,-61.574692,1.615364,,2.119811,0.768006
sz000019,1995-07-07,3.150000,3.220000,3.120000,3.220000,0.018987,257700.000000,820043.000000,82302850.000000,377200690.000000,0.010082,4.116338,1994-12-31,1995-05-12,-61.574692,1.615364,,2.119811,0.768006
sz000019,1995-07-06,3.200000,3.250000,3.120000,3.160000,-0.012500,119000.000000,379523.000000,80769250.000000,370172110.000000,0.004656,4.039637,1994-12-31,1995-05-12,-60.427358,1.585264,,2.080312,0.753696
sz000019,1995-07-05,3.200000,3.200000,3.120000,3.200000,0.006289,122900.000000,386554.000000,81791650.000000,374857830.000000,0.004808,4.090772,1994-12-31,1995-05-12,-61.192261,1.605331,,2.106645,0.763236
sz000019,1995-07-04,3.100000,3.180000,3.100000,3.180000,0.012739,123500.000000,388583.000000,81280450.000000,372514970.000000,0.004832,4.065206,1994-12-31,1995-05-12,-60.809828,1.595298,,2.093480,0.758466
sz000019,1995-07-03,3.110000,3.150000,3.110000,3.140000,-0.015674,104900.000000,327672.000000,80258050.000000,367829250.000000,0.004104,4.014071,1994-12-31,1995-05-12,-60.044916,1.575231,,2.067146,0.748926
sz000019,1995-06-30,3.180000,3.220000,3.150000,3.190000,-0.018462,159000.000000,505109.000000,81536050.000000,373686400.000000,0.006221,4.077989,1994-12-31,1995-05-12,-61.001046,1.600315,,2.100063,0.760851
sz000019,1995-06-29,3.210000,3.250000,3.180000,3.250000,0.000000,263700.000000,848260.000000,83069640.000000,380714980.000000,0.010317,4.154693,1994-12-31,1995-05-12,-62.148431,1.630415,,2.139563,0.775162
sz000019,1995-06-28,3.150000,3.270000,3.150000,3.250000,0.028481,612300.000000,1978126.000000,83069640.000000,380714980.000000,0.023956,4.154693,1994-12-31,1995-05-12,-62.148431,1.630415,,2.139563,0.775162
sz000019,1995-06-27,3.150000,3.250000,3.130000,3.160000,0.003175,339600.000000,1080145.000000,80769250.000000,370172110.000000,0.013286,4.039640,1994-12-31,1995-05-12,-60.427398,1.585265,,2.080314,0.753696
sz000019,1995-06-26,3.100000,3.150000,3.100000,3.150000,0.016129,150500.000000,471288.000000,80513650.000000,369000680.000000,0.005888,4.026855,1994-12-31,1995-05-12,-60.236148,1.580248,,2.073730,0.751311
sz000019,1995-06-23,3.050000,3.140000,3.040000,3.100000,0.019737,210500.000000,652752.000000,79235660.000000,363143520.000000,0.008236,3.962936,1994-12-31,1995-05-12,-59.280021,1.555165,,2.040813,0.739385
sz000019,1995-06-22,3.030000,3.080000,3.030000,3.040000,-0.006536,55400.000000,168554.000000,77702070.000000,356114940.000000,0.002167,3.886234,1994-12-31,1995-05-12,-58.132656,1.525065,,2.001313,0.725075
sz000019,1995-06-21,3.050000,3.090000,3.030000,3.060000,0.009901,73100.000000,223329.000000,78213260.000000,358457800.000000,0.002860,3.911801,1994-12-31,1995-05-12,-58.515111,1.535098,,2.014480,0.729845
sz000019,1995-06-20,3.110000,3.110000,3.000000,3.030000,-0.009804,101100.000000,309204.000000,77446470.000000,354943510.000000,0.003955,3.873450,1994-12-31,1995-05-12,-57.941433,1.520048,,1.994730,0.722690
sz000019,1995-06-19,3.000000,3.070000,3.000000,3.060000,0.009901,128000.000000,387809.000000,78213260.000000,358457800.000000,0.005008,3.911802,1994-12-31,1995-05-12,-58.515115,1.535098,,2.014480,0.729845
sz000019,1995-06-16,2.960000,3.090000,2.910000,3.030000,0.006645,180500.000000,541950.000000,77446470.000000,354943510.000000,0.007062,3.873451,1994-12-31,1995-05-12,-57.941437,1.520048,,1.994730,0.722690
sz000019,1995-06-15,3.140000,3.180000,2.950000,3.010000,-0.041401,343400.000000,1036618.000000,76935270.000000,352600650.000000,0.013435,3.847881,1994-12-31,1995-05-12,-57.558958,1.510014,,1.981563,0.717919
sz000019,1995-06-14,3.160000,3.190000,3.100000,3.140000,-0.003175,49700.000000,156548.000000,80258050.000000,367829250.000000,0.001944,4.014068,1994-12-31,1995-05-12,-60.044876,1.575230,,2.067145,0.748925
sz000019,1995-06-13,3.110000,3.170000,3.110000,3.150000,0.000000,68700.000000,216308.000000,80513650.000000,369000680.000000,0.002688,4.026853,1994-12-31,1995-05-12,-60.236125,1.580248,,2.073729,0.751311
sz000019,1995-06-12,3.080000,3.170000,3.080000,3.150000,-0.003165,118600.000000,371680.000000,80513650.000000,369000680.000000,0.004640,4.026853,1994-12-31,1995-05-12,-60.236125,1.580248,,2.073729,0.751311
sz000019,1995-06-09,3.050000,3.200000,3.050000,3.160000,-0.003155,112400.000000,354729.000000,80769250.000000,370172110.000000,0.004398,4.039639,1994-12-31,1995-05-12,-60.427378,1.585265,,2.080313,0.753696
sz000019,1995-06-08,3.230000,3.240000,3.150000,3.170000,-0.018576,261200.000000,832190.000000,81024850.000000,371343540.000000,0.010219,4.052424,1994-12-31,1995-05-12,-60.618630,1.590282,,2.086897,0.756082
sz000019,1995-06-07,3.140000,3.230000,3.110000,3.230000,0.028662,156400.000000,494354.000000,82558440.000000,378372120.000000,0.006119,4.129127,1994-12-31,1995-05-12,-61.765995,1.620382,,2.126397,0.770392
sz000019,1995-06-06,3.100000,3.150000,3.050000,3.140000,0.006410,259800.000000,802619.000000,80258050.000000,367829250.000000,0.010164,4.014075,1994-12-31,1995-05-12,-60.044986,1.575233,,2.067149,0.748927
sz000019,1995-06-05,3.220000,3.260000,3.060000,3.120000,-0.040000,477700.000000,1492589.000000,79746860.000000,365486380.000000,0.018689,3.988509,1994-12-31,1995-05-12,-59.662549,1.565200,,2.053983,0.744157
sz000019,1995-06-02,3.250000,3.350000,3.140000,3.250000,-0.024024,748900.000000,2433105.000000,83069640.000000,380714980.000000,0.029300,4.154697,1994-12-31,1995-05-12,-62.148488,1.630417,,2.139565,0.775163
sz000019,1995-06-01,3.100000,3.330000,3.020000,3.330000,0.060510,410500.000000,1321289.000000,85114430.000000,390086430.000000,0.016060,4.256966,1994-12-31,1995-05-12,-63.678296,1.670550,,2.192231,0.794244
sz000019,1995-05-31,3.200000,3.200000,3.100000,3.140000,-0.027864,161700.000000,509299.000000,80258050.000000,367829250.000000,0.006326,4.014074,1994-12-31,1995-05-12,-60.044974,1.575233,,2.067148,0.748926
sz000019,1995-05-30,3.120000,3.250000,3.100000,3.230000,0.009375,233400.000000,746736.000000,82558440.000000,378372120.000000,0.009131,4.129128,1994-12-31,1995-05-12,-61.766023,1.620383,,2.126398,0.770393
sz000019,1995-05-29,3.250000,3.250000,2.820000,3.200000,0.032258,554400.000000,1742801.000000,81791650.000000,374857830.000000,0.021690,4.090777,1994-12-31,1995-05-12,-61.192344,1.605333,,2.106648,0.763237
sz000019,1995-05-26,3.030000,3.380000,2.990000,3.100000,0.026490,481200.000000,1500366.000000,79235660.000000,363143520.000000,0.018826,3.962941,1994-12-31,1995-05-12,-59.280087,1.555167,,2.040816,0.739386
sz000019,1995-05-25,3.260000,3.300000,3.020000,3.020000,-0.073620,370100.000000,1170279.000000,77190870.000000,353772080.000000,0.014480,3.860672,1994-12-31,1995-05-12,-57.750282,1.515033,,1.988150,0.720305
sz000019,1995-05-24,3.030000,3.480000,3.020000,3.260000,0.012422,718800.000000,2282683.000000,83325240.000000,381886410.000000,0.028122,4.167482,1994-12-31,1995-05-12,-62.339734,1.635434,,2.146149,0.777548
sz000019,1995-05-23,3.700000,3.780000,3.050000,3.220000,-0.199005,1252100.000000,4361361.000000,82302850.000000,377200690.000000,0.048987,4.116348,1994-12-31,1995-05-12,-61.574851,1.615368,,2.119817,0.768008
sz000019,1995-05-22,3.840000,4.250000,3.840000,4.020000,0.092391,2741000.000000,11069718.000000,102750760.000000,470915150.000000,0.107238,5.139044,1994-12-31,1995-05-12,-76.872953,2.016702,,2.646479,0.958818
sz000019,1995-05-19,3.340000,3.700000,3.250000,3.680000,0.101796,2035600.000000,7201548.000000,94060400.000000,431086500.000000,0.079640,4.704400,1994-12-31,1995-05-12,-70.371280,1.846135,,2.422648,0.877724
sz000019,1995-05-18,3.100000,3.800000,3.050000,3.340000,0.237037,2233600.000000,7585643.000000,85370030.000000,391257860.000000,0.087387,4.269756,1994-12-31,1995-05-12,-63.869609,1.675569,,2.198818,0.796630
sz000019,1995-05-17,2.610000,2.700000,2.610000,2.700000,0.003717,68200.000000,181752.000000,69011700.000000,316286290.000000,0.002668,3.451599,1994-12-31,1995-05-12,-51.631123,1.354502,,1.777487,0.643983
sz000019,1995-05-16,2.700000,2.700000,2.650000,2.690000,0.000000,76800.000000,205923.000000,68756100.000000,315114860.000000,0.003005,3.438817,1994-12-31,1995-05-12,-51.439920,1.349486,,1.770905,0.641598
sz000019,1995-05-15,2.800000,2.800000,2.650000,2.690000,-0.039286,438200.000000,1176187.000000,68756100.000000,315114860.000000,0.017144,3.438817,1994-12-31,1995-05-12,-51.439920,1.349486,,1.770905,0.641598
sz000019,1995-05-12,3.000000,3.000000,2.800000,2.800000,-0.066667,576900.000000,1640882.000000,71567690.000000,328000600.000000,0.022571,3.579439,1994-12-31,1995-05-12,-53.543428,1.404670,,1.843322,0.667834
sz000019,1995-05-11,3.000000,3.040000,2.920000,3.000000,-0.013158,110300.000000,330257.000000,76679670.000000,351429220.000000,0.004315,3.835114,1994-06-30,1994-08-27,16.209097,1.131353,,1.807271,0.715537
sz000019,1995-05-10,3.100000,3.100000,3.000000,3.040000,-0.031847,72200.000000,219637.000000,77702070.000000,356114940.000000,0.002825,3.886250,1994-06-30,1994-08-27,16.425220,1.146438,,1.831369,0.725078
sz000019,1995-05-09,3.100000,3.150000,3.030000,3.140000,0.012903,61100.000000,189675.000000,80258050.000000,367829250.000000,0.002390,4.014086,1994-06-30,1994-08-27,16.965521,1.184150,,1.891611,0.748929
sz000019,1995-05-08,3.300000,3.300000,3.070000,3.100000,0.013072,41300.000000,129894.000000,79235660.000000,363143520.000000,0.001616,3.962952,1994-06-30,1994-08-27,16.749403,1.169065,,1.867514,0.739388
sz000019,1995-05-05,3.040000,3.100000,3.030000,3.060000,0.000000,38900.000000,118883.000000,78213260.000000,358457800.000000,0.001522,3.911817,1994-06-30,1994-08-27,16.533280,1.153980,,1.843417,0.729848
sz000019,1995-05-04,3.100000,3.100000,3.000000,3.060000,-0.003257,59900.000000,181217.000000,78213260.000000,358457800.000000,0.002344,3.911817,1994-06-30,1994-08-27,16.533280,1.153980,,1.843417,0.729848
sz000019,1995-05-03,3.040000,3.130000,3.040000,3.070000,0.006557,141900.000000,432252.000000,78468860.000000,359629230.000000,0.005552,3.924599,1994-06-30,1994-08-27,16.587305,1.157751,,1.849441,0.732233
sz000019,1995-05-02,3.020000,3.100000,3.020000,3.050000,-0.022436,58400.000000,178318.000000,77957660.000000,357286370.000000,0.002285,3.899033,1994-06-30,1994-08-27,16.479251,1.150209,,1.837393,0.727463
sz000019,1995-04-28,3.090000,3.130000,3.000000,3.120000,0.040000,166300.000000,513582.000000,79746860.000000,365486380.000000,0.006506,3.988520,1994-06-30,1994-08-27,16.857465,1.176608,,1.879563,0.744159
sz000019,1995-04-27,3.140000,3.180000,2.800000,3.000000,-0.044586,236900.000000,702558.000000,76679670.000000,351429220.000000,0.009268,3.835115,1994-06-30,1994-08-27,16.209101,1.131354,,1.807272,0.715537
sz000019,1995-04-26,3.320000,3.330000,3.110000,3.140000,-0.054217,76300.000000,248507.000000,80258050.000000,367829250.000000,0.002985,4.014087,1994-06-30,1994-08-27,16.965526,1.184150,,1.891611,0.748929
sz000019,1995-04-25,3.260000,3.360000,3.260000,3.320000,-0.011905,46900.000000,155157.000000,84858830.000000,388915000.000000,0.001835,4.244195,1994-06-30,1994-08-27,17.938074,1.252031,,2.000048,0.791861
sz000019,1995-04-24,3.410000,3.410000,3.360000,3.360000,-0.028902,61400.000000,207910.000000,85881230.000000,393600720.000000,0.002402,4.295331,1994-06-30,1994-08-27,18.154200,1.267116,,2.024145,0.801402
sz000019,1995-04-21,3.520000,3.540000,3.450000,3.460000,-0.017045,71900.000000,251580.000000,88437220.000000,405315030.000000,0.002813,4.423169,1994-06-30,1994-08-27,18.694509,1.304829,,2.084388,0.825253
sz000019,1995-04-20,3.550000,3.550000,3.500000,3.520000,0.000000,36100.000000,127031.000000,89970810.000000,412343610.000000,0.001412,4.499869,1994-06-30,1994-08-27,19.018682,1.327455,,2.120533,0.839564
sz000019,1995-04-19,3.520000,3.520000,3.500000,3.520000,0.005714,31300.000000,109715.000000,89970810.000000,412343610.000000,0.001225,4.499869,1994-06-30,1994-08-27,19.018682,1.327455,,2.120533,0.839564
sz000019,1995-04-18,3.530000,3.550000,3.490000,3.500000,-0.002849,31300.000000,110118.000000,89459620.000000,410000750.000000,0.001225,4.474303,1994-06-30,1994-08-27,18.910627,1.319913,,2.108485,0.834794
sz000019,1995-04-17,3.580000,3.580000,3.470000,3.510000,-0.011268,38300.000000,134882.000000,89715210.000000,411172180.000000,0.001498,4.487087,1994-06-30,1994-08-27,18.964657,1.323684,,2.114509,0.837179
sz000019,1995-04-14,3.500000,3.560000,3.500000,3.550000,0.005666,54700.000000,192889.000000,90737610.000000,415857910.000000,0.002140,4.538224,1994-06-30,1994-08-27,19.180786,1.338770,,2.138607,0.846720
sz000019,1995-04-13,3.570000,3.580000,3.510000,3.530000,-0.008427,65700.000000,232795.000000,90226410.000000,413515040.000000,0.002570,4.512655,1994-06-30,1994-08-27,19.072720,1.331227,,2.126558,0.841949
sz000019,1995-04-12,3.510000,3.580000,3.510000,3.560000,-0.002801,86600.000000,307177.000000,90993210.000000,417029340.000000,0.003388,4.551006,1994-06-30,1994-08-27,19.234812,1.342540,,2.144631,0.849105
sz000019,1995-04-11,3.600000,3.660000,3.560000,3.570000,-0.032520,161800.000000,581664.000000,91248810.000000,418200770.000000,0.006330,4.563789,1994-06-30,1994-08-27,19.288840,1.346311,,2.150655,0.851490
sz000019,1995-04-10,3.900000,3.900000,3.660000,3.690000,0.022161,488400.000000,1815140.000000,94315990.000000,432257940.000000,0.019108,4.717193,1994-06-30,1994-08-27,19.937198,1.391565,,2.222945,0.880111
sz000019,1995-04-07,3.550000,3.650000,3.510000,3.610000,0.019774,232100.000000,834195.000000,92271200.000000,422886490.000000,0.009081,4.614921,1994-06-30,1994-08-27,19.504948,1.361395,,2.174750,0.861030
sz000019,1995-04-06,3.520000,3.550000,3.500000,3.540000,0.002833,74700.000000,263025.000000,90482010.000000,414686470.000000,0.002923,4.525435,1994-06-30,1994-08-27,19.126736,1.334997,,2.132580,0.844334
sz000019,1995-04-05,3.580000,3.580000,3.530000,3.530000,-0.011204,50100.000000,177778.000000,90226410.000000,413515040.000000,0.001960,4.512651,1994-06-30,1994-08-27,19.072703,1.331226,,2.126556,0.841948
sz000019,1995-04-04,3.520000,3.570000,3.500000,3.570000,0.000000,48300.000000,170800.000000,91248810.000000,418200770.000000,0.001890,4.563784,1994-06-30,1994-08-27,19.288815,1.346310,,2.150652,0.851489
sz000019,1995-04-03,3.600000,3.600000,3.560000,3.570000,0.000000,155000.000000,553983.000000,91248810.000000,418200770.000000,0.006064,4.563784,1994-06-30,1994-08-27,19.288815,1.346310,,2.150652,0.851489
sz000019,1995-03-31,3.590000,3.590000,3.490000,3.570000,0.020000,102200.000000,362618.000000,91248810.000000,418200770.000000,0.003998,4.563784,1994-06-30,1994-08-27,19.288815,1.346310,,2.150652,0.851489
sz000019,1995-03-30,3.570000,3.600000,3.500000,3.500000,-0.014085,131500.000000,468647.000000,89459620.000000,410000750.000000,0.005145,4.474298,1994-06-30,1994-08-27,18.910603,1.319911,,2.108482,0.834793
sz000019,1995-03-29,3.500000,3.550000,3.480000,3.550000,0.011396,110200.000000,388113.000000,90737610.000000,415857910.000000,0.004311,4.538218,1994-06-30,1994-08-27,19.180764,1.338768,,2.138604,0.846719
sz000019,1995-03-28,3.500000,3.540000,3.500000,3.510000,0.002857,84600.000000,297385.000000,89715210.000000,411172180.000000,0.003310,4.487084,1994-06-30,1994-08-27,18.964643,1.323683,,2.114508,0.837178
sz000019,1995-03-27,3.510000,3.550000,3.450000,3.500000,0.002865,276300.000000,967681.000000,89459620.000000,410000750.000000,0.010810,4.474301,1994-06-30,1994-08-27,18.910615,1.319912,,2.108484,0.834793
sz000019,1995-03-24,3.550000,3.550000,3.450000,3.490000,-0.002857,88900.000000,309131.000000,89204020.000000,408829320.000000,0.003478,4.461518,1994-06-30,1994-08-27,18.856591,1.316142,,2.102460,0.832408
sz000019,1995-03-23,3.570000,3.600000,3.500000,3.500000,-0.011299,135000.000000,478420.000000,89459620.000000,410000750.000000,0.005282,4.474301,1994-06-30,1994-08-27,18.910619,1.319913,,2.108484,0.834793
sz000019,1995-03-22,3.500000,3.550000,3.450000,3.540000,0.023121,101100.000000,354198.000000,90482010.000000,414686470.000000,0.003955,4.525434,1994-06-30,1994-08-27,19.126732,1.334997,,2.132580,0.844333
sz000019,1995-03-21,3.550000,3.550000,3.400000,3.460000,0.014663,106100.000000,367396.000000,88437220.000000,405315030.000000,0.004151,4.423166,1994-06-30,1994-08-27,18.694496,1.304828,,2.084387,0.825253
sz000019,1995-03-20,3.490000,4.200000,3.400000,3.410000,-0.017291,320300.000000,1159248.000000,87159220.000000,399457880.000000,0.012531,4.359247,1994-06-30,1994-08-27,18.424340,1.285972,,2.054265,0.813327
sz000019,1995-03-17,3.420000,3.480000,3.410000,3.470000,0.014620,86800.000000,299472.000000,88692820.000000,406486460.000000,0.003396,4.435949,1994-06-30,1994-08-27,18.748521,1.308599,,2.090410,0.827638
sz000019,1995-03-16,3.310000,3.430000,3.300000,3.420000,0.005882,108400.000000,366026.000000,87414820.000000,400629310.000000,0.004241,4.372030,1994-06-30,1994-08-27,18.478367,1.289743,,2.060289,0.815712
sz000019,1995-03-15,3.500000,3.500000,3.380000,3.400000,-0.028571,183600.000000,626328.000000,86903630.000000,398286440.000000,0.007183,4.346464,1994-06-30,1994-08-27,18.370313,1.282201,,2.048241,0.810942
sz000019,1995-03-14,3.540000,3.600000,3.500000,3.500000,-0.022346,94000.000000,334180.000000,89459620.000000,410000750.000000,0.003678,4.474299,1994-06-30,1994-08-27,18.910608,1.319912,,2.108483,0.834793
sz000019,1995-03-13,3.700000,3.710000,3.080000,3.580000,0.005618,182800.000000,605145.000000,91504410.000000,419372200.000000,0.007152,4.576567,1994-06-30,1994-08-27,19.342843,1.350081,,2.156676,0.853874
sz000019,1995-03-10,3.550000,3.700000,3.550000,3.560000,-0.037838,129700.000000,465624.000000,90993210.000000,417029340.000000,0.005074,4.550999,1994-06-30,1994-08-27,19.234782,1.342538,,2.144627,0.849103
sz000019,1995-03-09,3.770000,3.830000,3.700000,3.700000,-0.038961,183400.000000,692421.000000,94571590.000000,433429370.000000,0.007175,4.729972,1994-06-30,1994-08-27,19.991210,1.395335,,2.228967,0.882495
sz000019,1995-03-08,3.750000,3.900000,3.700000,3.850000,0.018519,489100.000000,1865451.000000,98405580.000000,451000830.000000,0.019135,4.921727,1994-06-30,1994-08-27,20.801663,1.451903,,2.319330,0.918272
sz000019,1995-03-07,3.640000,3.800000,3.550000,3.780000,0.038462,415400.000000,1528271.000000,96616380.000000,442800810.000000,0.016252,4.832239,1994-06-30,1994-08-27,20.423442,1.425504,,2.277160,0.901576
sz000019,1995-03-06,3.580000,3.640000,3.520000,3.640000,0.045977,241700.000000,859363.000000,93038000.000000,426400780.000000,0.009456,4.653265,1994-06-30,1994-08-27,19.667009,1.372707,,2.192819,0.868184
sz000019,1995-03-03,3.420000,3.580000,3.420000,3.480000,0.005780,91700.000000,321150.000000,88948420.000000,407657890.000000,0.003588,4.448726,1994-06-30,1994-08-27,18.802525,1.312368,,2.096432,0.830022
sz000019,1995-03-02,3.510000,3.510000,3.440000,3.460000,0.002899,45900.000000,158753.000000,88437220.000000,405315030.000000,0.001796,4.423160,1994-06-30,1994-08-27,18.694471,1.304826,,2.084384,0.825252
sz000019,1995-03-01,3.450000,3.480000,3.420000,3.450000,0.000000,43800.000000,151187.000000,88181620.000000,404143600.000000,0.001714,4.410375,1994-06-30,1994-08-27,18.640433,1.301054,,2.078359,0.822866
sz000019,1995-02-28,3.400000,3.500000,3.380000,3.450000,-0.008621,37900.000000,129768.000000,88181620.000000,404143600.000000,0.001483,4.410375,1994-06-30,1994-08-27,18.640433,1.301054,,2.078359,0.822866
sz000019,1995-02-27,3.600000,3.750000,3.460000,3.480000,0.014577,139100.000000,501289.000000,88948420.000000,407657890.000000,0.005442,4.448727,1994-06-30,1994-08-27,18.802529,1.312368,,2.096432,0.830022
sz000019,1995-02-24,3.600000,3.680000,3.400000,3.430000,-0.033803,114000.000000,402849.000000,87670420.000000,401800740.000000,0.004460,4.384810,1994-06-30,1994-08-27,18.532383,1.293513,,2.066312,0.818096
sz000019,1995-02-23,3.770000,3.780000,3.480000,3.550000,-0.058355,259300.000000,937793.000000,90737610.000000,415857910.000000,0.010145,4.538215,1994-06-30,1994-08-27,19.180750,1.338767,,2.138603,0.846718
sz000019,1995-02-22,3.350000,3.810000,3.250000,3.770000,0.142424,228900.000000,813616.000000,96360790.000000,441629380.000000,0.008955,4.819454,1994-06-30,1994-08-27,20.369406,1.421732,,2.271135,0.899190
sz000019,1995-02-21,3.300000,3.300000,3.280000,3.300000,0.015385,8400.000000,27618.000000,84347640.000000,386572140.000000,0.000329,4.218621,1994-06-30,1994-08-27,17.829988,1.244487,,1.987996,0.787090
sz000019,1995-02-20,3.320000,3.320000,3.250000,3.250000,-0.006116,24900.000000,81428.000000,83069640.000000,380714980.000000,0.000974,4.154701,1994-06-30,1994-08-27,17.559830,1.225631,,1.957875,0.775164
sz000019,1995-02-17,3.240000,3.280000,3.230000,3.270000,-0.003049,28000.000000,91064.000000,83580840.000000,383057850.000000,0.001095,4.180268,1994-06-30,1994-08-27,17.667887,1.233173,,1.969923,0.779934
sz000019,1995-02-16,3.250000,3.280000,3.250000,3.280000,-0.012048,19100.000000,62256.000000,83836440.000000,384229280.000000,0.000747,4.193052,1994-06-30,1994-08-27,17.721921,1.236945,,1.975947,0.782319
sz000019,1995-02-15,3.350000,3.400000,3.300000,3.320000,-0.008955,12400.000000,41555.000000,84858830.000000,388915000.000000,0.000485,4.244186,1994-06-30,1994-08-27,17.938039,1.252029,,2.000044,0.791860
sz000019,1995-02-14,3.050000,3.420000,3.050000,3.350000,-0.017595,20600.000000,67472.000000,85625630.000000,392429290.000000,0.000806,4.282536,1994-06-30,1994-08-27,18.100125,1.263342,,2.018116,0.799015
sz000019,1995-02-13,3.320000,3.430000,3.280000,3.410000,-0.011594,35700.000000,120751.000000,87159220.000000,399457880.000000,0.001397,4.359237,1994-06-30,1994-08-27,18.424301,1.285969,,2.054261,0.813325
sz000019,1995-01-27,3.440000,3.460000,3.400000,3.450000,0.020710,50600.000000,174144.000000,88181620.000000,404143600.000000,0.001980,4.410371,1994-06-30,1994-08-27,18.640418,1.301053,,2.078357,0.822866
sz000019,1995-01-26,3.360000,3.410000,3.360000,3.380000,-0.020290,30300.000000,102982.000000,86392430.000000,395943580.000000,0.001185,4.320886,1994-06-30,1994-08-27,18.262207,1.274655,,2.036188,0.806170
sz000019,1995-01-25,3.400000,3.490000,3.400000,3.450000,0.014706,48900.000000,167362.000000,88181620.000000,404143600.000000,0.001913,4.410372,1994-06-30,1994-08-27,18.640422,1.301053,,2.078358,0.822866
sz000019,1995-01-24,3.300000,3.670000,3.300000,3.400000,0.014925,30300.000000,102510.000000,86903630.000000,398286440.000000,0.001185,4.346453,1994-06-30,1994-08-27,18.370268,1.282197,,2.048236,0.810940
sz000019,1995-01-23,3.320000,3.400000,3.310000,3.350000,-0.028986,23700.000000,79304.000000,85625630.000000,392429290.000000,0.000927,4.282536,1994-06-30,1994-08-27,18.100124,1.263342,,2.018116,0.799015
sz000019,1995-01-20,3.500000,3.600000,3.380000,3.450000,-0.017094,84400.000000,290688.000000,88181620.000000,404143600.000000,0.003302,4.410375,1994-06-30,1994-08-27,18.640436,1.301054,,2.078359,0.822866
sz000019,1995-01-19,3.680000,3.680000,3.500000,3.510000,-0.040984,62800.000000,225687.000000,89715210.000000,411172180.000000,0.002457,4.487077,1994-06-30,1994-08-27,18.964617,1.323681,,2.114505,0.837177
sz000019,1995-01-18,3.640000,3.690000,3.600000,3.660000,0.005495,34200.000000,125152.000000,93549200.000000,428743640.000000,0.001338,4.678835,1994-06-30,1994-08-27,19.775079,1.380250,,2.204869,0.872954
sz000019,1995-01-17,3.700000,3.750000,3.640000,3.640000,-0.010870,52100.000000,191816.000000,93038000.000000,426400780.000000,0.002038,4.653265,1994-06-30,1994-08-27,19.667009,1.372707,,2.192819,0.868184
sz000019,1995-01-16,3.700000,3.800000,3.580000,3.680000,-0.013405,166200.000000,615429.000000,94060400.000000,431086500.000000,0.006502,4.704402,1994-06-30,1994-08-27,19.883138,1.387792,,2.216917,0.877724
sz000019,1995-01-13,3.900000,3.900000,3.700000,3.730000,-0.036176,62500.000000,235710.000000,95338390.000000,436943660.000000,0.002445,4.768321,1994-06-30,1994-08-27,20.153293,1.406648,,2.247039,0.889650
sz000019,1995-01-12,3.990000,3.990000,3.850000,3.870000,-0.015267,48300.000000,186738.000000,98916770.000000,453343690.000000,0.001890,4.947295,1994-06-30,1994-08-27,20.909723,1.459445,,2.331379,0.923042
sz000019,1995-01-11,3.900000,3.950000,3.880000,3.930000,0.007692,85000.000000,331686.000000,100450370.000000,460372270.000000,0.003326,5.023996,1994-06-30,1994-08-27,21.233901,1.482072,,2.367524,0.937353
sz000019,1995-01-10,4.020000,4.020000,3.890000,3.900000,-0.037037,140000.000000,548445.000000,99683570.000000,456857980.000000,0.005477,4.985646,1994-06-30,1994-08-27,21.071817,1.470759,,2.349452,0.930198
sz000019,1995-01-09,4.080000,4.190000,4.020000,4.050000,-0.038005,166800.000000,678792.000000,103517550.000000,474429440.000000,0.006526,5.177402,1994-06-30,1994-08-27,21.882270,1.527326,,2.439815,0.965974
sz000019,1995-01-06,4.020000,4.250000,4.020000,4.210000,-0.025463,102200.000000,428549.000000,107607140.000000,493172330.000000,0.003998,5.381943,1994-06-30,1994-08-27,22.746761,1.587665,,2.536204,1.004137
sz000019,1995-01-05,4.400000,4.420000,4.250000,4.320000,-0.029213,388000.000000,1681165.000000,110418720.000000,506058070.000000,0.015180,5.522564,1994-06-30,1994-08-27,23.341095,1.629148,,2.602470,1.030373
sz000019,1995-01-04,4.430000,4.490000,4.100000,4.450000,-0.138845,834500.000000,3604530.000000,113741510.000000,521286670.000000,0.032649,5.688749,1994-06-30,1994-08-27,24.043478,1.678173,,2.680784,1.061379
sz000019,1995-01-03,4.520000,6.000000,4.520000,6.000000,0.237113,534200.000000,2663307.000000,127751340.000000,589465370.000000,0.025089,6.605952,1994-06-30,1994-08-27,27.920035,1.948747,,3.113010,1.232506
sz000019,1994-12-30,4.920000,4.920000,4.750000,4.850000,-0.014228,478900.000000,2315389.000000,103265670.000000,476484510.000000,0.022492,5.339813,1994-06-30,1994-08-27,22.568702,1.575237,,2.516351,0.996276
sz000019,1994-12-29,5.000000,5.120000,4.880000,4.920000,0.008197,795700.000000,3950355.000000,104756100.000000,483361600.000000,0.037371,5.416885,1994-06-30,1994-08-27,22.894444,1.597973,,2.552670,1.010656
sz000019,1994-12-28,4.800000,4.950000,4.720000,4.880000,0.016667,202200.000000,982382.000000,103904420.000000,479431830.000000,0.009497,5.372844,1994-06-30,1994-08-27,22.708304,1.584981,,2.531916,1.002439
sz000019,1994-12-27,4.910000,4.910000,4.700000,4.800000,-0.022403,193000.000000,924588.000000,102201070.000000,471572290.000000,0.009064,5.284762,1994-06-30,1994-08-27,22.336030,1.558997,,2.490408,0.986005
sz000019,1994-12-26,4.940000,4.940000,4.700000,4.910000,-0.006073,203900.000000,982996.000000,104543180.000000,482379160.000000,0.009576,5.405870,1994-06-30,1994-08-27,22.847891,1.594724,,2.547479,1.008601
sz000019,1994-12-23,4.800000,5.200000,4.650000,4.940000,0.029167,810800.000000,3999139.000000,105181940.000000,485326490.000000,0.038080,5.438901,1994-06-30,1994-08-27,22.987494,1.604468,,2.563045,1.014764
sz000019,1994-12-22,4.890000,4.980000,4.650000,4.800000,-0.018405,849700.000000,4118390.000000,102201070.000000,471572290.000000,0.039907,5.284760,1994-06-30,1994-08-27,22.336019,1.558997,,2.490407,0.986005
sz000019,1994-12-21,4.540000,5.100000,4.400000,4.890000,0.077093,2392800.000000,11656896.000000,104117340.000000,480414270.000000,0.112381,5.383850,1994-06-30,1994-08-27,22.754822,1.588228,,2.537102,1.004492
sz000019,1994-12-20,4.300000,4.640000,4.200000,4.540000,0.048499,732600.000000,3283304.000000,96665180.000000,446028800.000000,0.034407,4.998500,1994-06-30,1994-08-27,21.126144,1.474551,,2.355509,0.932596
sz000019,1994-12-19,4.500000,4.700000,4.050000,4.330000,-0.037778,594900.000000,2619606.000000,92193880.000000,425397510.000000,0.027940,4.767291,1994-06-30,1994-08-27,20.148941,1.406344,,2.246554,0.889458
sz000019,1994-12-16,4.400000,4.850000,4.250000,4.500000,0.027397,1481000.000000,6849961.000000,95813510.000000,442099030.000000,0.069557,4.954461,1994-06-30,1994-08-27,20.940012,1.461559,,2.334756,0.924379
sz000019,1994-12-15,3.860000,4.500000,3.860000,4.380000,0.152632,683900.000000,2910714.000000,93258480.000000,430309720.000000,0.032120,4.822343,1994-06-30,1994-08-27,20.381617,1.422584,,2.272496,0.899729
sz000019,1994-12-14,3.850000,3.850000,3.780000,3.800000,-0.012987,45400.000000,172718.000000,80909180.000000,373328070.000000,0.002132,4.183767,1994-06-30,1994-08-27,17.682675,1.234205,,1.971571,0.780587
sz000019,1994-12-13,3.740000,3.940000,3.700000,3.850000,0.018519,96500.000000,368834.000000,81973780.000000,378240280.000000,0.004532,4.238816,1994-06-30,1994-08-27,17.915342,1.250445,,1.997513,0.790858
sz000019,1994-12-12,4.000000,4.000000,3.780000,3.780000,-0.030769,56000.000000,214424.000000,80483340.000000,371363180.000000,0.002630,4.161745,1994-06-30,1994-08-27,17.589600,1.227709,,1.961194,0.776478
sz000019,1994-12-09,3.900000,3.960000,3.860000,3.900000,-0.025000,41000.000000,159823.000000,83038370.000000,383152490.000000,0.001926,4.293863,1994-06-30,1994-08-27,18.147996,1.266683,,2.023453,0.801128
sz000019,1994-12-08,4.110000,4.110000,4.000000,4.000000,-0.004975,40800.000000,163742.000000,85167560.000000,392976910.000000,0.001916,4.403962,1994-06-30,1994-08-27,18.613329,1.299162,,2.075337,0.821670
sz000019,1994-12-07,4.000000,4.140000,4.000000,4.020000,0.000000,26300.000000,106382.000000,85593400.000000,394941800.000000,0.001235,4.425981,1994-06-30,1994-08-27,18.706393,1.305658,,2.085713,0.825778
sz000019,1994-12-06,4.080000,4.080000,4.020000,4.020000,-0.021898,47400.000000,191787.000000,85593400.000000,394941800.000000,0.002226,4.425981,1994-06-30,1994-08-27,18.706393,1.305658,,2.085713,0.825778
sz000019,1994-12-05,4.390000,4.390000,4.100000,4.110000,-0.023753,66300.000000,277390.000000,87509670.000000,403783780.000000,0.003114,4.525071,1994-06-30,1994-08-27,19.125197,1.334890,,2.132409,0.844266
sz000019,1994-12-02,4.100000,4.210000,4.100000,4.210000,0.016908,36000.000000,149055.000000,89638860.000000,413608200.000000,0.001691,4.635170,1994-06-30,1994-08-27,19.590531,1.367369,,2.184292,0.864807
sz000019,1994-12-01,4.130000,4.180000,4.100000,4.140000,-0.004808,21800.000000,90347.000000,88148420.000000,406731100.000000,0.001024,4.558102,1994-06-30,1994-08-27,19.264801,1.344634,,2.147974,0.850428
sz000019,1994-11-30,4.250000,4.250000,4.140000,4.160000,-0.014218,35800.000000,149534.000000,88574260.000000,408695990.000000,0.001681,4.580123,1994-06-30,1994-08-27,19.357874,1.351130,,2.158352,0.854537
sz000019,1994-11-29,4.110000,4.220000,4.100000,4.220000,0.016867,54500.000000,224910.000000,89851780.000000,414590640.000000,0.002560,4.646182,1994-06-30,1994-08-27,19.637074,1.370617,,2.189482,0.866862
sz000019,1994-11-28,4.200000,4.200000,4.120000,4.150000,-0.011905,24800.000000,102777.000000,88361340.000000,407713550.000000,0.001165,4.569115,1994-06-30,1994-08-27,19.311349,1.347883,,2.153164,0.852483
sz000019,1994-11-25,4.100000,4.300000,4.100000,4.200000,0.000000,68100.000000,286889.000000,89425940.000000,412625760.000000,0.003198,4.624166,1994-06-30,1994-08-27,19.544021,1.364122,,2.179107,0.862754
sz000019,1994-11-24,4.180000,4.240000,4.100000,4.200000,0.002387,91000.000000,379115.000000,89425940.000000,412625760.000000,0.004274,4.624166,1994-06-30,1994-08-27,19.544021,1.364122,,2.179107,0.862754
sz000019,1994-11-23,4.230000,4.240000,4.150000,4.190000,-0.009456,41300.000000,173210.000000,89213020.000000,411643320.000000,0.001940,4.613154,1994-06-30,1994-08-27,19.497480,1.360874,,2.173917,0.860700
sz000019,1994-11-22,4.450000,4.450000,4.200000,4.230000,-0.002358,55200.000000,236908.000000,90064690.000000,415573080.000000,0.002593,4.657193,1994-06-30,1994-08-27,19.683609,1.373865,,2.194670,0.868916
sz000019,1994-11-21,4.290000,4.290000,4.200000,4.240000,-0.009346,28800.000000,122135.000000,90277610.000000,416555530.000000,0.001353,4.668200,1994-06-30,1994-08-27,19.730132,1.377112,,2.199858,0.870970
sz000019,1994-11-18,4.250000,4.350000,4.240000,4.280000,0.000000,57400.000000,244679.000000,91129290.000000,420485300.000000,0.002696,4.712241,1994-06-30,1994-08-27,19.916270,1.390104,,2.220611,0.879187
sz000019,1994-11-17,4.380000,4.390000,4.270000,4.280000,-0.016092,65200.000000,280831.000000,91129290.000000,420485300.000000,0.003062,4.712241,1994-06-30,1994-08-27,19.916270,1.390104,,2.220611,0.879187
sz000019,1994-11-16,4.250000,4.410000,4.250000,4.350000,0.006944,72900.000000,314394.000000,92619720.000000,427362390.000000,0.003424,4.789311,1994-06-30,1994-08-27,20.242004,1.412840,,2.256930,0.893566
sz000019,1994-11-15,4.430000,4.430000,4.300000,4.320000,-0.024831,150800.000000,653515.000000,91980960.000000,424415060.000000,0.007083,4.756283,1994-06-30,1994-08-27,20.102413,1.403097,,2.241366,0.887404
sz000019,1994-11-14,4.450000,4.590000,4.350000,4.430000,0.011416,293100.000000,1298562.000000,94323070.000000,435221930.000000,0.013766,4.877393,1994-06-30,1994-08-27,20.614286,1.438824,,2.298438,0.910000
sz000019,1994-11-11,4.250000,4.380000,4.250000,4.380000,0.030588,113700.000000,490538.000000,93258480.000000,430309720.000000,0.005340,4.822342,1994-06-30,1994-08-27,20.381610,1.422584,,2.272496,0.899729
sz000019,1994-11-10,4.400000,4.440000,4.250000,4.250000,-0.027460,205500.000000,890976.000000,90490530.000000,417537970.000000,0.009652,4.679214,1994-06-30,1994-08-27,19.776681,1.380361,,2.205048,0.873025
sz000019,1994-11-09,4.350000,4.380000,4.260000,4.370000,-0.002283,199700.000000,865583.000000,93045560.000000,429327280.000000,0.009379,4.811333,1994-06-30,1994-08-27,20.335082,1.419336,,2.267308,0.897675
sz000019,1994-11-08,4.300000,4.450000,4.250000,4.380000,0.028169,324000.000000,1412599.000000,93258480.000000,430309720.000000,0.015217,4.822342,1994-06-30,1994-08-27,20.381613,1.422584,,2.272496,0.899729
sz000019,1994-11-07,4.250000,4.300000,4.150000,4.260000,0.002353,143700.000000,607492.000000,90703450.000000,418520410.000000,0.006749,4.690224,1994-06-30,1994-08-27,19.823213,1.383609,,2.210236,0.875079
sz000019,1994-11-04,4.450000,4.500000,4.200000,4.250000,-0.044944,210800.000000,913214.000000,90490530.000000,417537970.000000,0.009900,4.679213,1994-06-30,1994-08-27,19.776679,1.380361,,2.205047,0.873025
sz000019,1994-11-03,4.200000,4.500000,4.200000,4.450000,0.039720,238300.000000,1052435.000000,94748910.000000,437186810.000000,0.011192,4.899413,1994-06-30,1994-08-27,20.707350,1.445320,,2.308815,0.914109
sz000019,1994-11-02,4.320000,4.500000,4.000000,4.280000,-0.016092,68100.000000,291588.000000,91129290.000000,420485300.000000,0.003198,4.712242,1994-06-30,1994-08-27,19.916275,1.390105,,2.220612,0.879187
sz000019,1994-11-01,4.380000,4.400000,4.270000,4.350000,0.011628,154100.000000,667547.000000,92619720.000000,427362390.000000,0.007237,4.789312,1994-06-30,1994-08-27,20.242010,1.412840,,2.256931,0.893566
sz000019,1994-10-31,4.500000,4.650000,4.200000,4.300000,-0.069264,445200.000000,1939931.000000,91555130.000000,422450180.000000,0.020909,4.734262,1994-06-30,1994-08-27,20.009341,1.396601,,2.230989,0.883296
sz000019,1994-10-28,4.730000,4.750000,4.600000,4.620000,-0.023256,177900.000000,827331.000000,98368530.000000,453888330.000000,0.008355,5.086579,1994-06-30,1994-08-27,21.498407,1.500534,,2.397015,0.949029
sz000019,1994-10-27,4.700000,4.800000,4.610000,4.730000,0.017204,333000.000000,1570819.000000,100710640.000000,464695200.000000,0.015640,5.207689,1994-06-30,1994-08-27,22.010278,1.536261,,2.454088,0.971625
sz000019,1994-10-26,4.700000,4.880000,4.600000,4.650000,-0.014831,537000.000000,2532964.000000,99007290.000000,456835660.000000,0.025221,5.119611,1994-06-30,1994-08-27,21.638017,1.510278,,2.412582,0.955192
sz000019,1994-10-25,3.590000,5.100000,3.000000,4.720000,0.028322,2650600.000000,12886691.000000,100497720.000000,463712760.000000,0.124489,5.196683,1994-06-30,1994-08-27,21.963762,1.533014,,2.448901,0.969572
sz000019,1994-10-24,4.230000,4.600000,4.200000,4.590000,0.062500,421200.000000,1871896.000000,97729780.000000,450941010.000000,0.019782,5.053556,1994-06-30,1994-08-27,21.358837,1.490792,,2.381454,0.942868
sz000019,1994-10-21,4.540000,4.700000,4.200000,4.320000,-0.040000,843000.000000,3818208.000000,91980960.000000,424415060.000000,0.039593,4.756288,1994-06-30,1994-08-27,20.102435,1.403098,,2.241368,0.887405
sz000019,1994-10-20,4.300000,4.600000,4.210000,4.500000,0.073986,515800.000000,2221385.000000,95813510.000000,442099030.000000,0.024225,4.954467,1994-06-30,1994-08-27,20.940036,1.461561,,2.334759,0.924380
sz000019,1994-10-19,4.030000,4.190000,4.030000,4.190000,0.039702,255200.000000,1047936.000000,89213020.000000,411643320.000000,0.011986,4.613158,1994-06-30,1994-08-27,19.497494,1.360875,,2.173919,0.860700
sz000019,1994-10-18,4.020000,4.130000,4.000000,4.030000,0.002488,124600.000000,506140.000000,85806320.000000,395924240.000000,0.005852,4.437000,1994-06-30,1994-08-27,18.752964,1.308909,,2.090906,0.827834
sz000019,1994-10-17,4.000000,4.150000,4.000000,4.020000,-0.065116,177700.000000,722074.000000,85593400.000000,394941800.000000,0.008346,4.425988,1994-06-30,1994-08-27,18.706423,1.305660,,2.085717,0.825779
sz000019,1994-10-14,4.000000,4.450000,3.840000,4.300000,0.021378,638500.000000,2647616.000000,91555130.000000,422450180.000000,0.029988,4.734264,1994-06-30,1994-08-27,20.009352,1.396601,,2.230990,0.883296
sz000019,1994-10-13,4.650000,4.700000,4.200000,4.210000,-0.090713,256100.000000,1122838.000000,89638860.000000,413608200.000000,0.012028,4.635174,1994-06-30,1994-08-27,19.590545,1.367370,,2.184294,0.864808
sz000019,1994-10-12,4.700000,4.760000,4.560000,4.630000,0.000000,248200.000000,1156116.000000,98581450.000000,454870780.000000,0.011657,5.097591,1994-06-30,1994-08-27,21.544952,1.503782,,2.402205,0.951084
sz000019,1994-10-11,4.600000,4.710000,4.550000,4.630000,0.006522,263300.000000,1226555.000000,98581450.000000,454870780.000000,0.012366,5.097591,1994-06-30,1994-08-27,21.544952,1.503782,,2.402205,0.951084
sz000019,1994-10-10,4.710000,4.800000,4.410000,4.600000,-0.051546,1156800.000000,5358918.000000,97942690.000000,451923450.000000,0.054331,5.064560,1994-06-30,1994-08-27,21.405347,1.494038,,2.386640,0.944921
sz000019,1994-10-07,4.450000,5.000000,3.780000,4.850000,0.089888,1008100.000000,4374197.000000,103265670.000000,476484510.000000,0.047347,5.339806,1994-06-30,1994-08-27,22.568671,1.575235,,2.516347,0.996275
sz000019,1994-10-06,5.000000,5.200000,4.400000,4.450000,-0.097363,754100.000000,3701144.000000,94748910.000000,437186810.000000,0.035417,4.899408,1994-06-30,1994-08-27,20.707331,1.445318,,2.308813,0.914108
sz000019,1994-10-05,5.500000,5.550000,4.800000,4.930000,-0.144097,758000.000000,3843993.000000,104969020.000000,484344040.000000,0.035600,5.427883,1994-06-30,1994-08-27,22.940928,1.601218,,2.557853,1.012708
sz000019,1994-09-30,6.100000,6.100000,5.310000,5.760000,-0.054187,1245200.000000,7111918.000000,122641290.000000,565886750.000000,0.058482,6.341703,1994-06-30,1994-08-27,26.803187,1.870794,,2.988484,1.183204
sz000019,1994-09-29,7.000000,7.000000,5.050000,6.090000,-0.114826,612700.000000,3981256.000000,129667610.000000,598307350.000000,0.028776,6.705029,1994-06-30,1994-08-27,28.338781,1.977974,,3.159699,1.250992
sz000019,1994-09-28,6.550000,7.130000,6.550000,6.880000,0.050382,1981300.000000,13631309.000000,146488200.000000,675920290.000000,0.093054,7.574815,1994-06-30,1994-08-27,32.014927,2.234560,,3.569580,1.413272
sz000019,1994-09-27,6.500000,6.690000,6.430000,6.550000,0.023438,957600.000000,6269657.000000,139461880.000000,643499690.000000,0.044975,7.211485,1994-06-30,1994-08-27,30.479318,2.127378,,3.398363,1.345484
sz000019,1994-09-26,6.450000,6.520000,6.210000,6.400000,-0.007752,239300.000000,1528891.000000,136268100.000000,628763060.000000,0.011239,7.046334,1994-06-30,1994-08-27,29.781304,2.078658,,3.320537,1.314671
sz000019,1994-09-23,6.300000,6.550000,6.150000,6.450000,0.007813,887300.000000,5705306.000000,137332690.000000,633675270.000000,0.041673,7.101383,1994-06-30,1994-08-27,30.013972,2.094898,,3.346478,1.324942
sz000019,1994-09-22,6.650000,6.650000,6.350000,6.400000,-0.022901,260400.000000,1695064.000000,136268100.000000,628763060.000000,0.012230,7.046330,1994-06-30,1994-08-27,29.781291,2.078657,,3.320535,1.314670
sz000019,1994-09-21,6.200000,6.580000,6.200000,6.550000,0.042994,314000.000000,2030470.000000,139461880.000000,643499690.000000,0.014747,7.211481,1994-06-30,1994-08-27,30.479297,2.127377,,3.398361,1.345483
sz000019,1994-09-20,6.200000,6.400000,6.200000,6.280000,-0.032357,307100.000000,1934499.000000,133713070.000000,616973750.000000,0.014423,6.914211,1994-06-30,1994-08-27,29.222888,2.039682,,3.258275,1.290020
sz000019,1994-09-19,6.750000,6.880000,6.100000,6.490000,-0.001538,844200.000000,5587267.000000,138184370.000000,637605040.000000,0.039649,7.145415,1994-06-30,1994-08-27,30.200072,2.107887,,3.367228,1.333157
sz000019,1994-09-16,6.280000,6.600000,6.200000,6.500000,0.045016,1366700.000000,8743387.000000,138397290.000000,638587480.000000,0.064189,7.156422,1994-06-30,1994-08-27,30.246591,2.111134,,3.372415,1.335210
sz000019,1994-09-15,6.480000,6.500000,6.100000,6.220000,-0.050382,322400.000000,2039264.000000,132435560.000000,611079100.000000,0.015142,6.848146,1994-06-30,1994-08-27,28.943663,2.020193,,3.227142,1.277694
sz000019,1994-09-14,6.700000,6.750000,6.150000,6.550000,-0.022388,268600.000000,1750382.000000,139461880.000000,643499690.000000,0.012615,7.211474,1994-06-30,1994-08-27,30.479270,2.127375,,3.398358,1.345482
sz000019,1994-09-13,6.900000,7.060000,6.600000,6.700000,-0.016153,901000.000000,6197527.000000,142655660.000000,658236330.000000,0.042317,7.376622,1994-06-30,1994-08-27,31.177266,2.176093,,3.476183,1.376294
sz000019,1994-09-12,6.600000,6.900000,6.600000,6.810000,0.031818,975500.000000,6586524.000000,144997770.000000,669043190.000000,0.045816,7.497733,1994-06-30,1994-08-27,31.689141,2.211821,,3.533255,1.398890
sz000019,1994-09-09,7.150000,7.150000,6.000000,6.600000,-0.083333,2192600.000000,14789367.000000,140526470.000000,648411900.000000,0.102978,7.266526,1994-06-30,1994-08-27,30.711948,2.143615,,3.424301,1.355753
sz000019,1994-09-08,7.160000,7.220000,6.950000,7.200000,0.000000,3505300.000000,24841329.000000,153301610.000000,707358440.000000,0.164631,7.927117,1994-06-30,1994-08-27,33.503931,2.338488,,3.735600,1.479003
sz000019,1994-09-07,6.300000,7.450000,6.000000,7.200000,0.168831,5432400.000000,37457214.000000,153301610.000000,707358440.000000,0.255139,7.927117,1994-06-30,1994-08-27,33.503931,2.338488,,3.735600,1.479003
sz000019,1994-09-06,5.700000,6.200000,5.700000,6.160000,0.100000,2257400.000000,13623932.000000,131158040.000000,605184440.000000,0.106022,6.782090,1994-06-30,1994-08-27,28.664479,2.000707,,3.196014,1.265369
sz000019,1994-09-05,5.000000,5.600000,4.950000,5.600000,0.191489,2175900.000000,11487336.000000,119234580.000000,550167680.000000,0.102194,6.165536,1994-06-30,1994-08-27,26.058617,1.818824,,2.905467,1.150336
sz000019,1994-09-02,4.500000,4.700000,4.400000,4.700000,0.044444,665400.000000,3000266.000000,100071880.000000,461747870.000000,0.031251,5.174648,1994-06-30,1994-08-27,21.870632,1.526514,,2.438518,0.965461
sz000019,1994-09-01,4.400000,4.550000,4.310000,4.500000,0.056338,618600.000000,2779531.000000,95813510.000000,442099030.000000,0.029053,4.954452,1994-06-30,1994-08-27,20.939975,1.461556,,2.334752,0.924378
sz000019,1994-08-31,4.180000,4.290000,4.180000,4.260000,0.031477,323000.000000,1365129.000000,90703450.000000,418520410.000000,0.015170,4.690215,1994-06-30,1994-08-27,19.823177,1.383607,,2.210232,0.875077
sz000019,1994-08-30,3.950000,4.190000,3.950000,4.130000,0.045570,337700.000000,1387167.000000,87935510.000000,405748660.000000,0.015860,4.547086,1994-06-30,1994-08-27,19.218245,1.341384,,2.142783,0.848373
sz000019,1994-08-29,4.420000,4.420000,3.850000,3.950000,-0.106335,322700.000000,1288482.000000,84102970.000000,388064700.000000,0.015156,4.348907,1994-06-30,1994-08-27,18.380639,1.282921,,2.049393,0.811398
sz000019,1994-08-26,4.400000,4.650000,4.350000,4.420000,0.006834,296800.000000,1327874.000000,94110150.000000,434239490.000000,0.013940,4.866372,1993-12-31,1994-04-30,20.567765,1.435577,,2.418187,0.907944
sz000019,1994-08-25,4.600000,4.620000,4.390000,4.390000,-0.045652,330100.000000,1502902.000000,93471400.000000,431292160.000000,0.015504,4.833341,1993-12-31,1994-04-30,20.428159,1.425833,,2.401773,0.901781
sz000019,1994-08-24,4.850000,4.850000,4.000000,4.600000,-0.041667,153300.000000,710634.000000,97942690.000000,451923450.000000,0.007200,5.064548,1993-12-31,1994-04-30,21.405357,1.494039,,2.516664,0.944919
sz000019,1994-08-23,4.750000,4.900000,4.650000,4.800000,0.010526,166600.000000,786252.000000,102201070.000000,471572290.000000,0.007825,5.284748,1993-12-31,1994-04-30,22.336032,1.558998,,2.626085,0.986003
sz000019,1994-08-22,4.900000,4.900000,4.700000,4.750000,-0.038462,253200.000000,1221552.000000,101136480.000000,466660080.000000,0.011892,5.229700,1993-12-31,1994-04-30,22.103372,1.542759,,2.598731,0.975732
sz000019,1994-08-19,5.160000,5.200000,4.800000,4.940000,-0.042636,822800.000000,4105058.000000,105181940.000000,485326490.000000,0.038644,5.438891,1993-12-31,1994-04-30,22.987518,1.604470,,2.702681,1.014762
sz000019,1994-08-18,5.010000,5.300000,4.960000,5.160000,0.053061,1204500.000000,6166047.000000,109866150.000000,506940220.000000,0.056571,5.681110,1993-12-31,1994-04-30,24.011262,1.675924,,2.823045,1.059954
sz000019,1994-08-17,4.900000,5.020000,4.850000,4.900000,0.000000,621800.000000,3046754.000000,104330260.000000,481396720.000000,0.029204,5.394854,1993-12-31,1994-04-30,22.801397,1.591479,,2.680799,1.006546
sz000019,1994-08-16,4.880000,5.000000,4.850000,4.900000,0.004098,551900.000000,2713763.000000,104330260.000000,481396720.000000,0.025921,5.394854,1993-12-31,1994-04-30,22.801397,1.591479,,2.680799,1.006546
sz000019,1994-08-15,5.050000,5.050000,4.850000,4.880000,-0.045010,491500.000000,2420020.000000,103904420.000000,479431830.000000,0.023084,5.372836,1993-12-31,1994-04-30,22.708338,1.584984,,2.669858,1.002438
sz000019,1994-08-12,5.070000,5.350000,5.070000,5.110000,0.007890,934500.000000,4870315.000000,108801560.000000,502028010.000000,0.043890,5.626065,1993-12-31,1994-04-30,23.778614,1.659686,,2.795692,1.049684
sz000019,1994-08-11,5.050000,5.300000,5.050000,5.070000,0.078723,1806400.000000,9241699.000000,107949880.000000,498098240.000000,0.084840,5.582023,1993-12-31,1994-04-30,23.592469,1.646694,,2.773806,1.041467
sz000019,1994-08-10,4.100000,4.800000,4.100000,4.700000,0.098131,850700.000000,3834311.000000,100071880.000000,461747870.000000,0.039954,5.174659,1993-12-31,1994-04-30,21.870739,1.526521,,2.571380,0.965463
sz000019,1994-08-09,4.680000,4.680000,4.100000,4.280000,-0.085470,570700.000000,2526631.000000,91129290.000000,420485300.000000,0.026804,4.712242,1993-12-31,1994-04-30,19.916330,1.390109,,2.341597,0.879187
sz000019,1994-08-08,4.700000,4.800000,4.300000,4.680000,0.040000,977900.000000,4546358.000000,99646050.000000,459782990.000000,0.045928,5.152637,1993-12-31,1994-04-30,21.777667,1.520025,,2.560437,0.961354
sz000019,1994-08-05,4.180000,4.550000,4.100000,4.500000,0.136364,810800.000000,3484930.000000,95813510.000000,442099030.000000,0.038080,4.954459,1993-12-31,1994-04-30,20.940064,1.461563,,2.461959,0.924379
sz000019,1994-08-04,4.000000,4.280000,3.950000,3.960000,0.033943,915800.000000,3791640.000000,84315880.000000,389047140.000000,0.043012,4.359923,1993-12-31,1994-04-30,18.427251,1.286175,,2.166523,0.813453
sz000019,1994-08-03,3.300000,3.850000,3.150000,3.830000,0.160606,539400.000000,1909766.000000,81547940.000000,376275390.000000,0.025334,4.216792,1993-12-31,1994-04-30,17.822308,1.243951,,2.095399,0.786749
sz000019,1994-08-02,3.200000,3.800000,3.200000,3.300000,0.031250,602900.000000,2170019.000000,70263240.000000,324205950.000000,0.028316,3.633267,1993-12-31,1994-04-30,15.356037,1.071812,,1.805435,0.677877
sz000019,1994-08-01,2.810000,3.320000,2.560000,3.200000,0.379310,410300.000000,1231020.000000,68134050.000000,314381530.000000,0.019270,3.523168,1993-12-31,1994-04-30,14.890702,1.039333,,1.750725,0.657336
sz000019,1994-07-29,2.380000,2.380000,2.200000,2.320000,-0.033333,158100.000000,358387.000000,40832000.000000,227926610.000000,0.008983,2.554298,1993-12-31,1994-04-30,10.795762,0.753516,,1.269276,0.476568
sz000019,1994-07-28,2.650000,2.650000,2.400000,2.400000,-0.069767,33700.000000,83602.000000,42240000.000000,235786150.000000,0.001915,2.642376,1993-12-31,1994-04-30,11.168026,0.779499,,1.313044,0.493002
sz000019,1994-07-27,2.700000,2.720000,2.570000,2.580000,-0.037313,125900.000000,331619.000000,45408000.000000,253470110.000000,0.007153,2.840553,1993-12-31,1994-04-30,12.005622,0.837962,,1.411521,0.529977
sz000019,1994-07-26,2.550000,2.680000,2.540000,2.680000,0.072000,104500.000000,274448.000000,47168000.000000,263294530.000000,0.005938,2.950651,1993-12-31,1994-04-30,12.470950,0.870440,,1.466231,0.550518
sz000019,1994-07-25,2.440000,2.510000,2.420000,2.500000,0.033058,50800.000000,126168.000000,44000000.000000,245610570.000000,0.002886,2.752473,1993-12-31,1994-04-30,11.633349,0.811978,,1.367752,0.513543
sz000019,1994-07-22,2.460000,2.550000,2.400000,2.420000,-0.016260,15000.000000,36740.000000,42592000.000000,237751030.000000,0.000852,2.664393,1993-12-31,1994-04-30,11.261080,0.785994,,1.323984,0.497109
sz000019,1994-07-21,2.500000,2.530000,2.450000,2.460000,-0.031496,36800.000000,91204.000000,43296000.000000,241680800.000000,0.002091,2.708432,1993-12-31,1994-04-30,11.447212,0.798986,,1.345868,0.505326
sz000019,1994-07-20,2.620000,2.620000,2.530000,2.540000,-0.023077,37900.000000,97900.000000,44704000.000000,249540340.000000,0.002153,2.796511,1993-12-31,1994-04-30,11.819478,0.824969,,1.389636,0.521759
sz000019,1994-07-19,2.600000,2.750000,2.580000,2.600000,0.007752,42400.000000,111507.000000,45760000.000000,255434990.000000,0.002409,2.862571,1993-12-31,1994-04-30,12.098680,0.844457,,1.422462,0.534084
sz000019,1994-07-18,2.460000,2.670000,2.460000,2.580000,-0.085106,46400.000000,119871.000000,45408000.000000,253470110.000000,0.002636,2.840551,1993-12-31,1994-04-30,12.005612,0.837961,,1.411520,0.529976
sz000019,1994-07-15,2.930000,2.940000,2.800000,2.820000,-0.037543,30500.000000,86848.000000,49632000.000000,277048720.000000,0.001733,3.104787,1993-12-31,1994-04-30,13.122408,0.915910,,1.542824,0.579276
sz000019,1994-07-14,2.960000,2.960000,2.920000,2.930000,-0.020067,22200.000000,65022.000000,51568000.000000,287855590.000000,0.001261,3.225896,1993-12-31,1994-04-30,13.634279,0.951638,,1.603005,0.601872
sz000019,1994-07-13,2.940000,3.000000,2.940000,2.990000,0.003356,26000.000000,77234.000000,52624000.000000,293750240.000000,0.001477,3.291956,1993-12-31,1994-04-30,13.913481,0.971125,,1.635831,0.614197
sz000019,1994-07-12,3.950000,5.550000,2.950000,2.980000,0.010169,35600.000000,119598.000000,52448000.000000,292767800.000000,0.002023,3.280945,1993-12-31,1994-04-30,13.866944,0.967877,,1.630360,0.612143
sz000019,1994-07-11,3.000000,3.000000,2.900000,2.950000,-0.039088,25500.000000,75725.000000,51920000.000000,289820470.000000,0.001449,3.247917,1993-12-31,1994-04-30,13.727350,0.958134,,1.613948,0.605981
sz000019,1994-07-08,3.000000,3.070000,2.910000,3.070000,0.009868,30900.000000,92596.000000,54032000.000000,301609780.000000,0.001756,3.380036,1993-12-31,1994-04-30,14.285752,0.997109,,1.679600,0.630631
sz000019,1994-07-04,3.090000,3.140000,3.000000,3.040000,-0.012987,17500.000000,53487.000000,53504000.000000,298662450.000000,0.000994,3.347008,1993-12-31,1994-04-30,14.146158,0.987365,,1.663188,0.624468
sz000019,1994-07-01,3.170000,3.170000,3.080000,3.080000,-0.022222,34700.000000,108359.000000,54208000.000000,302592220.000000,0.001972,3.391047,1993-12-31,1994-04-30,14.332291,1.000357,,1.685072,0.632685
sz000019,1994-06-30,3.100000,3.170000,3.060000,3.150000,0.016129,27100.000000,84409.000000,55440000.000000,309469320.000000,0.001540,3.468116,1993-12-31,1994-04-30,14.658022,1.023092,,1.723368,0.647064
sz000019,1994-06-29,3.200000,3.200000,3.040000,3.100000,-0.006410,14300.000000,44739.000000,54560000.000000,304557110.000000,0.000812,3.413066,1993-12-31,1994-04-30,14.425355,1.006853,,1.696013,0.636793
sz000019,1994-06-28,3.220000,3.290000,3.120000,3.120000,-0.040000,20600.000000,66105.000000,54912000.000000,306521990.000000,0.001170,3.435085,1993-12-31,1994-04-30,14.518418,1.013348,,1.706955,0.640902
sz000019,1994-06-27,3.400000,3.400000,3.250000,3.250000,-0.057971,28700.000000,94453.000000,57200000.000000,319293740.000000,0.001631,3.578214,1993-12-31,1994-04-30,15.123352,1.055571,,1.778078,0.667606
sz000019,1994-06-24,3.500000,3.500000,3.420000,3.450000,-0.019886,30700.000000,106076.000000,60720000.000000,338942590.000000,0.001744,3.798412,1993-12-31,1994-04-30,16.054020,1.120529,,1.887498,0.708689
sz000019,1994-06-23,3.600000,3.620000,3.500000,3.520000,-0.016760,11700.000000,41599.000000,61952000.000000,345819680.000000,0.000665,3.875479,1993-12-31,1994-04-30,16.379747,1.143264,,1.925795,0.723068
sz000019,1994-06-22,3.650000,3.650000,3.550000,3.580000,0.017045,29200.000000,104534.000000,63008000.000000,351714340.000000,0.001659,3.941540,1993-12-31,1994-04-30,16.658951,1.162752,,1.958621,0.735393
sz000019,1994-06-21,3.420000,3.560000,3.420000,3.520000,-0.022222,28500.000000,100323.000000,61952000.000000,345819680.000000,0.001619,3.875482,1993-12-31,1994-04-30,16.379758,1.143265,,1.925796,0.723069
sz000019,1994-06-20,3.880000,3.880000,3.600000,3.600000,-0.062500,78200.000000,291745.000000,63360000.000000,353679220.000000,0.004443,3.963560,1993-12-31,1994-04-30,16.752022,1.169248,,1.969563,0.739502
sz000019,1994-06-17,3.710000,3.880000,3.610000,3.840000,0.037838,147800.000000,554992.000000,67584000.000000,377257840.000000,0.008398,4.227798,1993-12-31,1994-04-30,17.868823,1.247198,,2.100868,0.788802
sz000019,1994-06-16,3.700000,3.750000,3.600000,3.700000,0.036415,62200.000000,228832.000000,65120000.000000,363503640.000000,0.003534,4.073659,1993-12-31,1994-04-30,17.217353,1.201727,,2.024273,0.760043
sz000019,1994-06-15,3.500000,3.600000,3.500000,3.570000,0.017094,33600.000000,119964.000000,62832000.000000,350731890.000000,0.001909,3.930528,1993-12-31,1994-04-30,16.612412,1.159504,,1.953149,0.733339
sz000019,1994-06-14,3.650000,3.650000,3.460000,3.510000,-0.038356,23300.000000,83292.000000,61776000.000000,344837240.000000,0.001324,3.864469,1993-12-31,1994-04-30,16.333212,1.140016,,1.920323,0.721014
sz000019,1994-06-13,3.860000,3.860000,3.650000,3.650000,-0.059278,19900.000000,74057.000000,64240000.000000,358591430.000000,0.001131,4.018607,1993-12-31,1994-04-30,16.984676,1.185487,,1.996917,0.749772
sz000019,1994-06-10,3.900000,3.960000,3.880000,3.880000,-0.005128,40100.000000,157067.000000,68288000.000000,381187600.000000,0.002278,4.271832,1993-12-31,1994-04-30,18.054937,1.260188,,2.122749,0.797018
sz000019,1994-06-09,4.100000,4.100000,3.650000,3.900000,-0.020101,45900.000000,182581.000000,68640000.000000,383152490.000000,0.002608,4.293851,1993-12-31,1994-04-30,18.148000,1.266684,,2.133691,0.801126
sz000019,1994-06-08,4.000000,4.020000,3.900000,3.980000,-0.014851,36200.000000,144157.000000,70048000.000000,391012030.000000,0.002057,4.381933,1993-12-31,1994-04-30,18.520276,1.292668,,2.177460,0.817560
sz000019,1994-06-07,3.980000,4.080000,3.980000,4.040000,0.010000,33500.000000,134236.000000,71104000.000000,396906680.000000,0.001903,4.447990,1993-12-31,1994-04-30,18.799467,1.312154,,2.210285,0.829884
sz000019,1994-06-06,4.050000,4.100000,3.950000,4.000000,-0.026764,74900.000000,300677.000000,70400000.000000,392976910.000000,0.004256,4.403950,1993-12-31,1994-04-30,18.613334,1.299163,,2.188401,0.821668
sz000019,1994-06-03,4.180000,4.200000,4.110000,4.110000,0.002439,52900.000000,220248.000000,72336000.000000,403783780.000000,0.003006,4.525059,1993-12-31,1994-04-30,19.125200,1.334890,,2.248582,0.844263
sz000019,1994-06-02,4.010000,4.200000,4.010000,4.100000,0.000000,84200.000000,345243.000000,72160000.000000,402801330.000000,0.004784,4.514049,1993-12-31,1994-04-30,19.078668,1.331642,,2.243111,0.842209
sz000019,1994-06-01,4.460000,4.500000,4.010000,4.100000,-0.080717,111100.000000,479696.000000,72160000.000000,402801330.000000,0.006313,4.514049,1993-12-31,1994-04-30,19.078668,1.331642,,2.243111,0.842209
sz000019,1994-05-31,4.430000,4.550000,4.400000,4.460000,-0.004464,122000.000000,548129.000000,78496000.000000,438169260.000000,0.006932,4.910402,1993-12-31,1994-04-30,20.753857,1.448566,,2.440066,0.916159
sz000019,1994-05-30,4.780000,4.780000,4.480000,4.480000,-0.066667,40300.000000,184105.000000,78848000.000000,440134140.000000,0.002290,4.932420,1993-12-31,1994-04-30,20.846917,1.455061,,2.451007,0.920267
sz000019,1994-05-27,4.600000,5.050000,4.600000,4.800000,-0.010309,40700.000000,197878.000000,84480000.000000,471572290.000000,0.002312,5.284738,1993-12-31,1994-04-30,22.335991,1.558995,,2.626080,0.986001
sz000019,1994-05-26,5.000000,5.000000,4.810000,4.850000,-0.030000,31600.000000,154444.000000,85360000.000000,476484510.000000,0.001795,5.339786,1993-12-31,1994-04-30,22.568651,1.575234,,2.653434,0.996271
sz000019,1994-05-25,5.130000,5.130000,5.000000,5.000000,-0.025341,44800.000000,224412.000000,88000000.000000,491221140.000000,0.002545,5.504934,1993-12-31,1994-04-30,23.266650,1.623952,,2.735499,1.027084
sz000019,1994-05-24,5.000000,5.450000,4.990000,5.130000,0.013834,196400.000000,1026228.000000,90288000.000000,503992890.000000,0.011159,5.648061,1993-12-31,1994-04-30,23.871580,1.666175,,2.806622,1.053788
sz000019,1994-05-23,5.000000,5.100000,5.000000,5.060000,-0.030651,119300.000000,603017.000000,89056000.000000,497115790.000000,0.006778,5.570992,1993-12-31,1994-04-30,23.545847,1.643440,,2.768325,1.039409
sz000019,1994-05-19,5.100000,5.350000,5.100000,5.220000,0.023529,87300.000000,451917.000000,91872000.000000,512834870.000000,0.004960,5.747148,1993-12-31,1994-04-30,24.290371,1.695405,,2.855860,1.072275
sz000019,1994-05-18,5.150000,5.250000,5.050000,5.100000,-0.011628,88200.000000,450202.000000,89760000.000000,501045560.000000,0.005011,5.615032,1993-12-31,1994-04-30,23.731981,1.656431,,2.790209,1.047625
sz000019,1994-05-17,5.200000,5.350000,5.100000,5.160000,-0.035514,106000.000000,551902.000000,90816000.000000,506940220.000000,0.006023,5.681092,1993-12-31,1994-04-30,24.011183,1.675919,,2.823035,1.059950
sz000019,1994-05-16,5.450000,5.480000,5.250000,5.350000,-0.005576,183100.000000,979528.000000,94160000.000000,525606620.000000,0.010403,5.890279,1993-12-31,1994-04-30,24.895316,1.737629,,2.926984,1.098980
sz000019,1994-05-13,4.130000,5.420000,3.000000,5.380000,0.048733,245400.000000,1243470.000000,94688000.000000,528553950.000000,0.013943,5.923307,1993-12-31,1994-04-30,25.034910,1.747372,,2.943397,1.105142
sz000019,1994-05-12,5.250000,5.400000,5.080000,5.130000,-0.022857,203300.000000,1067131.000000,90288000.000000,503992890.000000,0.011551,5.648060,1993-12-31,1994-04-30,23.871577,1.666175,,2.806622,1.053788
sz000019,1994-05-11,5.550000,5.600000,5.250000,5.250000,-0.045455,324500.000000,1767309.000000,92400000.000000,515782200.000000,0.018437,5.780178,1993-12-31,1994-04-30,24.429973,1.705149,,2.872273,1.078437
sz000019,1994-05-10,5.450000,5.500000,5.200000,5.500000,0.033835,330300.000000,1778451.000000,96800000.000000,540343250.000000,0.018767,6.055427,1993-12-31,1994-04-30,25.593317,1.786348,,3.009049,1.129792
sz000019,1994-05-09,5.100000,5.350000,5.050000,5.320000,0.047244,196600.000000,1022911.000000,93632000.000000,522659290.000000,0.011170,5.857248,1993-12-31,1994-04-30,24.755707,1.727885,,2.910570,1.092817
sz000019,1994-05-06,5.200000,5.200000,4.900000,5.080000,-0.003922,184600.000000,934377.000000,89408000.000000,499080680.000000,0.010489,5.593011,1993-12-31,1994-04-30,23.638911,1.649935,,2.779267,1.043517
sz000019,1994-05-05,5.250000,5.250000,4.900000,5.100000,-0.057301,182700.000000,935162.000000,89760000.000000,501045560.000000,0.010381,5.615033,1993-12-31,1994-04-30,23.731988,1.656432,,2.790210,1.047626
sz000019,1994-05-04,5.400000,5.800000,5.400000,5.410000,0.011215,829500.000000,4677222.000000,95216000.000000,531501270.000000,0.047131,5.956338,1993-12-31,1994-04-30,25.174512,1.757116,,2.959810,1.111304
sz000019,1994-05-03,5.180000,5.420000,4.800000,5.350000,0.032819,392700.000000,2005488.000000,94160000.000000,525606620.000000,0.022312,5.890278,1993-12-31,1994-04-30,24.895311,1.737629,,2.926984,1.098979
sz000019,1994-04-29,4.830000,5.180000,4.650000,5.180000,0.036000,146100.000000,711843.000000,91168000.000000,508905100.000000,0.008301,5.703108,1993-06-30,1993-08-12,,,,2.856824,1.064058
sz000019,1994-04-28,5.300000,5.480000,4.800000,5.000000,-0.045802,422900.000000,2225459.000000,88000000.000000,491221140.000000,0.024028,5.504930,1993-06-30,1993-08-12,,,,2.757552,1.027083
sz000019,1994-04-27,4.900000,5.240000,4.840000,5.240000,0.091667,346500.000000,1742039.000000,92224000.000000,514799750.000000,0.019688,5.769170,1993-06-30,1993-08-12,,,,2.889916,1.076384
sz000019,1994-04-26,4.650000,4.900000,4.450000,4.800000,0.043478,355600.000000,1679555.000000,84480000.000000,471572290.000000,0.020205,5.284734,1993-06-30,1993-08-12,,,,2.647251,0.986000
sz000019,1994-04-25,4.400000,4.600000,4.250000,4.600000,0.045455,81800.000000,363170.000000,80960000.000000,451923450.000000,0.004648,5.064538,1993-06-30,1993-08-12,,,,2.536949,0.944917
sz000019,1994-04-22,4.800000,4.800000,4.400000,4.400000,-0.032967,253800.000000,1158825.000000,77440000.000000,432274600.000000,0.014420,4.844339,1993-06-30,1993-08-12,,,,2.426646,0.903833
sz000019,1994-04-21,4.200000,4.700000,4.200000,4.550000,0.083333,251600.000000,1130875.000000,80080000.000000,447011240.000000,0.014295,5.009486,1993-06-30,1993-08-12,,,,2.509372,0.934646
sz000019,1994-04-20,4.250000,4.500000,4.150000,4.200000,-0.056180,112800.000000,484645.000000,73920000.000000,412625760.000000,0.006409,4.624143,1993-06-30,1993-08-12,,,,2.316345,0.862750
sz000019,1994-04-19,4.600000,4.750000,4.400000,4.450000,-0.072917,74500.000000,337345.000000,78320000.000000,437186810.000000,0.004233,4.899390,1993-06-30,1993-08-12,,,,2.454223,0.914104
sz000019,1994-04-18,5.250000,5.250000,4.500000,4.800000,-0.085714,148200.000000,741800.000000,84480000.000000,471572290.000000,0.008420,5.284738,1993-06-30,1993-08-12,,,,2.647252,0.986001
sz000019,1994-04-15,5.000000,5.350000,4.600000,5.250000,0.050000,144200.000000,693340.000000,92400000.000000,515782200.000000,0.008193,5.780180,1993-06-30,1993-08-12,,,,2.895432,1.078438
sz000019,1994-04-14,5.300000,5.300000,5.000000,5.000000,-0.074074,61300.000000,314550.000000,88000000.000000,491221140.000000,0.003483,5.504933,1993-06-30,1993-08-12,,,,2.757554,1.027084
sz000019,1994-04-13,5.650000,5.650000,5.300000,5.400000,-0.018182,51600.000000,283445.000000,95040000.000000,530518830.000000,0.002932,5.945328,1993-06-30,1993-08-12,,,,2.978158,1.109250
sz000019,1994-04-12,5.500000,5.700000,5.400000,5.500000,-0.009009,61200.000000,336845.000000,96800000.000000,540343250.000000,0.003477,6.055427,1993-06-30,1993-08-12,,,,3.033310,1.129792
sz000019,1994-04-11,5.550000,5.700000,5.500000,5.550000,-0.043103,41100.000000,229645.000000,97680000.000000,545255470.000000,0.002335,6.110477,1993-06-30,1993-08-12,,,,3.060885,1.140063
sz000019,1994-04-08,6.100000,6.100000,5.600000,5.800000,-0.056911,55500.000000,324535.000000,102080000.000000,569816520.000000,0.003153,6.385720,1993-06-30,1993-08-12,,,,3.198761,1.191417
sz000019,1994-04-07,6.100000,6.400000,6.100000,6.150000,0.008197,81900.000000,510760.000000,108240000.000000,604202000.000000,0.004653,6.771069,1993-06-30,1993-08-12,,,,3.391791,1.263313
sz000019,1994-04-06,6.100000,6.150000,6.000000,6.100000,0.008264,34000.000000,206630.000000,107360000.000000,599289790.000000,0.001932,6.716017,1993-06-30,1993-08-12,,,,3.364215,1.253042
sz000019,1994-04-05,6.100000,6.200000,6.000000,6.050000,0.008333,59300.000000,361850.000000,106480000.000000,594377580.000000,0.003369,6.660971,1993-06-30,1993-08-12,,,,3.336641,1.242772
sz000019,1994-04-04,6.000000,6.250000,6.000000,6.000000,-0.008264,51300.000000,310610.000000,105600000.000000,589465370.000000,0.002915,6.605924,1993-06-30,1993-08-12,,,,3.309067,1.232501
sz000019,1994-04-01,6.000000,6.250000,6.000000,6.050000,-0.024194,79500.000000,488125.000000,106480000.000000,594377580.000000,0.004517,6.660970,1993-06-30,1993-08-12,,,,3.336641,1.242771
sz000019,1994-03-31,6.550000,6.600000,6.200000,6.200000,-0.053435,42400.000000,273830.000000,109120000.000000,609114210.000000,0.002409,6.826121,1993-06-30,1993-08-12,,,,3.419369,1.273585
sz000019,1994-03-30,6.650000,6.700000,6.300000,6.550000,-0.007576,113500.000000,734695.000000,115280000.000000,643499690.000000,0.006449,7.211466,1993-06-30,1993-08-12,,,,3.612397,1.345480
sz000019,1994-03-29,6.700000,6.700000,6.250000,6.600000,0.023256,63500.000000,410890.000000,116160000.000000,648411900.000000,0.003608,7.266517,1993-06-30,1993-08-12,,,,3.639974,1.355751
sz000019,1994-03-28,7.150000,7.150000,6.400000,6.450000,-0.015267,49700.000000,324080.000000,113520000.000000,633675270.000000,0.002824,7.101368,1993-06-30,1993-08-12,,,,3.557246,1.324939
sz000019,1994-03-25,6.450000,6.800000,6.450000,6.550000,0.015504,73500.000000,485470.000000,115280000.000000,643499690.000000,0.004176,7.211465,1993-06-30,1993-08-12,,,,3.612397,1.345480
sz000019,1994-03-24,6.350000,6.700000,6.300000,6.450000,-0.037313,46700.000000,304605.000000,113520000.000000,633675270.000000,0.002653,7.101366,1993-06-30,1993-08-12,,,,3.557245,1.324938
sz000019,1994-03-23,6.900000,6.900000,6.700000,6.700000,-0.028986,65900.000000,448100.000000,117920000.000000,658236330.000000,0.003744,7.376609,1993-06-30,1993-08-12,,,,3.695121,1.376292
sz000019,1994-03-22,6.950000,6.950000,6.850000,6.900000,-0.014286,52600.000000,362245.000000,121440000.000000,677885170.000000,0.002989,7.596810,1993-06-30,1993-08-12,,,,3.805425,1.417376
sz000019,1994-03-21,7.250000,7.250000,6.850000,7.000000,-0.034483,37100.000000,261930.000000,123200000.000000,687709600.000000,0.002108,7.706911,1993-06-30,1993-08-12,,,,3.860578,1.437918
sz000019,1994-03-18,7.350000,7.350000,7.200000,7.250000,0.006944,110900.000000,801950.000000,127600000.000000,712270650.000000,0.006301,7.982160,1993-06-30,1993-08-12,,,,3.998456,1.489273
sz000019,1994-03-17,7.300000,7.400000,7.150000,7.200000,0.000000,129000.000000,939155.000000,126720000.000000,707358440.000000,0.007330,7.927114,1993-06-30,1993-08-12,,,,3.970883,1.479002
sz000019,1994-03-16,7.200000,8.700000,7.100000,7.200000,0.043478,339600.000000,2510625.000000,126720000.000000,707358440.000000,0.019295,7.927114,1993-06-30,1993-08-12,,,,3.970883,1.479002
sz000019,1994-03-15,7.250000,7.400000,6.900000,6.900000,-0.048276,107500.000000,775160.000000,121440000.000000,677885170.000000,0.006108,7.596820,1993-06-30,1993-08-12,,,,3.805430,1.417378
sz000019,1994-03-14,7.150000,7.300000,7.050000,7.250000,0.058394,106500.000000,767060.000000,127600000.000000,712270650.000000,0.006051,7.982167,1993-06-30,1993-08-12,,,,3.998460,1.489274
sz000019,1994-03-11,6.750000,7.000000,6.500000,6.850000,0.014815,60000.000000,404580.000000,120560000.000000,672972960.000000,0.003409,7.541772,1993-06-30,1993-08-12,,,,3.777856,1.407107
sz000019,1994-03-10,7.000000,7.000000,6.750000,6.750000,-0.035714,46200.000000,317720.000000,118800000.000000,663148540.000000,0.002625,7.431672,1993-06-30,1993-08-12,,,,3.722704,1.386565
sz000019,1994-03-09,7.050000,7.100000,7.000000,7.000000,-0.007092,16800.000000,118175.000000,123200000.000000,687709600.000000,0.000955,7.706917,1993-06-30,1993-08-12,,,,3.860581,1.437919
sz000019,1994-03-08,6.900000,7.100000,6.900000,7.050000,0.000000,46000.000000,323205.000000,124080000.000000,692621810.000000,0.002614,7.761965,1993-06-30,1993-08-12,,,,3.888155,1.448190
sz000019,1994-03-07,7.150000,7.150000,6.950000,7.050000,-0.013986,57300.000000,402930.000000,124080000.000000,692621810.000000,0.003256,7.761965,1993-06-30,1993-08-12,,,,3.888155,1.448190
sz000019,1994-03-04,7.200000,7.200000,7.100000,7.150000,-0.020548,46600.000000,334035.000000,125840000.000000,702446230.000000,0.002648,7.872064,1993-06-30,1993-08-12,,,,3.943306,1.468731
sz000019,1994-03-03,7.050000,7.500000,7.000000,7.300000,0.006897,59600.000000,427725.000000,128480000.000000,717182860.000000,0.003386,8.037212,1993-06-30,1993-08-12,,,,4.026033,1.499544
sz000019,1994-03-02,7.350000,7.600000,7.200000,7.250000,0.006944,86000.000000,631275.000000,127600000.000000,712270650.000000,0.004886,7.982159,1993-06-30,1993-08-12,,,,3.998456,1.489272
sz000019,1994-03-01,7.150000,7.600000,7.150000,7.200000,0.006993,204500.000000,1520670.000000,126720000.000000,707358440.000000,0.011619,7.927113,1993-06-30,1993-08-12,,,,3.970882,1.479002
sz000019,1994-02-28,7.300000,7.300000,7.150000,7.150000,-0.033784,92400.000000,671060.000000,125840000.000000,702446230.000000,0.005250,7.872064,1993-06-30,1993-08-12,,,,3.943307,1.468731
sz000019,1994-02-25,7.600000,7.700000,7.350000,7.400000,-0.019868,210400.000000,1590825.000000,130240000.000000,727007290.000000,0.011955,8.147313,1993-06-30,1993-08-12,,,,4.081185,1.520086
sz000019,1994-02-24,7.300000,7.550000,7.200000,7.550000,0.041379,177200.000000,1307555.000000,132880000.000000,741743920.000000,0.010068,8.312465,1993-06-30,1993-08-12,,,,4.163914,1.550899
sz000019,1994-02-23,7.250000,7.350000,7.100000,7.250000,0.000000,90400.000000,652780.000000,127600000.000000,712270650.000000,0.005136,7.982171,1993-06-30,1993-08-12,,,,3.998462,1.489275
sz000019,1994-02-22,7.200000,7.600000,7.200000,7.250000,0.050725,189700.000000,1399135.000000,127600000.000000,712270650.000000,0.010778,7.982171,1993-06-30,1993-08-12,,,,3.998462,1.489275
sz000019,1994-02-21,7.150000,7.150000,6.900000,6.900000,-0.034965,41500.000000,288195.000000,121440000.000000,677885170.000000,0.002358,7.596822,1993-06-30,1993-08-12,,,,3.805431,1.417378
sz000019,1994-02-18,7.000000,7.350000,6.950000,7.150000,0.021429,28000.000000,200565.000000,125840000.000000,702446230.000000,0.001591,7.872069,1993-06-30,1993-08-12,,,,3.943309,1.468732
sz000019,1994-02-17,7.100000,7.150000,7.000000,7.000000,-0.034483,53900.000000,380360.000000,123200000.000000,687709600.000000,0.003063,7.706917,1993-06-30,1993-08-12,,,,3.860581,1.437919
sz000019,1994-02-16,7.350000,7.400000,7.100000,7.250000,0.000000,64900.000000,471440.000000,127600000.000000,712270650.000000,0.003687,7.982166,1993-06-30,1993-08-12,,,,3.998460,1.489274
sz000019,1994-02-15,7.200000,7.500000,6.900000,7.250000,0.006944,111700.000000,795325.000000,127600000.000000,712270650.000000,0.006347,7.982166,1993-06-30,1993-08-12,,,,3.998460,1.489274
sz000019,1994-02-14,8.100000,8.400000,7.200000,7.200000,-0.111111,147700.000000,1133080.000000,126720000.000000,707358440.000000,0.008392,7.927120,1993-06-30,1993-08-12,,,,3.970886,1.479004
sz000019,1994-02-04,7.400000,8.200000,7.400000,8.100000,0.117241,379700.000000,2965735.000000,142560000.000000,795778250.000000,0.021574,8.918009,1993-06-30,1993-08-12,,,,4.467246,1.663879
sz000019,1994-02-03,7.050000,7.300000,6.750000,7.250000,0.074074,254700.000000,1825095.000000,127600000.000000,712270650.000000,0.014472,7.982172,1993-06-30,1993-08-12,,,,3.998462,1.489275
sz000019,1994-02-02,6.500000,6.800000,6.500000,6.750000,0.038462,44500.000000,297690.000000,118800000.000000,663148540.000000,0.002528,7.431677,1993-06-30,1993-08-12,,,,3.722706,1.386566
sz000019,1994-02-01,6.500000,6.850000,6.500000,6.500000,-0.022556,114600.000000,762350.000000,114400000.000000,638587480.000000,0.006511,7.156427,1993-06-30,1993-08-12,,,,3.584827,1.335211
sz000019,1994-01-31,7.000000,7.000000,6.500000,6.650000,-0.063380,68300.000000,458200.000000,117040000.000000,653324120.000000,0.003881,7.321572,1993-06-30,1993-08-12,,,,3.667552,1.366023
sz000019,1994-01-28,7.300000,7.350000,7.050000,7.100000,-0.027397,104000.000000,740385.000000,124960000.000000,697534020.000000,0.005909,7.817015,1993-06-30,1993-08-12,,,,3.915731,1.458461
sz000019,1994-01-27,7.100000,7.300000,7.000000,7.300000,0.028169,67500.000000,482865.000000,128480000.000000,717182860.000000,0.003835,8.037210,1993-06-30,1993-08-12,,,,4.026032,1.499544
sz000019,1994-01-26,7.200000,7.250000,7.000000,7.100000,-0.020690,49300.000000,351660.000000,124960000.000000,697534020.000000,0.002801,7.817013,1993-06-30,1993-08-12,,,,3.915730,1.458460
sz000019,1994-01-25,7.600000,7.600000,7.250000,7.250000,-0.020270,47700.000000,347340.000000,127600000.000000,712270650.000000,0.002710,7.982164,1993-06-30,1993-08-12,,,,3.998458,1.489273
sz000019,1994-01-24,7.600000,7.700000,7.400000,7.400000,-0.019868,41100.000000,308840.000000,130240000.000000,727007290.000000,0.002335,8.147310,1993-06-30,1993-08-12,,,,4.081184,1.520085
sz000019,1994-01-21,7.500000,7.750000,7.450000,7.550000,-0.019481,48700.000000,369630.000000,132880000.000000,741743920.000000,0.002767,8.312462,1993-06-30,1993-08-12,,,,4.163912,1.550899
sz000019,1994-01-20,7.800000,7.800000,7.400000,7.700000,-0.012821,59200.000000,452820.000000,135520000.000000,756480560.000000,0.003364,8.477614,1993-06-30,1993-08-12,,,,4.246641,1.581712
sz000019,1994-01-19,7.950000,7.950000,7.800000,7.800000,-0.037037,27900.000000,218660.000000,137280000.000000,766304980.000000,0.001585,8.587717,1993-06-30,1993-08-12,,,,4.301795,1.602254
sz000019,1994-01-18,7.600000,8.100000,7.600000,8.100000,0.025316,79600.000000,618630.000000,142560000.000000,795778250.000000,0.004523,8.918014,1993-06-30,1993-08-12,,,,4.467248,1.663880
sz000019,1994-01-17,8.000000,8.050000,7.900000,7.900000,-0.024691,47300.000000,376950.000000,139040000.000000,776129400.000000,0.002687,8.697820,1993-06-30,1993-08-12,,,,4.356948,1.622797
sz000019,1994-01-14,8.450000,8.450000,7.800000,8.100000,-0.035714,124100.000000,1000535.000000,142560000.000000,795778250.000000,0.007051,8.918014,1993-06-30,1993-08-12,,,,4.467248,1.663880
sz000019,1994-01-13,8.350000,8.400000,8.250000,8.400000,0.005988,41000.000000,340830.000000,147840000.000000,825251520.000000,0.002330,9.248308,1993-06-30,1993-08-12,,,,4.632701,1.725504
sz000019,1994-01-12,8.450000,8.650000,8.300000,8.350000,-0.011834,86300.000000,726820.000000,146960000.000000,820339300.000000,0.004903,9.193259,1993-06-30,1993-08-12,,,,4.605125,1.715234
sz000019,1994-01-11,8.750000,8.750000,8.450000,8.450000,-0.034286,94800.000000,814200.000000,148720000.000000,830163730.000000,0.005386,9.303355,1993-06-30,1993-08-12,,,,4.660275,1.735775
sz000019,1994-01-10,8.700000,8.900000,8.500000,8.750000,0.000000,331400.000000,2894215.000000,154000000.000000,859637000.000000,0.018830,9.633655,1993-06-30,1993-08-12,,,,4.825730,1.797400
sz000019,1994-01-07,8.700000,8.950000,8.600000,8.750000,-0.016854,164900.000000,1441635.000000,154000000.000000,859637000.000000,0.009369,9.633655,1993-06-30,1993-08-12,,,,4.825730,1.797400
sz000019,1994-01-06,8.750000,8.900000,8.500000,8.900000,0.047059,289000.000000,2516120.000000,156640000.000000,874373630.000000,0.016420,9.798804,1993-06-30,1993-08-12,,,,4.908457,1.828213
sz000019,1994-01-05,8.500000,8.600000,8.400000,8.500000,0.000000,51300.000000,434850.000000,149600000.000000,835075940.000000,0.002915,9.358406,1993-06-30,1993-08-12,,,,4.687851,1.746046
sz000019,1994-01-04,8.600000,8.750000,8.500000,8.500000,-0.022989,57100.000000,491555.000000,149600000.000000,835075940.000000,0.003244,9.358406,1993-06-30,1993-08-12,,,,4.687851,1.746046
sz000019,1994-01-03,9.000000,9.000000,8.650000,8.700000,-0.027933,90300.000000,797130.000000,153120000.000000,854724780.000000,0.005131,9.578609,1993-06-30,1993-08-12,,,,4.798156,1.787130
sz000019,1993-12-31,9.500000,9.500000,8.950000,8.950000,-0.052910,225100.000000,2089195.000000,157520000.000000,879285840.000000,0.012790,9.853857,1993-06-30,1993-08-12,,,,4.936034,1.838485
sz000019,1993-12-30,8.850000,9.500000,8.850000,9.450000,0.067797,383900.000000,3573370.000000,166320000.000000,928407950.000000,0.021812,10.404351,1993-06-30,1993-08-12,,,,5.211790,1.941193
sz000019,1993-12-29,9.000000,9.100000,8.800000,8.850000,-0.022099,38200.000000,342385.000000,155760000.000000,869461420.000000,0.002170,9.743754,1993-06-30,1993-08-12,,,,4.880881,1.817942
sz000019,1993-12-28,9.200000,9.200000,9.000000,9.050000,-0.021622,42800.000000,387545.000000,159280000.000000,889110260.000000,0.002432,9.963947,1993-06-30,1993-08-12,,,,4.991181,1.859025
sz000019,1993-12-27,9.400000,9.400000,9.000000,9.250000,0.000000,110000.000000,1008730.000000,162800000.000000,908759110.000000,0.006250,10.184149,1993-06-30,1993-08-12,,,,5.101486,1.900109
sz000019,1993-12-24,9.000000,9.250000,9.000000,9.250000,0.016484,125300.000000,1145850.000000,162800000.000000,908759110.000000,0.007119,10.184149,1993-06-30,1993-08-12,,,,5.101486,1.900109
sz000019,1993-12-23,9.050000,9.400000,9.050000,9.100000,-0.016216,67400.000000,621625.000000,160160000.000000,894022470.000000,0.003830,10.018996,1993-06-30,1993-08-12,,,,5.018756,1.869295
sz000019,1993-12-22,9.600000,9.600000,9.000000,9.250000,-0.031414,100400.000000,943635.000000,162800000.000000,908759110.000000,0.005705,10.184142,1993-06-30,1993-08-12,,,,5.101482,1.900108
sz000019,1993-12-21,9.200000,9.600000,9.050000,9.550000,0.038043,228000.000000,2136805.000000,168080000.000000,938232380.000000,0.012955,10.514442,1993-06-30,1993-08-12,,,,5.266938,1.961733
sz000019,1993-12-20,9.400000,9.550000,8.800000,9.200000,-0.036649,204500.000000,1880655.000000,161920000.000000,903846900.000000,0.011619,10.129101,1993-06-30,1993-08-12,,,,5.073911,1.889838
sz000019,1993-12-17,9.200000,9.600000,9.200000,9.550000,0.038043,281700.000000,2654485.000000,168080000.000000,938232380.000000,0.016006,10.514445,1993-06-30,1993-08-12,,,,5.266939,1.961734
sz000019,1993-12-16,9.550000,9.550000,9.200000,9.200000,-0.021277,168600.000000,1574985.000000,161920000.000000,903846900.000000,0.009580,10.129103,1993-06-30,1993-08-12,,,,5.073912,1.889839
sz000019,1993-12-15,9.050000,9.550000,9.000000,9.400000,0.038674,215200.000000,1994295.000000,165440000.000000,923495740.000000,0.012227,10.349306,1993-06-30,1993-08-12,,,,5.184217,1.930923
sz000019,1993-12-14,9.100000,9.250000,9.000000,9.050000,0.000000,83000.000000,755620.000000,159280000.000000,889110260.000000,0.004716,9.963959,1993-06-30,1993-08-12,,,,4.991187,1.859027
sz000019,1993-12-13,9.450000,9.650000,9.000000,9.050000,-0.042328,198000.000000,1859460.000000,159280000.000000,889110260.000000,0.011250,9.963959,1993-06-30,1993-08-12,,,,4.991187,1.859027
sz000019,1993-12-10,9.000000,9.500000,8.900000,9.450000,0.050000,194400.000000,1804505.000000,166320000.000000,928407950.000000,0.011045,10.404355,1993-06-30,1993-08-12,,,,5.211792,1.941194
sz000019,1993-12-09,9.150000,9.200000,8.950000,9.000000,0.000000,116400.000000,1058840.000000,158400000.000000,884198050.000000,0.006614,9.908909,1993-06-30,1993-08-12,,,,4.963612,1.848756
sz000019,1993-12-08,9.000000,9.100000,8.950000,9.000000,-0.005525,72500.000000,652825.000000,158400000.000000,884198050.000000,0.004119,9.908909,1993-06-30,1993-08-12,,,,4.963612,1.848756
sz000019,1993-12-07,9.300000,9.400000,9.000000,9.050000,-0.021622,80700.000000,744975.000000,159280000.000000,889110260.000000,0.004585,9.963960,1993-06-30,1993-08-12,,,,4.991188,1.859027
sz000019,1993-12-06,9.000000,9.250000,9.000000,9.250000,0.005435,105000.000000,962115.000000,162800000.000000,908759110.000000,0.005966,10.184162,1993-06-30,1993-08-12,,,,5.101492,1.900111
sz000019,1993-12-03,9.200000,9.300000,9.100000,9.200000,0.000000,89700.000000,824145.000000,161920000.000000,903846900.000000,0.005097,10.129111,1993-06-30,1993-08-12,,,,5.073916,1.889840
sz000019,1993-12-02,9.450000,9.450000,9.100000,9.200000,-0.026455,91900.000000,849635.000000,161920000.000000,903846900.000000,0.005222,10.129111,1993-06-30,1993-08-12,,,,5.073916,1.889840
sz000019,1993-12-01,9.750000,9.750000,9.450000,9.450000,-0.035714,133300.000000,1274930.000000,166320000.000000,928407950.000000,0.007574,10.404358,1993-06-30,1993-08-12,,,,5.211794,1.941194
sz000019,1993-11-30,9.850000,10.000000,9.750000,9.800000,0.000000,188600.000000,1862775.000000,172480000.000000,962793430.000000,0.010716,10.789701,1993-06-30,1993-08-12,,,,5.404821,2.013090
sz000019,1993-11-29,9.550000,10.000000,9.550000,9.800000,0.010309,158900.000000,1545630.000000,172480000.000000,962793430.000000,0.009028,10.789701,1993-06-30,1993-08-12,,,,5.404821,2.013090
sz000019,1993-11-26,9.950000,10.000000,9.500000,9.700000,-0.020202,145100.000000,1412915.000000,170720000.000000,952969010.000000,0.008244,10.679605,1993-06-30,1993-08-12,,,,5.349672,1.992549
sz000019,1993-11-25,9.400000,10.300000,9.400000,9.900000,0.047619,245400.000000,2391530.000000,174240000.000000,972617860.000000,0.013943,10.899803,1993-06-30,1993-08-12,,,,5.459974,2.033632
sz000019,1993-11-24,9.750000,9.900000,9.350000,9.450000,-0.045455,163100.000000,1565135.000000,166320000.000000,928407950.000000,0.009267,10.404358,1993-06-30,1993-08-12,,,,5.211794,1.941194
sz000019,1993-11-23,10.350000,10.500000,9.800000,9.900000,-0.038835,242900.000000,2463700.000000,174240000.000000,972617860.000000,0.013801,10.899809,1993-06-30,1993-08-12,,,,5.459977,2.033633
sz000019,1993-11-22,10.150000,11.000000,10.150000,10.300000,0.030000,638200.000000,6626670.000000,181280000.000000,1011915550.000000,0.036261,11.340206,1993-06-30,1993-08-12,,,,5.680582,2.115800
sz000019,1993-11-19,9.850000,10.000000,9.850000,10.000000,0.015228,332700.000000,3318995.000000,176000000.000000,982442280.000000,0.018903,11.009908,1993-06-30,1993-08-12,,,,5.515128,2.054175
sz000019,1993-11-18,9.700000,10.100000,9.600000,9.850000,0.020725,504200.000000,5009280.000000,173360000.000000,967705650.000000,0.028648,10.844764,1993-06-30,1993-08-12,,,,5.432404,2.023363
sz000019,1993-11-17,9.500000,10.000000,9.500000,9.650000,0.000000,193400.000000,1873715.000000,169840000.000000,948056800.000000,0.010989,10.624570,1993-06-30,1993-08-12,,,,5.322103,1.982281
sz000019,1993-11-16,10.200000,10.200000,9.200000,9.650000,-0.053922,204500.000000,2003420.000000,169840000.000000,948056800.000000,0.011619,10.624570,1993-06-30,1993-08-12,,,,5.322103,1.982281
sz000019,1993-11-15,10.150000,10.500000,10.150000,10.200000,0.020000,340900.000000,3516820.000000,179520000.000000,1002091130.000000,0.019369,11.230121,1993-06-30,1993-08-12,,,,5.625438,2.095261
sz000019,1993-11-12,9.850000,10.100000,9.700000,10.000000,0.030928,336500.000000,3316740.000000,176000000.000000,982442280.000000,0.019119,11.009922,1993-06-30,1993-08-12,,,,5.515135,2.054178
sz000019,1993-11-11,9.450000,10.000000,9.400000,9.700000,0.043011,363800.000000,3527595.000000,170720000.000000,952969010.000000,0.020670,10.679623,1993-06-30,1993-08-12,,,,5.349680,1.992552
sz000019,1993-11-10,8.400000,9.400000,8.400000,9.300000,0.100592,295200.000000,2639235.000000,163680000.000000,913671320.000000,0.016773,10.239224,1993-06-30,1993-08-12,,,,5.129074,1.910384
sz000019,1993-11-09,8.600000,8.700000,8.450000,8.450000,-0.023121,46700.000000,399700.000000,148720000.000000,830163730.000000,0.002653,9.303378,1993-06-30,1993-08-12,,,,4.660286,1.735779
sz000019,1993-11-08,8.450000,8.900000,8.350000,8.650000,0.029762,111700.000000,959755.000000,152240000.000000,849812570.000000,0.006347,9.523573,1993-06-30,1993-08-12,,,,4.770587,1.776862
sz000019,1993-11-05,8.400000,8.500000,8.300000,8.400000,0.012048,37700.000000,316050.000000,147840000.000000,825251520.000000,0.002142,9.248324,1993-06-30,1993-08-12,,,,4.632708,1.725507
sz000019,1993-11-04,8.550000,8.550000,8.300000,8.300000,-0.017751,26800.000000,223480.000000,146080000.000000,815427090.000000,0.001523,9.138227,1993-06-30,1993-08-12,,,,4.577558,1.704966
sz000019,1993-11-03,8.500000,8.550000,8.450000,8.450000,-0.017442,51400.000000,437295.000000,148720000.000000,830163730.000000,0.002920,9.303371,1993-06-30,1993-08-12,,,,4.660283,1.735778
sz000019,1993-11-02,8.450000,8.800000,8.400000,8.600000,0.011765,36100.000000,310655.000000,151360000.000000,844900360.000000,0.002051,9.468521,1993-06-30,1993-08-12,,,,4.743010,1.766591
sz000019,1993-11-01,8.800000,8.800000,8.500000,8.500000,-0.034091,41200.000000,353030.000000,149600000.000000,835075940.000000,0.002341,9.358419,1993-06-30,1993-08-12,,,,4.687858,1.746048
sz000019,1993-10-29,9.100000,9.100000,8.800000,8.800000,-0.022222,125800.000000,1126380.000000,154880000.000000,864549210.000000,0.007148,9.688717,1993-06-30,1993-08-12,,,,4.853312,1.807674
sz000019,1993-10-28,8.800000,9.000000,8.700000,9.000000,0.016949,82100.000000,724670.000000,158400000.000000,884198050.000000,0.004665,9.908913,1993-06-30,1993-08-12,,,,4.963613,1.848757
sz000019,1993-10-27,8.800000,9.000000,8.650000,8.850000,0.023121,111400.000000,978785.000000,155760000.000000,869461420.000000,0.006330,9.743766,1993-06-30,1993-08-12,,,,4.880887,1.817944
sz000019,1993-10-26,9.000000,9.000000,8.400000,8.650000,-0.022599,55300.000000,474245.000000,152240000.000000,849812570.000000,0.003142,9.523571,1993-06-30,1993-08-12,,,,4.770586,1.776862
sz000019,1993-10-25,9.100000,9.100000,8.800000,8.850000,-0.032787,46100.000000,408990.000000,155760000.000000,869461420.000000,0.002619,9.743771,1993-06-30,1993-08-12,,,,4.880890,1.817945
sz000019,1993-10-22,9.300000,9.300000,9.000000,9.150000,-0.016129,98800.000000,898750.000000,161040000.000000,898934690.000000,0.005614,10.074069,1993-06-30,1993-08-12,,,,5.046344,1.879571
sz000019,1993-10-21,9.350000,9.500000,9.300000,9.300000,-0.005348,43900.000000,413090.000000,163680000.000000,913671320.000000,0.002494,10.239218,1993-06-30,1993-08-12,,,,5.129071,1.910383
sz000019,1993-10-20,9.450000,9.600000,9.250000,9.350000,-0.010582,43400.000000,407810.000000,164560000.000000,918583530.000000,0.002466,10.294271,1993-06-30,1993-08-12,,,,5.156649,1.920655
sz000019,1993-10-19,9.350000,9.600000,9.200000,9.450000,0.000000,44300.000000,416115.000000,166320000.000000,928407950.000000,0.002517,10.404370,1993-06-30,1993-08-12,,,,5.211800,1.941197
sz000019,1993-10-18,9.700000,9.700000,9.400000,9.450000,-0.030769,36200.000000,344345.000000,166320000.000000,928407950.000000,0.002057,10.404370,1993-06-30,1993-08-12,,,,5.211800,1.941197
sz000019,1993-10-16,9.750000,9.750000,9.750000,9.750000,-0.005102,9400.000000,91650.000000,171600000.000000,957881220.000000,0.000534,10.734665,1993-06-30,1993-08-12,,,,5.377253,2.002822
sz000019,1993-10-15,9.600000,9.850000,9.600000,9.800000,0.010309,49500.000000,482440.000000,172480000.000000,962793430.000000,0.002812,10.789714,1993-06-30,1993-08-12,,,,5.404828,2.013092
sz000019,1993-10-14,9.600000,9.700000,9.600000,9.700000,0.000000,41600.000000,401240.000000,170720000.000000,952969010.000000,0.002364,10.679618,1993-06-30,1993-08-12,,,,5.349678,1.992551
sz000019,1993-10-13,9.850000,9.900000,9.650000,9.700000,-0.015228,46900.000000,456270.000000,170720000.000000,952969010.000000,0.002665,10.679618,1993-06-30,1993-08-12,,,,5.349678,1.992551
sz000019,1993-10-12,9.750000,10.000000,9.750000,9.850000,0.005102,39600.000000,391995.000000,173360000.000000,967705650.000000,0.002250,10.844762,1993-06-30,1993-08-12,,,,5.432403,2.023363
sz000019,1993-10-11,9.950000,10.000000,9.800000,9.800000,-0.015075,39500.000000,389775.000000,172480000.000000,962793430.000000,0.002244,10.789713,1993-06-30,1993-08-12,,,,5.404827,2.013092
sz000019,1993-10-08,10.000000,10.300000,9.850000,9.950000,-0.009950,84500.000000,842625.000000,175120000.000000,977530070.000000,0.004801,10.954858,1993-06-30,1993-08-12,,,,5.487552,2.043904
sz000019,1993-10-07,10.000000,10.200000,10.000000,10.050000,-0.004950,58400.000000,589415.000000,176880000.000000,987354490.000000,0.003318,11.064954,1993-06-30,1993-08-12,,,,5.542702,2.064445
sz000019,1993-10-06,10.200000,10.350000,10.000000,10.100000,-0.014634,94200.000000,950995.000000,177760000.000000,992266700.000000,0.005352,11.119998,1993-06-30,1993-08-12,,,,5.570275,2.074715
sz000019,1993-10-05,10.450000,10.550000,10.100000,10.250000,-0.004854,172600.000000,1797955.000000,180400000.000000,1007003340.000000,0.009807,11.285145,1993-06-30,1993-08-12,,,,5.653001,2.105527
sz000019,1993-10-04,10.150000,10.300000,10.150000,10.300000,0.009804,132400.000000,1359110.000000,181280000.000000,1011915550.000000,0.007523,11.340190,1993-06-30,1993-08-12,,,,5.680575,2.115797
sz000019,1993-09-30,10.300000,10.300000,10.000000,10.200000,-0.009709,54600.000000,552740.000000,179520000.000000,1002091130.000000,0.003102,11.230090,1993-06-30,1993-08-12,,,,5.625423,2.095256
sz000019,1993-09-29,9.950000,10.450000,9.950000,10.300000,0.040404,81400.000000,831700.000000,181280000.000000,1011915550.000000,0.004625,11.340192,1993-06-30,1993-08-12,,,,5.680576,2.115798
sz000019,1993-09-28,9.700000,9.900000,9.700000,9.900000,0.020619,34000.000000,335645.000000,174240000.000000,972617860.000000,0.001932,10.899797,1993-06-30,1993-08-12,,,,5.459971,2.033631
sz000019,1993-09-27,9.700000,9.850000,9.350000,9.700000,-0.010204,58100.000000,564465.000000,170720000.000000,952969010.000000,0.003301,10.679594,1993-06-30,1993-08-12,,,,5.349666,1.992547
sz000019,1993-09-25,9.800000,9.800000,9.800000,9.800000,0.000000,11022.000000,108015.600000,172480000.000000,962793430.000000,0.000626,10.789692,1993-06-30,1993-08-12,,,,5.404817,2.013088
sz000019,1993-09-24,10.150000,10.150000,9.300000,9.800000,-0.048544,135000.000000,1317445.000000,172480000.000000,962793430.000000,0.007670,10.789692,1993-06-30,1993-08-12,,,,5.404817,2.013088
sz000019,1993-09-23,10.500000,10.600000,10.100000,10.300000,-0.014354,221500.000000,2307800.000000,181280000.000000,1011915550.000000,0.012585,11.340190,1993-06-30,1993-08-12,,,,5.680575,2.115798
sz000019,1993-09-22,10.150000,10.450000,10.000000,10.450000,0.024510,119200.000000,1217930.000000,183920000.000000,1026652180.000000,0.006773,11.505338,1993-06-30,1993-08-12,,,,5.763301,2.146610
sz000019,1993-09-21,9.900000,10.900000,9.700000,10.200000,0.025126,377900.000000,3903070.000000,179520000.000000,1002091130.000000,0.021472,11.230089,1993-06-30,1993-08-12,,,,5.625422,2.095255
sz000019,1993-09-20,9.250000,10.150000,9.000000,9.950000,0.058511,263800.000000,2563540.000000,175120000.000000,977530070.000000,0.014989,10.954837,1993-06-30,1993-08-12,,,,5.487542,2.043900
sz000019,1993-09-16,9.600000,9.700000,9.300000,9.400000,-0.020833,69100.000000,654955.000000,165440000.000000,923495740.000000,0.003926,10.349290,1993-06-30,1993-08-12,,,,5.184209,1.930920
sz000019,1993-09-15,10.000000,10.000000,9.600000,9.600000,-0.020408,53600.000000,520585.000000,168960000.000000,943144590.000000,0.003045,10.569484,1993-06-30,1993-08-12,,,,5.294509,1.972003
sz000019,1993-09-14,9.600000,10.000000,9.550000,9.800000,0.005128,84000.000000,819440.000000,172480000.000000,962793430.000000,0.004773,10.789680,1993-06-30,1993-08-12,,,,5.404811,2.013086
sz000019,1993-09-13,10.000000,10.100000,9.700000,9.750000,-0.039409,58500.000000,578040.000000,171600000.000000,957881220.000000,0.003324,10.734633,1993-06-30,1993-08-12,,,,5.377236,2.002816
sz000019,1993-09-10,10.500000,10.550000,10.150000,10.150000,-0.037915,42500.000000,437665.000000,178640000.000000,997178910.000000,0.002415,11.175029,1993-06-30,1993-08-12,,,,5.597842,2.084983
sz000019,1993-09-09,10.600000,10.600000,10.400000,10.550000,-0.004717,32300.000000,340380.000000,185680000.000000,1036476610.000000,0.001835,11.615428,1993-06-30,1993-08-12,,,,5.818448,2.167150
sz000019,1993-09-08,10.500000,10.600000,10.450000,10.600000,0.000000,42100.000000,442720.000000,186560000.000000,1041388820.000000,0.002392,11.670478,1993-06-30,1993-08-12,,,,5.846024,2.177421
sz000019,1993-09-07,10.800000,10.800000,10.500000,10.600000,-0.009346,52400.000000,559400.000000,186560000.000000,1041388820.000000,0.002977,11.670478,1993-06-30,1993-08-12,,,,5.846024,2.177421
sz000019,1993-09-06,11.100000,11.100000,10.600000,10.700000,-0.018349,77200.000000,828125.000000,188320000.000000,1051213240.000000,0.004386,11.780579,1993-06-30,1993-08-12,,,,5.901176,2.197963
sz000019,1993-09-03,10.450000,10.900000,10.400000,10.900000,0.043062,103700.000000,1098135.000000,191840000.000000,1070862090.000000,0.005892,12.000782,1993-06-30,1993-08-12,,,,6.011481,2.239047
sz000019,1993-09-02,10.500000,10.900000,10.400000,10.450000,-0.009479,73700.000000,773475.000000,183920000.000000,1026652180.000000,0.004188,11.505339,1993-06-30,1993-08-12,,,,5.763302,2.146610
sz000019,1993-09-01,10.950000,10.950000,10.500000,10.550000,-0.036530,78300.000000,833735.000000,185680000.000000,1036476610.000000,0.004449,11.615442,1993-06-30,1993-08-12,,,,5.818455,2.167153
sz000019,1993-08-31,10.950000,11.200000,10.900000,10.950000,0.004587,179400.000000,1983110.000000,192720000.000000,1075774300.000000,0.010193,12.055841,1993-06-30,1993-08-12,,,,6.039062,2.249320
sz000019,1993-08-30,10.450000,11.200000,10.300000,10.900000,0.009259,118200.000000,1276085.000000,191840000.000000,1070862090.000000,0.006716,12.000794,1993-06-30,1993-08-12,,,,6.011487,2.239050
sz000019,1993-08-27,11.150000,11.250000,10.800000,10.800000,-0.031390,158800.000000,1745965.000000,190080000.000000,1061037660.000000,0.009023,11.890698,1993-06-30,1993-08-12,,,,5.956337,2.218509
sz000019,1993-08-26,11.200000,11.500000,10.900000,11.150000,-0.013274,241300.000000,2699920.000000,196240000.000000,1095423140.000000,0.013710,12.276043,1993-06-30,1993-08-12,,,,6.149366,2.290404
sz000019,1993-08-25,11.850000,11.850000,10.800000,11.300000,-0.046414,340200.000000,3861360.000000,198880000.000000,1110159780.000000,0.019330,12.441187,1993-06-30,1993-08-12,,,,6.232091,2.321216
sz000019,1993-08-24,10.000000,11.900000,9.500000,11.850000,0.173267,318600.000000,3476690.000000,208560000.000000,1164194100.000000,0.018102,13.046738,1993-06-30,1993-08-12,,,,6.535426,2.434197
sz000019,1993-08-23,10.650000,10.650000,9.950000,10.100000,-0.064815,172300.000000,1754770.000000,177760000.000000,992266700.000000,0.009790,11.120008,1993-06-30,1993-08-12,,,,5.570280,2.074717
sz000019,1993-08-21,10.800000,10.800000,10.800000,10.800000,0.000000,4392.000000,47433.600000,190080000.000000,1061037660.000000,0.000250,11.890704,1993-06-30,1993-08-12,,,,5.956340,2.218510
sz000019,1993-08-20,11.450000,11.450000,10.400000,10.800000,-0.056769,269600.000000,2899825.000000,190080000.000000,1061037660.000000,0.015318,11.890704,1993-06-30,1993-08-12,,,,5.956340,2.218510
sz000019,1993-08-19,12.150000,12.200000,11.300000,11.450000,-0.057613,190600.000000,2237990.000000,201520000.000000,1124896410.000000,0.010830,12.606354,1993-06-30,1993-08-12,,,,6.314827,2.352032
sz000019,1993-08-18,11.450000,13.000000,10.800000,12.150000,0.047414,528400.000000,6352055.000000,213840000.000000,1193667370.000000,0.030023,13.377046,1993-06-30,1993-08-12,,,,6.700885,2.495824
sz000019,1993-08-17,13.450000,14.300000,11.500000,11.600000,-0.127820,712300.000000,9526290.000000,204160000.000000,1139633040.000000,0.040472,12.771498,1993-06-30,1993-08-12,,,,6.397551,2.382844
sz000019,1993-08-16,11.450000,13.300000,11.450000,13.300000,0.176991,611700.000000,7657250.000000,234080000.000000,1306648230.000000,0.034756,14.643191,1993-06-30,1993-08-12,,,,7.335127,2.732055
sz000019,1993-08-13,10.850000,11.550000,10.850000,11.300000,0.056075,686000.000000,7763435.000000,198880000.000000,1110159780.000000,0.038977,12.441209,1993-06-30,1993-08-12,,,,6.232101,2.321220
sz000019,1993-08-11,10.200000,10.700000,10.050000,10.700000,0.049020,438800.000000,4551890.000000,188320000.000000,1051213240.000000,0.024932,11.780611,1992-12-31,1993-05-07,,,,6.497132,2.197969
sz000019,1993-08-10,10.300000,10.500000,10.000000,10.200000,-0.004878,368800.000000,3796195.000000,179520000.000000,1002091130.000000,0.020955,11.230111,1992-12-31,1993-05-07,,,,6.193526,2.095259
sz000019,1993-08-09,9.800000,10.300000,9.650000,10.250000,0.045918,307800.000000,3073330.000000,180400000.000000,1007003340.000000,0.017489,11.285160,1992-12-31,1993-05-07,,,,6.223886,2.105530
sz000019,1993-08-07,9.800000,9.800000,9.800000,9.800000,0.000000,4002.000000,39219.600000,172480000.000000,962793430.000000,0.000227,10.789718,1992-12-31,1993-05-07,,,,5.950644,2.013093
sz000019,1993-08-06,10.100000,10.100000,9.700000,9.800000,-0.024876,190000.000000,1879015.000000,172480000.000000,962793430.000000,0.010795,10.789718,1992-12-31,1993-05-07,,,,5.950644,2.013093
sz000019,1993-08-05,9.550000,10.450000,9.550000,10.050000,0.069149,197100.000000,1944210.000000,176880000.000000,987354490.000000,0.011199,11.064970,1992-12-31,1993-05-07,,,,6.102449,2.064448
sz000019,1993-08-04,9.350000,9.500000,9.200000,9.400000,-0.005291,113800.000000,1065415.000000,165440000.000000,923495740.000000,0.006466,10.349324,1992-12-31,1993-05-07,,,,5.707763,1.930927
sz000019,1993-08-03,9.700000,9.800000,9.250000,9.450000,-0.030769,126300.000000,1216070.000000,166320000.000000,928407950.000000,0.007176,10.404374,1992-12-31,1993-05-07,,,,5.738123,1.941197
sz000019,1993-08-02,9.900000,10.100000,9.700000,9.750000,-0.005102,250000.000000,2485415.000000,171600000.000000,957881220.000000,0.014205,10.734669,1992-12-31,1993-05-07,,,,5.920284,2.002822
sz000019,1993-07-30,9.150000,10.200000,9.100000,9.800000,0.088889,349500.000000,3356985.000000,172480000.000000,962793430.000000,0.019858,10.789718,1992-12-31,1993-05-07,,,,5.950645,2.013093
sz000019,1993-07-29,8.800000,9.000000,8.300000,9.000000,0.022727,134400.000000,1164015.000000,158400000.000000,884198050.000000,0.007636,9.908924,1992-12-31,1993-05-07,,,,5.464877,1.848759
sz000019,1993-07-28,8.500000,9.000000,8.500000,8.800000,0.035294,242200.000000,2144830.000000,154880000.000000,864549210.000000,0.013761,9.688728,1992-12-31,1993-05-07,,,,5.343437,1.807676
sz000019,1993-07-27,8.300000,8.600000,8.200000,8.500000,0.024096,140600.000000,1185780.000000,149600000.000000,835075940.000000,0.007989,9.358432,1992-12-31,1993-05-07,,,,5.161275,1.746051
sz000019,1993-07-26,8.500000,8.550000,8.200000,8.300000,-0.011905,66100.000000,550230.000000,146080000.000000,815427090.000000,0.003756,9.138237,1992-12-31,1993-05-07,,,,5.039835,1.704968
sz000019,1993-07-23,8.150000,8.500000,8.050000,8.400000,0.037037,141900.000000,1174340.000000,147840000.000000,825251520.000000,0.008063,9.248338,1992-12-31,1993-05-07,,,,5.100557,1.725510
sz000019,1993-07-22,8.000000,8.100000,7.900000,8.100000,0.012500,100300.000000,804940.000000,142560000.000000,795778250.000000,0.005699,8.918041,1992-12-31,1993-05-07,,,,4.918394,1.663885
sz000019,1993-07-21,8.500000,8.500000,7.700000,8.000000,-0.041916,133600.000000,1084650.000000,140800000.000000,785953820.000000,0.007591,8.807941,1992-12-31,1993-05-07,,,,4.857674,1.643343
sz000019,1993-07-20,8.200000,8.350000,7.200000,8.350000,0.006024,117900.000000,916705.000000,146960000.000000,820339300.000000,0.006699,9.193287,1992-12-31,1993-05-07,,,,5.070196,1.715239
sz000019,1993-07-19,8.900000,8.900000,8.100000,8.300000,-0.107527,69600.000000,587840.000000,146080000.000000,815427090.000000,0.003955,9.138238,1992-12-31,1993-05-07,,,,5.039836,1.704968
sz000019,1993-07-17,9.100000,9.300000,9.100000,9.300000,0.021978,3425.000000,31206.000000,163680000.000000,913671320.000000,0.000195,10.239232,1992-12-31,1993-05-07,,,,5.647046,1.910386
sz000019,1993-07-16,9.600000,9.600000,9.000000,9.100000,-0.052083,66900.000000,617665.000000,160160000.000000,894022470.000000,0.003801,10.019034,1992-12-31,1993-05-07,,,,5.525604,1.869303
sz000019,1993-07-15,9.800000,9.900000,9.600000,9.600000,-0.025381,34200.000000,332255.000000,168960000.000000,943144590.000000,0.001943,10.569527,1992-12-31,1993-05-07,,,,5.829207,1.972011
sz000019,1993-07-14,9.800000,10.000000,9.800000,9.850000,0.005102,49600.000000,489635.000000,173360000.000000,967705650.000000,0.002818,10.844778,1992-12-31,1993-05-07,,,,5.981011,2.023366
sz000019,1993-07-13,9.850000,9.950000,9.700000,9.800000,-0.005076,50800.000000,496635.000000,172480000.000000,962793430.000000,0.002886,10.789729,1992-12-31,1993-05-07,,,,5.950650,2.013095
sz000019,1993-07-12,10.000000,10.050000,9.700000,9.850000,-0.039024,89100.000000,882835.000000,173360000.000000,967705650.000000,0.005063,10.844777,1992-12-31,1993-05-07,,,,5.981010,2.023366
sz000019,1993-07-09,10.300000,10.450000,10.200000,10.250000,-0.009662,73300.000000,757845.000000,180400000.000000,1007003340.000000,0.004165,11.285169,1992-12-31,1993-05-07,,,,6.223891,2.105532
sz000019,1993-07-08,10.400000,10.500000,10.300000,10.350000,0.000000,38900.000000,403575.000000,182160000.000000,1016827760.000000,0.002210,11.395270,1992-12-31,1993-05-07,,,,6.284613,2.126074
sz000019,1993-07-07,10.300000,10.700000,10.300000,10.350000,-0.009569,97600.000000,1019080.000000,182160000.000000,1016827760.000000,0.005545,11.395270,1992-12-31,1993-05-07,,,,6.284613,2.126074
sz000019,1993-07-06,10.700000,10.700000,10.300000,10.450000,-0.027907,112700.000000,1176720.000000,183920000.000000,1026652180.000000,0.006403,11.505365,1992-12-31,1993-05-07,,,,6.345332,2.146615
sz000019,1993-07-05,10.650000,11.550000,10.650000,10.750000,-0.048673,132500.000000,1463895.000000,189200000.000000,1056125450.000000,0.007528,11.835663,1992-12-31,1993-05-07,,,,6.527494,2.208240
sz000019,1993-07-03,10.500000,11.300000,10.500000,11.300000,0.076190,5600.000000,59238.000000,198880000.000000,1110159780.000000,0.000318,12.441214,1992-12-31,1993-05-07,,,,6.861462,2.321221
sz000019,1993-07-02,9.900000,10.500000,9.900000,10.500000,0.044776,154400.000000,1551405.000000,184800000.000000,1031564390.000000,0.008773,11.560426,1992-12-31,1993-05-07,,,,6.375698,2.156888
sz000019,1993-07-01,10.200000,10.200000,9.950000,10.050000,-0.014706,93700.000000,940825.000000,176880000.000000,987354490.000000,0.005324,11.064980,1992-12-31,1993-05-07,,,,6.102454,2.064450
sz000019,1993-06-30,10.300000,10.300000,10.200000,10.200000,-0.004878,60700.000000,620670.000000,179520000.000000,1002091130.000000,0.003449,11.230130,1992-12-31,1993-05-07,,,,6.193537,2.095263
sz000019,1993-06-29,10.100000,10.300000,10.100000,10.250000,0.014851,110800.000000,1133250.000000,180400000.000000,1007003340.000000,0.006295,11.285179,1992-12-31,1993-05-07,,,,6.223897,2.105534
sz000019,1993-06-28,10.050000,10.200000,10.000000,10.100000,0.029629,155000.000000,1571000.000000,177760000.000000,992266700.000000,0.008807,11.120036,1992-12-31,1993-05-07,,,,6.132818,2.074722
sz000019,1993-06-25,11.200000,11.350000,10.800000,10.800000,-0.035714,132200.000000,1452530.000000,172800000.000000,964548000.000000,0.008263,10.800041,1992-12-31,1993-05-07,,,,5.956338,2.015019
sz000019,1993-06-24,10.900000,11.200000,10.850000,11.200000,0.032258,119300.000000,1320580.000000,179200000.000000,1000272000.000000,0.007456,11.200040,1992-12-31,1993-05-07,,,,6.176941,2.089649
sz000019,1993-06-23,10.600000,10.900000,10.600000,10.850000,0.023585,56300.000000,607960.000000,173600000.000000,969013500.000000,0.003519,10.850039,1992-12-31,1993-05-07,,,,5.983912,2.024347
sz000019,1993-06-22,10.550000,10.800000,10.500000,10.600000,0.004739,99600.000000,1055870.000000,169600000.000000,946686000.000000,0.006225,10.600037,1992-12-31,1993-05-07,,,,5.846033,1.977703
sz000019,1993-06-21,11.200000,11.550000,10.550000,10.550000,-0.058036,188100.000000,2057840.000000,168800000.000000,942220500.000000,0.011756,10.550041,1992-12-31,1993-05-07,,,,5.818460,1.968375
sz000019,1993-06-19,11.200000,11.200000,11.200000,11.200000,0.000000,70.000000,784.000000,179200000.000000,1000272000.000000,0.000004,11.200046,1992-12-31,1993-05-07,,,,6.176945,2.089650
sz000019,1993-06-18,10.200000,11.200000,10.200000,11.200000,0.098039,97100.000000,1028175.000000,179200000.000000,1000272000.000000,0.006069,11.200046,1992-12-31,1993-05-07,,,,6.176945,2.089650
sz000019,1993-06-17,10.100000,10.250000,10.050000,10.200000,0.004926,45900.000000,465525.000000,163200000.000000,910962000.000000,0.002869,10.200044,1992-12-31,1993-05-07,,,,5.625433,1.903075
sz000019,1993-06-16,10.400000,10.500000,10.100000,10.150000,-0.033333,37200.000000,379820.000000,162400000.000000,906496500.000000,0.002325,10.150045,1992-12-31,1993-05-07,,,,5.597858,1.893746
sz000019,1993-06-15,10.450000,10.700000,10.000000,10.500000,0.019417,130100.000000,1351335.000000,168000000.000000,937755000.000000,0.008131,10.500043,1992-12-31,1993-05-07,,,,5.790886,1.959047
sz000019,1993-06-14,10.500000,10.550000,10.000000,10.300000,-0.063636,105900.000000,1078755.000000,164800000.000000,919893000.000000,0.006619,10.300047,1992-12-31,1993-05-07,,,,5.680586,1.921733
sz000019,1993-06-11,11.600000,11.600000,10.900000,11.000000,-0.043478,43500.000000,491765.000000,176000000.000000,982410000.000000,0.002719,11.000046,1992-12-31,1993-05-07,,,,6.066643,2.052335
sz000019,1993-06-10,11.800000,11.800000,11.400000,11.500000,-0.017094,50900.000000,588815.000000,184000000.000000,1027065000.000000,0.003181,11.500045,1992-12-31,1993-05-07,,,,6.342397,2.145622
sz000019,1993-06-09,12.000000,12.000000,11.700000,11.700000,-0.029046,31200.000000,368340.000000,187200000.000000,1044927000.000000,0.001950,11.700046,1992-12-31,1993-05-07,,,,6.452700,2.182938
sz000019,1993-06-08,12.100000,12.100000,11.800000,12.050000,-0.004132,82500.000000,988565.000000,192800000.000000,1076185500.000000,0.005156,12.050051,1992-12-31,1993-05-07,,,,6.645732,2.248240
sz000019,1993-06-07,12.250000,12.250000,12.000000,12.100000,-0.008197,84300.000000,1019485.000000,193600000.000000,1080651000.000000,0.005269,12.100049,1992-12-31,1993-05-07,,,,6.673306,2.257568
sz000019,1993-06-04,12.350000,12.500000,12.050000,12.200000,-0.012146,142200.000000,1747675.000000,195200000.000000,1089582000.000000,0.008887,12.200053,1992-12-31,1993-05-07,,,,6.728459,2.276226
sz000019,1993-06-03,12.300000,12.550000,12.050000,12.350000,0.008163,179900.000000,2226875.000000,197600000.000000,1102978500.000000,0.011244,12.350056,1992-12-31,1993-05-07,,,,6.811188,2.304213
sz000019,1993-06-02,12.000000,12.400000,11.750000,12.250000,0.025105,84900.000000,1016995.000000,196000000.000000,1094047500.000000,0.005306,12.250059,1992-12-31,1993-05-07,,,,6.756038,2.285556
sz000019,1993-06-01,12.400000,12.600000,11.900000,11.950000,-0.036290,80200.000000,975740.000000,191200000.000000,1067254500.000000,0.005012,11.950053,1992-12-31,1993-05-07,,,,6.590582,2.229583
sz000019,1993-05-31,12.000000,12.400000,11.900000,12.400000,0.033333,158000.000000,1915580.000000,198400000.000000,1107444000.000000,0.009875,12.400051,1992-12-31,1993-05-07,,,,6.838760,2.313541
sz000019,1993-05-28,11.850000,12.100000,11.850000,12.000000,0.008403,110300.000000,1324520.000000,192000000.000000,1071720000.000000,0.006894,12.000053,1992-12-31,1993-05-07,,,,6.618157,2.238911
sz000019,1993-05-27,12.050000,12.150000,11.800000,11.900000,-0.012448,107700.000000,1292260.000000,190400000.000000,1062789000.000000,0.006731,11.900057,1992-12-31,1993-05-07,,,,6.563008,2.220255
sz000019,1993-05-26,12.200000,12.500000,12.050000,12.050000,-0.012295,150700.000000,1860165.000000,192800000.000000,1076185500.000000,0.009419,12.050056,1992-12-31,1993-05-07,,,,6.645734,2.248241
sz000019,1993-05-25,12.000000,12.450000,11.650000,12.200000,0.008264,155800.000000,1903650.000000,195200000.000000,1089582000.000000,0.009737,12.200056,1992-12-31,1993-05-07,,,,6.728461,2.276227
sz000019,1993-05-24,12.450000,12.600000,12.000000,12.100000,-0.083333,128000.000000,1558565.000000,193600000.000000,1080651000.000000,0.008000,12.100061,1992-12-31,1993-05-07,,,,6.673312,2.257570
sz000019,1993-05-21,13.600000,13.600000,13.150000,13.200000,-0.029412,86500.000000,1149155.000000,211200000.000000,1178892000.000000,0.005406,13.200062,1992-12-31,1993-05-07,,,,7.279975,2.462803
sz000019,1993-05-20,13.700000,13.800000,13.400000,13.600000,-0.003663,55400.000000,753865.000000,217600000.000000,1214616000.000000,0.003462,13.600067,1992-12-31,1993-05-07,,,,7.500582,2.537434
sz000019,1993-05-19,14.200000,14.200000,13.550000,13.650000,-0.028470,47100.000000,647330.000000,218400000.000000,1219081500.000000,0.002944,13.650067,1992-12-31,1993-05-07,,,,7.528157,2.546763
sz000019,1993-05-18,13.700000,14.100000,13.400000,14.050000,0.025547,92600.000000,1271625.000000,224800000.000000,1254805500.000000,0.005788,14.050072,1992-12-31,1993-05-07,,,,7.748765,2.621394
sz000019,1993-05-17,14.450000,14.500000,13.500000,13.700000,-0.051903,66500.000000,927795.000000,219200000.000000,1223547000.000000,0.004156,13.700077,1992-12-31,1993-05-07,,,,7.555738,2.556094
sz000019,1993-05-14,14.350000,14.550000,14.200000,14.450000,0.017606,199000.000000,2866100.000000,231200000.000000,1290529500.000000,0.012438,14.450079,1992-12-31,1993-05-07,,,,7.969373,2.696025
sz000019,1993-05-13,13.800000,14.400000,13.800000,14.200000,0.028986,171500.000000,2428750.000000,227200000.000000,1268202000.000000,0.010719,14.200073,1992-12-31,1993-05-07,,,,7.831491,2.649380
sz000019,1993-05-12,13.300000,14.000000,13.300000,13.800000,0.037594,170000.000000,2306700.000000,220800000.000000,1232478000.000000,0.010625,13.800064,1992-12-31,1993-05-07,,,,7.610882,2.574749
sz000019,1993-05-11,13.700000,13.700000,13.200000,13.300000,-0.029197,137000.000000,1825425.000000,212800000.000000,1187823000.000000,0.008563,13.300061,1992-12-31,1993-05-07,,,,7.335126,2.481461
sz000019,1993-05-10,14.100000,14.100000,13.700000,13.700000,-0.028369,129000.000000,1784925.000000,219200000.000000,1223547000.000000,0.008063,13.700062,1992-12-31,1993-05-07,,,,7.555730,2.556091
sz000019,1993-05-07,14.300000,14.350000,13.500000,14.100000,-0.013986,193000.000000,2685600.000000,225600000.000000,1259271000.000000,0.012063,14.100067,1992-12-31,1993-05-07,,,,7.776337,2.630722
sz000019,1993-05-06,14.600000,14.600000,13.550000,14.300000,-0.020548,117000.000000,1639750.000000,228800000.000000,1277133000.000000,0.007313,14.300068,,,,,,,2.668037
sz000019,1993-05-05,14.800000,15.300000,14.500000,14.600000,-0.045752,59000.000000,874850.000000,233600000.000000,1303926000.000000,0.003687,14.600070,,,,,,,2.724010
sz000019,1993-05-04,15.150000,15.450000,15.000000,15.300000,-0.006494,65500.000000,994725.000000,244800000.000000,1366443000.000000,0.004094,15.300079,,,,,,,2.854614
sz000019,1993-05-03,15.600000,15.750000,15.200000,15.400000,-0.009646,62000.000000,952500.000000,246400000.000000,1375374000.000000,0.003875,15.400087,,,,,,,2.873273
sz000019,1993-04-30,15.400000,15.700000,15.400000,15.550000,0.009740,111500.000000,1732700.000000,248800000.000000,1388770500.000000,0.006969,15.550083,,,,,,,2.901259
sz000019,1993-04-29,15.700000,15.700000,15.400000,15.400000,-0.019108,41500.000000,643825.000000,246400000.000000,1375374000.000000,0.002594,15.400087,,,,,,,2.873273
sz000019,1993-04-28,15.800000,15.800000,15.500000,15.700000,0.006410,54500.000000,855850.000000,251200000.000000,1402167000.000000,0.003406,15.700084,,,,,,,2.929245
sz000019,1993-04-27,15.900000,15.900000,15.550000,15.600000,-0.006369,60500.000000,950950.000000,249600000.000000,1393236000.000000,0.003781,15.600087,,,,,,,2.910588
sz000019,1993-04-26,15.700000,15.900000,15.350000,15.700000,0.000000,110500.000000,1729050.000000,251200000.000000,1402167000.000000,0.006906,15.700081,,,,,,,2.929245
sz000019,1993-04-23,15.600000,15.900000,15.500000,15.700000,0.003195,117000.000000,1835825.000000,251200000.000000,1402167000.000000,0.007313,15.700081,,,,,,,2.929245
sz000019,1993-04-22,16.000000,16.000000,15.650000,15.650000,-0.018809,110000.000000,1742950.000000,250400000.000000,1397701500.000000,0.006875,15.650079,,,,,,,2.919916
sz000019,1993-04-21,16.000000,16.300000,15.800000,15.950000,-0.003125,69000.000000,1106250.000000,255200000.000000,1424494500.000000,0.004313,15.950084,,,,,,,2.975889
sz000019,1993-04-20,16.000000,16.200000,15.900000,16.000000,-0.006211,109000.000000,1750100.000000,256000000.000000,1428960000.000000,0.006812,16.000084,,,,,,,2.985218
sz000019,1993-04-19,16.600000,16.800000,15.900000,16.100000,-0.027190,174000.000000,2843100.000000,257600000.000000,1437891000.000000,0.010875,16.100082,,,,,,,3.003875
sz000019,1993-04-16,16.450000,16.800000,16.200000,16.550000,0.009146,470500.000000,7785825.000000,264800000.000000,1478080500.000000,0.029406,16.550079,,,,,,,3.087833
sz000019,1993-04-15,16.350000,16.400000,15.800000,16.400000,0.012346,301500.000000,4885525.000000,262400000.000000,1464684000.000000,0.018844,16.400083,,,,,,,3.059848
sz000019,1993-04-14,16.600000,16.650000,15.700000,16.200000,-0.024096,288000.000000,4678325.000000,259200000.000000,1446822000.000000,0.018000,16.200077,,,,,,,3.022532
sz000019,1993-04-13,15.700000,16.700000,15.500000,16.600000,0.057325,432500.000000,6963650.000000,265600000.000000,1482546000.000000,0.027031,16.600073,,,,,,,3.097161
sz000019,1993-04-12,15.650000,16.100000,15.500000,15.700000,0.012903,347000.000000,5421950.000000,251200000.000000,1402167000.000000,0.021687,15.700066,,,,,,,2.929242
sz000019,1993-04-09,15.600000,16.100000,15.400000,15.500000,-0.009585,257500.000000,4066275.000000,248000000.000000,1384305000.000000,0.016094,15.500069,,,,,,,2.891927
sz000019,1993-04-08,15.450000,15.950000,15.450000,15.650000,0.012945,256000.000000,4013675.000000,250400000.000000,1397701500.000000,0.016000,15.650075,,,,,,,2.919915
sz000019,1993-04-07,15.300000,15.800000,15.300000,15.450000,0.016447,173000.000000,2697825.000000,247200000.000000,1379839500.000000,0.010812,15.450074,,,,,,,2.882600
sz000019,1993-04-06,15.200000,15.500000,14.900000,15.200000,0.000000,130500.000000,1973075.000000,243200000.000000,1357512000.000000,0.008156,15.200078,,,,,,,2.835957
sz000019,1993-04-05,15.700000,15.750000,15.150000,15.200000,-0.034921,140000.000000,2150050.000000,243200000.000000,1357512000.000000,0.008750,15.200078,,,,,,,2.835957
sz000019,1993-04-02,16.000000,16.050000,15.700000,15.750000,-0.021739,162500.000000,2578425.000000,252000000.000000,1406632500.000000,0.010156,15.750087,,,,,,,2.938575
sz000019,1993-04-01,16.100000,16.300000,16.000000,16.100000,-0.009231,197500.000000,3190400.000000,257600000.000000,1437891000.000000,0.012344,16.100087,,,,,,,3.003876
sz000019,1993-03-31,16.600000,16.650000,16.000000,16.250000,-0.015152,235500.000000,3845975.000000,260000000.000000,1451287500.000000,0.014719,16.250091,,,,,,,3.031863
sz000019,1993-03-30,16.000000,16.600000,15.500000,16.500000,0.031250,160000.000000,2551150.000000,264000000.000000,1473615000.000000,0.010000,16.500101,,,,,,,3.078508
sz000019,1993-03-29,16.400000,16.650000,16.000000,16.000000,-0.024390,203500.000000,3321025.000000,256000000.000000,1428960000.000000,0.012719,16.000098,,,,,,,2.985220
sz000019,1993-03-26,16.400000,16.800000,16.300000,16.400000,0.009231,334000.000000,5542275.000000,262400000.000000,1464684000.000000,0.020875,16.400096,,,,,,,3.059850
sz000019,1993-03-25,14.600000,16.350000,14.600000,16.250000,0.113014,279500.000000,4389600.000000,260000000.000000,1451287500.000000,0.017469,16.250091,,,,,,,3.031863
sz000019,1993-03-24,15.100000,15.500000,14.450000,14.600000,-0.039474,224000.000000,3364425.000000,233600000.000000,1303926000.000000,0.014000,14.600078,,,,,,,2.724012
sz000019,1993-03-23,15.100000,15.700000,14.800000,15.200000,0.006623,268500.000000,4083000.000000,243200000.000000,1357512000.000000,0.016781,15.200086,,,,,,,2.835958
sz000019,1993-03-22,16.550000,16.550000,15.000000,15.100000,-0.087613,144000.000000,2244550.000000,241600000.000000,1348581000.000000,0.009000,15.100079,,,,,,,2.817299
sz000019,1993-03-19,16.500000,16.700000,16.500000,16.550000,0.000000,106000.000000,1756925.000000,264800000.000000,1478080500.000000,0.006625,16.550081,,,,,,,3.087834
sz000019,1993-03-18,16.300000,16.700000,16.000000,16.550000,0.015337,148000.000000,2437450.000000,264800000.000000,1478080500.000000,0.009250,16.550081,,,,,,,3.087834
sz000019,1993-03-17,16.700000,16.800000,16.100000,16.300000,-0.023952,134500.000000,2210900.000000,260800000.000000,1455753000.000000,0.008406,16.300086,,,,,,,3.041191
sz000019,1993-03-16,16.700000,16.800000,16.400000,16.700000,0.000000,157500.000000,2632325.000000,267200000.000000,1491477000.000000,0.009844,16.700087,,,,,,,3.115821
sz000019,1993-03-15,17.800000,17.800000,16.200000,16.700000,-0.059155,270000.000000,4574550.000000,267200000.000000,1491477000.000000,0.016875,16.700087,,,,,,,3.115821
sz000019,1993-03-12,17.500000,17.800000,17.000000,17.750000,0.017192,305500.000000,5343325.000000,284000000.000000,1585252500.000000,0.019094,17.750094,,,,,,,3.311726
sz000019,1993-03-11,17.000000,17.800000,17.000000,17.450000,0.026471,502500.000000,8762925.000000,279200000.000000,1558459500.000000,0.031406,17.450092,,,,,,,3.255753
sz000019,1993-03-10,15.800000,17.000000,15.800000,17.000000,0.075949,335000.000000,5492200.000000,272000000.000000,1518270000.000000,0.020938,17.000083,,,,,,,3.171793
sz000019,1993-03-09,16.100000,16.400000,15.500000,15.800000,-0.027692,216500.000000,3460025.000000,252800000.000000,1411098000.000000,0.013531,15.800082,,,,,,,2.947902
sz000019,1993-03-08,16.100000,16.800000,15.900000,16.250000,0.009317,457000.000000,7443150.000000,260000000.000000,1451287500.000000,0.028563,16.250079,,,,,,,3.031861
sz000019,1993-03-05,17.350000,17.450000,16.000000,16.100000,-0.072046,225500.000000,3827125.000000,257600000.000000,1437891000.000000,0.014094,16.100075,,,,,,,3.003874
sz000019,1993-03-04,17.550000,17.750000,16.950000,17.350000,-0.011396,379500.000000,6582225.000000,277600000.000000,1549528500.000000,0.023719,17.350079,,,,,,,3.237093
sz000019,1993-03-03,17.900000,18.100000,17.500000,17.550000,-0.016807,257500.000000,4590425.000000,280800000.000000,1567390500.000000,0.016094,17.550079,,,,,,,3.274408
sz000019,1993-03-02,18.300000,18.350000,17.700000,17.850000,-0.024590,207500.000000,3720650.000000,285600000.000000,1594183500.000000,0.012969,17.850086,,,,,,,3.330382
sz000019,1993-03-01,18.700000,18.850000,18.000000,18.300000,-0.021390,241000.000000,4423525.000000,292800000.000000,1634373000.000000,0.015062,18.300085,,,,,,,3.414341
sz000019,1993-02-26,19.000000,19.400000,18.700000,18.700000,-0.015789,332500.000000,6309450.000000,299200000.000000,1670097000.000000,0.020781,18.700080,,,,,,,3.488970
sz000019,1993-02-25,18.300000,19.500000,17.800000,19.000000,0.038251,550500.000000,10324425.000000,304000000.000000,1696890000.000000,0.034406,19.000072,,,,,,,3.544941
sz000019,1993-02-24,19.200000,19.400000,18.200000,18.300000,-0.041885,440000.000000,8317375.000000,292800000.000000,1634373000.000000,0.027500,18.300075,,,,,,,3.414339
sz000019,1993-02-23,19.600000,19.600000,19.000000,19.100000,-0.025510,466000.000000,8985550.000000,305600000.000000,1705821000.000000,0.029125,19.100082,,,,,,,3.563600
sz000019,1993-02-22,20.150000,21.000000,19.400000,19.600000,-0.020000,1356500.000000,27683850.000000,313600000.000000,1750476000.000000,0.084781,19.600080,,,,,,,3.656888
sz000019,1993-02-19,18.700000,20.200000,18.700000,20.000000,0.069519,1274500.000000,24919950.000000,320000000.000000,1786200000.000000,0.079656,20.000082,,,,,,,3.731518
sz000019,1993-02-18,19.950000,20.100000,18.700000,18.700000,-0.055556,794000.000000,15423900.000000,299200000.000000,1670097000.000000,0.049625,18.700072,,,,,,,3.488968
sz000019,1993-02-17,18.300000,20.000000,17.600000,19.800000,0.081967,1150500.000000,21093175.000000,316800000.000000,1768338000.000000,0.071906,19.800085,,,,,,,3.694204
sz000019,1993-02-16,19.600000,19.700000,18.200000,18.300000,-0.063939,595500.000000,11119500.000000,292800000.000000,1634373000.000000,0.037219,18.300082,,,,,,,3.414340
sz000019,1993-02-15,19.800000,20.700000,19.400000,19.550000,-0.012626,884000.000000,17448150.000000,312800000.000000,1746010500.000000,0.055250,19.550096,,,,,,,3.647562
sz000019,1993-02-12,20.500000,20.600000,18.900000,19.800000,-0.041162,1210000.000000,24128575.000000,316800000.000000,1768338000.000000,0.075625,19.800092,,,,,,,3.694205
sz000019,1993-02-11,21.500000,21.550000,20.500000,20.650000,-0.035047,825500.000000,17398775.000000,330400000.000000,1844251500.000000,0.051594,20.650091,,,,,,,3.852793
sz000019,1993-02-10,22.200000,22.500000,21.200000,21.400000,-0.036036,743000.000000,16064425.000000,342400000.000000,1911234000.000000,0.046437,21.400100,,,,,,,3.992727
sz000019,1993-02-09,23.000000,23.200000,21.400000,22.200000,-0.030568,1501500.000000,33232000.000000,355200000.000000,1982682000.000000,0.093844,22.200103,,,,,,,4.141987
sz000019,1993-02-08,21.000000,23.000000,21.000000,22.900000,0.095694,1598500.000000,35939300.000000,366400000.000000,2045199000.000000,0.099906,22.900114,,,,,,,4.272592
sz000019,1993-02-05,20.000000,20.950000,20.000000,20.900000,0.047619,1837500.000000,37773450.000000,334400000.000000,1866579000.000000,0.114844,20.900100,,,,,,,3.899439
sz000019,1993-02-04,19.200000,20.000000,18.900000,19.950000,0.039063,1389500.000000,27282100.000000,319200000.000000,1781734500.000000,0.086844,19.950096,,,,,,,3.722192
sz000019,1993-02-03,19.500000,20.100000,19.100000,19.200000,-0.015385,1331000.000000,26099825.000000,307200000.000000,1714752000.000000,0.083187,19.200083,,,,,,,3.582258
sz000019,1993-02-02,18.000000,19.700000,18.000000,19.500000,0.089385,1672500.000000,32001750.000000,312000000.000000,1741545000.000000,0.104531,19.500092,,,,,,,3.638232
sz000019,1993-02-01,15.400000,18.000000,15.400000,17.900000,0.162338,1449000.000000,25295475.000000,286400000.000000,1598649000.000000,0.090562,17.900093,,,,,,,3.339712
sz000019,1993-01-19,15.000000,15.850000,14.850000,15.400000,0.033557,865000.000000,13312450.000000,246400000.000000,1375374000.000000,0.054062,15.400075,,,,,,,2.873271
sz000019,1993-01-18,15.000000,15.000000,14.800000,14.900000,-0.003344,367500.000000,5465575.000000,238400000.000000,1330719000.000000,0.022969,14.900073,,,,,,,2.779983
sz000019,1993-01-15,14.950000,15.000000,14.600000,14.950000,0.006734,246500.000000,3652875.000000,239200000.000000,1335184500.000000,0.015406,14.950066,,,,,,,2.789311
sz000019,1993-01-14,15.100000,15.250000,14.500000,14.850000,-0.013289,314500.000000,4701275.000000,237600000.000000,1326253500.000000,0.019656,14.850066,,,,,,,2.770653
sz000019,1993-01-13,14.800000,15.400000,14.600000,15.050000,0.016892,358500.000000,5393700.000000,240800000.000000,1344115500.000000,0.022406,15.050066,,,,,,,2.807968
sz000019,1993-01-12,15.600000,15.700000,14.800000,14.800000,-0.045161,700000.000000,10653100.000000,236800000.000000,1321788000.000000,0.043750,14.800064,,,,,,,2.761324
sz000019,1993-01-11,15.500000,15.800000,15.400000,15.500000,0.000000,924500.000000,14422850.000000,248000000.000000,1384305000.000000,0.057781,15.500062,,,,,,,2.891926
sz000019,1993-01-08,14.950000,15.500000,14.800000,15.500000,0.047297,999000.000000,15074925.000000,248000000.000000,1384305000.000000,0.062437,15.500062,,,,,,,2.891926
sz000019,1993-01-07,14.600000,14.900000,14.600000,14.800000,0.013699,585000.000000,8615000.000000,236800000.000000,1321788000.000000,0.036562,14.800063,,,,,,,2.761324
sz000019,1993-01-06,14.500000,14.700000,14.300000,14.600000,0.013889,509000.000000,7397150.000000,233600000.000000,1303926000.000000,0.031813,14.600057,,,,,,,2.724008
sz000019,1993-01-05,14.000000,14.900000,14.000000,14.400000,0.017668,706000.000000,10201800.000000,230400000.000000,1286064000.000000,0.044125,14.400055,,,,,,,2.686692
sz000019,1993-01-04,14.950000,15.300000,14.100000,14.150000,-0.043919,1120500.000000,16647325.000000,226400000.000000,1263736500.000000,0.070031,14.150052,,,,,,,2.640048
sz000019,1993-01-03,13.300000,14.800000,13.300000,14.800000,0.112782,807000.000000,11339225.000000,236800000.000000,1321788000.000000,0.050438,14.800055,,,,,,,2.761322
sz000019,1992-12-31,13.250000,13.800000,13.250000,13.300000,0.015267,878000.000000,11871925.000000,212800000.000000,1187823000.000000,0.054875,13.300049,,,,,,,2.481458
sz000019,1992-12-30,12.400000,13.100000,12.400000,13.100000,0.056452,459500.000000,5802450.000000,209600000.000000,1169961000.000000,0.028719,13.100051,,,,,,,2.444144
sz000019,1992-12-29,12.300000,12.400000,12.200000,12.400000,0.012245,181000.000000,2234225.000000,198400000.000000,1107444000.000000,0.011312,12.400043,,,,,,,2.313540
sz000019,1992-12-28,12.200000,12.400000,12.200000,12.250000,0.004098,174500.000000,2147025.000000,196000000.000000,1094047500.000000,0.010906,12.250042,,,,,,,2.285553
sz000019,1992-12-25,12.250000,12.250000,12.000000,12.200000,0.000000,132500.000000,1608100.000000,195200000.000000,1089582000.000000,0.008281,12.200046,,,,,,,2.276225
sz000019,1992-12-24,12.100000,12.300000,12.050000,12.200000,0.012448,118000.000000,1431875.000000,195200000.000000,1089582000.000000,0.007375,12.200046,,,,,,,2.276225
sz000019,1992-12-23,12.100000,12.300000,12.000000,12.050000,0.004167,112000.000000,1355850.000000,192800000.000000,1076185500.000000,0.007000,12.050047,,,,,,,2.248239
sz000019,1992-12-22,12.500000,12.600000,12.000000,12.000000,-0.032258,166000.000000,2051800.000000,192000000.000000,1071720000.000000,0.010375,12.000043,,,,,,,2.238910
sz000019,1992-12-21,12.450000,12.450000,12.100000,12.400000,0.008130,206000.000000,2537200.000000,198400000.000000,1107444000.000000,0.012875,12.400043,,,,,,,2.313540
sz000019,1992-12-18,12.000000,12.300000,12.000000,12.300000,0.012346,135000.000000,1642025.000000,196800000.000000,1098513000.000000,0.008438,12.300044,,,,,,,2.294882
sz000019,1992-12-17,12.400000,12.700000,12.150000,12.150000,-0.008163,106500.000000,1313275.000000,194400000.000000,1085116500.000000,0.006656,12.150040,,,,,,,2.266895
sz000019,1992-12-16,12.000000,12.400000,11.800000,12.250000,0.012397,135500.000000,1646475.000000,196000000.000000,1094047500.000000,0.008469,12.250037,,,,,,,2.285552
sz000019,1992-12-15,12.000000,12.350000,11.800000,12.100000,-0.032000,175000.000000,2111050.000000,193600000.000000,1080651000.000000,0.010937,12.100033,,,,,,,2.257565
sz000019,1992-12-14,12.800000,12.800000,12.400000,12.500000,-0.011858,173500.000000,2179750.000000,200000000.000000,1116375000.000000,0.010844,12.500034,,,,,,,2.332195
sz000019,1992-12-11,12.300000,13.600000,12.300000,12.650000,0.041152,212500.000000,2719450.000000,202400000.000000,1129771500.000000,0.013281,12.650038,,,,,,,2.360182
sz000019,1992-12-10,12.500000,12.900000,12.000000,12.150000,-0.028000,288500.000000,3586250.000000,194400000.000000,1085116500.000000,0.018031,12.150039,,,,,,,2.266895
sz000019,1992-12-09,13.150000,13.150000,12.400000,12.500000,-0.060150,304000.000000,3867600.000000,200000000.000000,1116375000.000000,0.019000,12.500041,,,,,,,2.332197
sz000019,1992-12-08,13.700000,13.750000,13.200000,13.300000,-0.029197,482000.000000,6458125.000000,212800000.000000,1187823000.000000,0.030125,13.300038,,,,,,,2.481456
sz000019,1992-12-07,13.200000,13.900000,13.200000,13.700000,0.045802,827500.000000,11280700.000000,219200000.000000,1223547000.000000,0.051719,13.700038,,,,,,,2.556086
sz000019,1992-12-04,12.200000,13.150000,12.150000,13.100000,0.073770,446500.000000,5719875.000000,209600000.000000,1169961000.000000,0.027906,13.100030,,,,,,,2.444140
sz000019,1992-12-03,12.550000,12.950000,12.200000,12.200000,-0.039370,356500.000000,4465750.000000,195200000.000000,1089582000.000000,0.022281,12.200034,,,,,,,2.276223
sz000019,1992-12-02,13.500000,14.000000,12.500000,12.700000,-0.052239,572500.000000,7706925.000000,203200000.000000,1134237000.000000,0.035781,12.700034,,,,,,,2.369511
sz000019,1992-12-01,13.500000,13.500000,12.650000,13.400000,-0.003717,518000.000000,6857075.000000,214400000.000000,1196754000.000000,0.032375,13.400039,,,,,,,2.500114
sz000019,1992-11-30,12.550000,13.750000,12.550000,13.450000,0.084677,676500.000000,9029050.000000,215200000.000000,1201219500.000000,0.042281,13.450032,,,,,,,2.509442
sz000019,1992-11-27,12.850000,12.850000,11.700000,12.400000,-0.023622,436000.000000,5359050.000000,198400000.000000,1107444000.000000,0.027250,12.400035,,,,,,,2.313538
sz000019,1992-11-26,11.500000,13.000000,11.500000,12.700000,0.099567,564500.000000,6964850.000000,203200000.000000,1134237000.000000,0.035281,12.700035,,,,,,,2.369511
sz000019,1992-11-25,11.200000,11.550000,11.000000,11.550000,0.031250,177000.000000,2009350.000000,184800000.000000,1031530500.000000,0.011063,11.550033,,,,,,,2.154949
sz000019,1992-11-24,10.600000,11.200000,10.400000,11.200000,0.041860,165500.000000,1806250.000000,179200000.000000,1000272000.000000,0.010344,11.200032,,,,,,,2.089647
sz000019,1992-11-23,11.500000,11.500000,10.400000,10.750000,-0.073276,230000.000000,2480875.000000,172000000.000000,960082500.000000,0.014375,10.750035,,,,,,,2.005689
sz000019,1992-11-20,12.000000,12.500000,11.600000,11.600000,-0.041322,232000.000000,2793475.000000,185600000.000000,1035996000.000000,0.014500,11.600040,,,,,,,2.164279
sz000019,1992-11-19,11.750000,12.100000,11.500000,12.100000,0.043103,467000.000000,5532025.000000,193600000.000000,1080651000.000000,0.029188,12.100038,,,,,,,2.257566
sz000019,1992-11-18,10.200000,12.000000,10.200000,11.600000,0.160000,278000.000000,3072650.000000,185600000.000000,1035996000.000000,0.017375,11.600041,,,,,,,2.164279
sz000019,1992-11-17,10.600000,10.600000,9.200000,10.000000,-0.065421,291000.000000,2919500.000000,160000000.000000,893100000.000000,0.018187,10.000035,,,,,,,1.865758
sz000019,1992-11-16,12.200000,12.200000,10.500000,10.700000,-0.122951,207000.000000,2371825.000000,171200000.000000,955617000.000000,0.012937,10.700043,,,,,,,1.996362
sz000019,1992-11-13,12.700000,12.700000,12.000000,12.200000,-0.039370,186000.000000,2268275.000000,195200000.000000,1089582000.000000,0.011625,12.200051,,,,,,,2.276226
sz000019,1992-11-12,12.700000,13.150000,12.500000,12.700000,0.011952,224500.000000,2870975.000000,203200000.000000,1134237000.000000,0.014031,12.700052,,,,,,,2.369514
sz000019,1992-11-11,13.200000,13.200000,12.300000,12.550000,-0.045627,123000.000000,1579750.000000,200800000.000000,1120840500.000000,0.007687,12.550054,,,,,,,2.341528
sz000019,1992-11-10,13.100000,13.400000,13.000000,13.150000,-0.003788,147500.000000,1938375.000000,210400000.000000,1174426500.000000,0.009219,13.150052,,,,,,,2.453473
sz000019,1992-11-09,13.400000,13.500000,13.000000,13.200000,-0.014925,117000.000000,1553725.000000,211200000.000000,1178892000.000000,0.007313,13.200053,,,,,,,2.462802
sz000019,1992-11-06,13.500000,13.600000,13.300000,13.400000,-0.007407,133500.000000,1786425.000000,214400000.000000,1196754000.000000,0.008344,13.400049,,,,,,,2.500116
sz000019,1992-11-05,13.600000,13.850000,13.450000,13.500000,-0.007353,100500.000000,1369025.000000,216000000.000000,1205685000.000000,0.006281,13.500044,,,,,,,2.518772
sz000019,1992-11-04,14.000000,14.000000,13.550000,13.600000,-0.028571,117000.000000,1621175.000000,217600000.000000,1214616000.000000,0.007313,13.600045,,,,,,,2.537430
sz000019,1992-11-03,13.650000,14.100000,13.000000,14.000000,0.014493,253000.000000,3445700.000000,224000000.000000,1250340000.000000,0.015813,14.000040,,,,,,,2.612059
sz000019,1992-11-02,14.650000,14.650000,12.850000,13.800000,-0.058020,374000.000000,5213925.000000,220800000.000000,1232478000.000000,0.023375,13.800036,,,,,,,2.574744
sz000019,1992-10-30,14.150000,14.750000,14.150000,14.650000,0.046429,525000.000000,7630050.000000,234400000.000000,1308391500.000000,0.032813,14.650031,,,,,,,2.733332
sz000019,1992-10-29,12.600000,14.200000,12.600000,14.000000,0.120000,175500.000000,2310350.000000,224000000.000000,1250340000.000000,0.010969,14.000024,,,,,,,2.612056
sz000019,1992-10-28,12.500000,12.500000,12.000000,12.500000,0.008065,192500.000000,2383875.000000,200000000.000000,1116375000.000000,0.012031,12.500021,,,,,,,2.332193
sz000019,1992-10-27,12.400000,12.700000,12.200000,12.400000,0.000000,256500.000000,3168825.000000,198400000.000000,1107444000.000000,0.016031,12.400015,,,,,,,2.313535
sz000019,1992-10-26,13.800000,13.800000,12.000000,12.400000,-0.111111,327000.000000,4036625.000000,198400000.000000,1107444000.000000,0.020438,12.400015,,,,,,,2.313535
sz000019,1992-10-23,14.050000,14.050000,13.800000,13.950000,-0.007117,214000.000000,2979450.000000,223200000.000000,1245874500.000000,0.013375,13.950016,,,,,,,2.602726
sz000019,1992-10-22,14.200000,14.200000,13.500000,14.050000,-0.007067,220000.000000,3060575.000000,224800000.000000,1254805500.000000,0.013750,14.050009,,,,,,,2.621382
sz000019,1992-10-21,14.800000,14.900000,13.900000,14.150000,-0.050336,141500.000000,2042550.000000,226400000.000000,1263736500.000000,0.008844,14.150008,,,,,,,2.640040
sz000019,1992-10-20,14.850000,15.400000,14.800000,14.900000,0.006757,188500.000000,2824950.000000,238400000.000000,1330719000.000000,0.011781,14.900015,,,,,,,2.779972
sz000019,1992-10-19,15.500000,15.500000,14.700000,14.800000,-0.045161,203000.000000,3057050.000000,236800000.000000,1321788000.000000,0.012688,14.800011,,,,,,,2.761314
sz000019,1992-10-16,15.600000,15.600000,15.300000,15.500000,-0.006410,200500.000000,3108775.000000,248000000.000000,1384305000.000000,0.012531,15.500007,,,,,,,2.891916
sz000019,1992-10-15,15.800000,15.800000,15.200000,15.600000,-0.003195,212500.000000,3277800.000000,249600000.000000,1393236000.000000,0.013281,15.600003,,,,,,,2.910573
sz000019,1992-10-14,16.000000,16.100000,15.600000,15.650000,-0.027950,199000.000000,3139475.000000,250400000.000000,1397701500.000000,0.012438,15.650005,,,,,,,2.919902
sz000019,1992-10-13,16.200000,16.400000,16.000000,16.100000,-0.003096,476500.000000,7682825.000000,257600000.000000,1437891000.000000,0.029781,16.100000,,,,,,,3.003860
sz000019,1992-10-12,15.600000,16.600000,15.600000,16.150000,6.690476,553500.000000,9017675.000000,258400000.000000,1442356500.000000,0.034594,16.150000,,,,,,,3.013188